22.9211221688565 37.4725135657124 2.4324774370332 19.6654113950682
21.9494245493557 40.4190779411353 2.59727740830637 19.5175924450634
23.1334404930245 41.9629969721074 3.30910410832509 22.2929251632196
23.2315918313112 44.0409277232687 2.98241757004926 24.3226203024862
21.3713566887896 43.4742392150077 4.09325453694383 22.0805458510769
20.8354047792598 44.4240062268223 1.96104769763695 21.0123435929892
19.4802831902531 45.1665267630174 3.08026385476040 17.0895768739758
19.9721849961613 47.1910836226884 2.78558256629767 15.2389410734651
18.1549003925581 46.7187732723828 0.433172918390483 15.9493078617854
20.4059407268995 42.9700872860842 2.6338159320876 16.0342567684603
20.6099231218937 41.8595899770211 1.31145313940942 17.4530668425992
19.8512842372914 42.7507274023779 1.02944380324334 18.1602752261744
19.8870338496675 39.5429519851283 1.95177983801307 19.9742170113088
18.5793725240694 36.3042140117437 2.59743457096323 22.6358131055668
18.7457717272578 35.9203679592871 3.1988529534944 22.1383659853640
20.127150158131 36.4810223688246 2.17772966156980 22.9449972527242
20.3248788686308 36.1209044490815 2.42036170162527 23.3909480383760
20.9146104743935 36.4097138640345 1.20301961618742 22.7379498478258
21.5688587082781 33.4407741573513 3.33466640440083 26.3600991150597
18.9913834212579 32.3941147687719 2.41049650683334 26.553686475032
20.3842260512035 31.4369684643471 3.15398256878095 27.6062889170134
19.6269355984848 30.1188192236233 2.90961373552407 28.1754544888936
19.4418018190633 35.8200585030844 3.58411046468379 27.6437491577273
18.4054442188214 32.0097104081777 4.80593274651753 28.3210846835902
17.8017348228465 33.4888795870439 5.6525262450027 29.5745369437016
20.2962078793418 35.7807475987567 4.15880030069227 25.6287721934593
