18.3543150567452 39.6074918018536 0.0793614105113853 21.4002586584256
17.9116099544804 38.710750540445 2.39578168862499 22.7299842890069
18.0658059998418 37.2734344574772 4.16200469625 22.2353406964313
18.2545314750637 38.9059214243814 4.87866564138071 22.351499598064
17.5708768798972 37.073379392886 2.29888003587578 23.1078122468297
17.7081299296583 38.6190283051427 2.32313605497178 22.9266870821972
18.3919502386488 38.2434335001479 2.67468416769075 23.8124724758659
17.6313923179768 37.151013587903 2.87119882623665 23.6017430730534
15.8357178412043 40.1504680164163 2.50653226748787 22.9072292159630
15.2867902669789 40.5296525934456 2.57371573359374 22.7412325284874
14.6190871740602 41.3388878382849 1.54525224678218 23.3866466757547
15.1482627325739 41.4930221976381 1.06759045638953 22.9477717722218
14.9973263666387 42.3305432064581 0.350809369021202 22.4570966180797
16.0326596331204 40.9463580549834 1.25670136102835 21.9819752149667
14.735926899656 40.5312839035085 2.41825439160767 23.9124278840061
16.0128965238446 37.9943903932488 2.04338704797023 24.9882522257428
16.5748297646170 35.0143010092366 1.98171521795497 27.4908927059184
16.9305164675222 31.130165783317 3.70036958204582 29.7899346409666
17.3795313087181 32.2848846108481 2.22990607514591 28.9359879141974
18.9222989424021 31.9533147017002 0.795345480285909 28.5601205537157
18.353846000217 34.4012470431237 0.49602345550123 28.1414762242441
17.4476448033826 34.5021954480035 2.32551845815033 26.8409939129581
18.0476651008027 33.735919732455 2.31363256793279 26.3351686836885
17.5251852845539 34.2743323471805 2.3016050590999 26.2975134838106
14.4423057403181 38.8580208947805 0.528217477491125 26.4592559577631
15.7125420856751 40.2710358369253 2.81276381830685 24.7392320987294
