17.7022429116831 39.5068046491611 2.42046312609578 18.9241975433994
18.2748883747325 40.1094529446508 3.52193237951847 19.9253644218116
19.9489459859968 42.4365241685244 3.99191192648264 16.6479750388681
19.8354942741633 42.7448881067629 4.59376694349462 16.3588450207754
22.1933879646302 44.4465446103657 3.89037876710186 19.6394993757989
16.7528169014321 42.2431482588554 4.32046950424204 19.9184390615832
16.0028184321291 43.4504688545746 3.75205095033293 21.4729944724815
15.1445165081924 44.4126162623582 2.29905587299246 21.7687529451921
13.7587188054851 43.1838512654943 1.87379539688118 25.0594738755587
15.3224575364029 42.3203686973532 1.64157851558045 23.8744500165666
14.6514028397387 38.3435294599724 3.15029715472698 24.9703578843781
14.1505348178241 39.541404999279 2.37416989920527 27.8364557285839
14.4904925745798 36.5846070969529 3.01547828716122 27.2513316503529
14.2214067100433 37.2376457670882 4.05029838978209 27.3729363122081
13.8454735871460 36.4294449701983 3.64553888747533 27.0747039518302
12.8200350260418 38.8189598807212 2.82796150655550 27.3099829941049
13.4700488740649 41.4033849489756 3.32242536661279 25.5648284065529
15.0999259958223 36.5902483494833 4.77011248722016 26.8212608798920
11.5860317293733 36.5818165195056 4.36159020472593 29.3677073569550
14.1206991654068 34.1035840358115 6.23082756247646 29.7914205343245
16.6848326251090 29.6514282022344 3.97538857135265 29.9516515713899
17.2041610591292 33.4547313612860 5.00978732268601 29.5546066799054
17.7493332986987 35.6563124719981 5.9705840347778 26.7013169593358
14.8968280543841 37.1054477279980 2.88812304320521 26.4090858377747
17.6891024205170 36.9532405066278 3.39798792980473 27.7576230026507
17.362512292274 34.8784681261177 2.97920378879824 24.9615086324239
