15.8756801366498 41.9309496776098 8.72679088122087 23.5527893977751
15.8171155053814 41.9078110527115 8.22466228340628 20.9539812041958
16.7792545730145 37.6103924539753 6.781029881101 20.0401404884224
14.5690568281234 37.5512553938666 5.71213373577398 23.4693367716436
13.5479769101217 40.3909486360849 4.52199457924058 22.0314540455629
17.4121060445755 37.5941233494627 5.01226373289498 22.9490826009817
17.8739427653923 39.1576190703252 1.72652765519703 21.9730138705156
16.9055141001646 38.9409087752138 5.84980744349556 22.5229063062973
16.8163616792937 37.2578170814157 5.79823358503344 23.1059161400518
15.7815564131071 34.6451179487427 6.71785295924346 23.1022665912107
17.041845280935 39.9631220879761 8.91222330375748 20.5753841392517
12.5952732304828 43.7504450934735 9.77457245422701 19.4781020499587
13.6014815594937 42.3162750053551 10.5328875498776 22.10657946596
9.68144337161734 44.5007687665438 7.66522152260177 20.9257102684871
8.92665150369807 44.8589892217806 6.24761808458016 21.0816041828886
12.1851692328165 43.5040132164959 5.26391200166427 20.1701605070204
12.4256635064195 49.6313719101254 4.25294950212584 19.8050817588166
14.8581377750742 45.7448275391017 3.44082560184643 20.4930815996424
13.4382263711770 47.8979842766486 3.60466382377081 22.4072007519946
12.0784896544022 47.2583737290763 1.60709288204089 24.2290622211814
13.1145139668910 48.1100616745836 3.30727016138795 25.573014730756
9.88482980159505 46.2267907170764 1.99108573729123 25.5738762134507
14.6299456964193 46.1074319367482 0.569668228039518 26.6746776683077
12.6253973851858 41.1954656203463 2.45996591029689 26.1434667046935
11.2765725870563 42.0923395079746 6.14836659980938 22.5324855560258
13.4908747385202 40.1174575534834 7.07304273429327 25.5317771054626
