19.2608797858872 39.6944117401859 7.13637853931952 25.0990748473840
20.7125236970775 42.9653716953603 8.75436239625644 24.7991504691006
18.2208680215540 44.7749300645796 7.63988309359495 26.3999205151906
21.2880510597738 47.9535113312436 7.37834931776244 26.1685927821656
21.0741039786716 47.5520349344233 4.4456069724776 26.2530846096908
18.5509951276131 47.720797474868 0.884604788539197 23.4361626761022
18.509473585818 46.9048686780961 1.12173862452619 19.3799827484402
16.6750848687403 44.0498332346076 2.09900916460901 20.8408071582313
19.8994315092601 44.7993504816884 2.40164647919267 23.2886687058132
20.0275742107220 41.336387431457 3.98957456501342 21.5727096886482
19.4712904368676 40.0358194869229 3.55145584249078 21.1312314930480
21.287934885914 43.3691650827921 6.13288704609859 20.6814811191399
19.7051717572993 38.3128352406009 7.646657901829 20.1580120398540
19.1820443059377 38.4134963446803 7.04065775374822 21.2469064731960
18.6181704272575 36.8287994552909 9.06479370120853 24.8053763293539
16.7212591665856 38.271624118412 8.26946394347526 23.6570370140363
19.8006629115961 39.0943734458676 6.05066717733008 20.2979317176033
18.5343730183714 40.9635028459024 6.65203840637336 19.8538924417336
19.9300913712406 38.0082452216448 4.65308753613139 19.8698938199196
17.7212316835695 41.3063935831063 3.85797614234257 20.5857887257699
15.0968575286144 42.9415683064483 4.0591083446307 19.7897332793910
16.3260486539849 42.8852765343957 2.68414769510495 18.9201994608533
20.2212447731097 42.1355759818477 4.17283182407486 23.2327325805467
18.3122978352283 38.9563432504974 5.78287050992007 22.1564423232716
16.626660053892 37.9290036290504 2.89578778997752 23.6206645857801
14.3135519546669 36.0326480167672 2.07228313226010 27.7995781092231
