21.5548276867584 41.17389151112 6.43323443643144 20.6474184895716
19.5164338214189 35.6173121624888 6.7029895719546 21.7954084798941
16.2426705113232 38.5451954761316 5.8083273004376 20.1976917153472
15.8283327752081 38.7540238099908 4.34280204443341 21.462761369446
16.3372546834227 42.6326555250402 2.18806014161370 20.6510440775090
14.9055815673721 42.8230163687165 1.11738922493532 21.2787182022521
15.1686316582372 42.9933622122145 0.113179140491411 21.8252736459190
12.1394980776121 46.6643539822065 0.487461200449616 21.1030201122181
10.6796796152250 46.5814316141296 1.80071698408574 21.0764867590756
10.9889321260036 46.3597454797346 2.31885993417536 21.7669316336529
10.8227444331843 46.8666829534519 0.380991290431489 22.0915261462347
12.0112521265361 46.8281721190832 0.983327012653268 21.1767191781993
11.1242516903457 47.0514029094301 1.25352618463889 21.9655212029566
10.0752324010572 47.610055499116 0.37527481050113 22.0382488277295
11.5061473989011 47.4371674236488 0.734636329098448 22.0585070351536
11.1835349170685 46.4684771330522 1.33386075007729 21.2381488947595
9.49755345550987 46.1688148138152 2.81972862803377 21.6104242193899
9.55872644470695 46.6560127489493 2.87602801355172 21.3669256977870
9.46846897048566 46.9907821423549 3.35846784833493 21.4666141877408
8.77113134168674 46.5233873133969 4.44878334872224 20.3634703048192
9.88906426892154 46.388139602024 4.59346650454454 19.3747209765232
9.49744044874333 45.52849684779 4.50315890840688 20.5800202019856
9.88960459940213 44.2441967360373 4.44440371561210 22.4937351221562
8.23920152899226 44.3963265864773 4.52719828468643 23.7528031267907
8.17941748808286 44.2546324806053 4.56431934848323 24.0189199107449
5.2781880235451 44.3977409379321 5.25413199193671 26.6082208849479
