25.5418381981317 41.6761743392264 3.5128541097451 15.4646740895690
24.9315220314775 41.5391387733100 3.95374389574267 13.88676663069
24.7161285716884 39.7766423121495 3.77282811467871 16.2381775570096
23.8023933868699 42.696449906419 1.66527056414038 16.6064078896301
22.8127123488722 42.4324772587044 4.28106179763545 17.3542984880662
19.6068311611799 41.3377318639306 4.28193908271914 17.5415119899592
23.6230854791267 43.9687399897722 1.43236385410726 16.7670904095041
22.9589967064709 42.3741926738059 3.42314646820612 15.0178618025722
20.7957655040696 38.5121902554294 6.47714495993293 15.207736029154
21.7807941680780 39.9149799951379 5.81330111491568 20.8272522714495
21.3684172814442 43.9766295339793 7.51769780655466 20.4593193380668
20.0438071036335 43.1611206677061 5.44929314343333 18.5870356950106
16.2970559050884 38.9757027461812 6.98297261944115 20.979807370262
18.0837758587297 37.9625660983843 7.50603631833507 21.5510875293182
20.0118747664239 33.8769571778362 8.98495981841028 19.8794935074840
17.8419837716639 34.9810762224996 6.5407607750842 21.8176006105933
17.2843996092167 38.2471027380477 5.91796859727843 23.6234694192346
16.3239966511216 35.5095368790514 5.57645737241624 25.1066647271879
15.0824250496414 36.0121371490509 3.96450871594736 26.5512026815595
13.6223955536971 34.740779656504 6.69697561597006 29.1280096166569
13.7703722362185 34.8772421000122 7.02971883926095 29.0429603643461
16.2363333504763 37.2824563255554 4.58153962710114 26.4246940841032
15.6848145470140 38.5063308486444 4.58211274950938 25.6932531847374
11.6655237458763 35.579182493939 6.46715189449996 26.496477633134
12.3230815844727 38.1709136110524 6.93433691564523 23.2570824049378
12.8307071703726 37.9872457871594 7.07249260417693 23.4488171687315
