20.7299536286792 37.6730507192824 3.55014919460530 17.3679564413735
21.0232821127021 39.4601865866844 4.21064895152825 18.1707101522026
20.632457053363 38.9479385978605 4.48341020912643 16.7049556646508
18.3444167407969 43.0750376748551 2.02596852495580 19.0673862716195
20.6764596621315 41.4492560810108 1.82392762857489 18.3779309505609
17.5120355211938 43.6641939527985 2.11084336484782 16.7745198393222
19.7330160918454 43.9653422374954 2.86455576634035 14.1732432255503
22.1389007551974 45.0558431426738 1.19996426277794 16.5964641990122
21.1687175959401 43.5475881918077 0.594469745177776 19.7924036392924
19.9116469510776 41.7664675734681 0.229745432501659 20.6847473867632
20.7615273355231 43.0565559709189 1.69766912609339 19.5527782766542
18.6817298629369 43.281319355939 2.91323623177595 18.6121370091942
20.6994992974262 41.2085278303106 3.64735137526672 18.7413398537692
21.4517064241941 42.5155142150146 3.35627706181053 17.9805474335235
21.7618780041362 37.7281414051798 4.85262255194039 19.4563511542883
21.0098495687979 35.2160892547366 4.61187103935891 19.4850878964133
20.2675331895861 33.0305439443809 6.48674530312792 23.7398828134827
17.312780957638 34.4521118724269 6.29402567688749 26.8944394660137
16.1563853909544 31.7444563284998 7.15719228503668 28.5262265323616
18.2581643312521 31.2361809597782 7.01931732278813 26.8628868476443
19.0264420881219 32.2091343650094 7.01148985806417 27.7223226769782
18.2203261488796 32.1740635895317 8.30875013532793 28.0685057608022
17.2284622164191 34.4065252813657 9.18938914132791 30.1261193263887
15.5335881500497 34.2114429935960 9.66847565425492 28.8063809271513
15.1743552383641 32.8045833823038 10.3966046320733 29.1371993733521
15.1733351113880 31.5353679700308 9.80582269169322 27.6210624707167
