18.7810535437717 39.1566703104471 4.95458282884373 21.030256788638
16.6211798495903 40.4831388973688 6.13979882006696 21.6244802861017
19.1853920116379 36.3721510450413 5.08538370537734 23.2872632772394
18.9193070124059 31.4501294092332 5.56849132646038 27.1769542901509
20.1835590147569 33.0929566970152 6.72256543142883 24.4625627104376
21.3729360033672 28.6588393542041 5.10278588584787 25.3366473327553
21.0266792624434 31.4964538327475 6.07870916902711 27.0089629262264
16.9867833233309 30.4403367823978 4.74160953072524 27.8521293669517
15.8522283392829 31.5765327740517 5.04127495197272 29.3230067347534
17.2044514207971 31.538208587939 5.33425850928109 28.4844628823136
18.9229049808216 38.0243408981069 5.58424151194561 28.7571743628588
20.9025621176568 40.7857739434867 6.08518612263072 29.2926740085338
19.8344999323470 39.8903703729912 5.26816623675916 28.6091275557508
19.9374220422340 40.9378069236813 5.75551894325111 28.9249336065356
20.4488093949529 41.511296301422 5.80259079688838 26.3672426471119
19.0409556835565 42.1076599962947 5.01098550290478 26.4031560617645
17.8373813828128 42.2821830499855 4.21447448972786 25.9496381752654
15.6303437875994 40.8300172135172 3.09682123213934 26.1817209217933
16.3791937541627 41.7285034649943 2.60102240399579 22.3745119991016
13.9646825239691 42.6921777485808 4.93124632917466 20.8244314622369
10.7327288956079 42.012007717782 5.07451451484236 23.3925451897320
10.9489856025833 39.5335124677917 4.84672753444668 24.8046063557503
11.5003150555952 40.1283418483039 2.56457762095872 26.0350781325486
14.9020858177631 42.1817197967156 1.96108486969024 22.9187959916784
14.8677315184562 42.1760621893538 1.32608199538663 23.3148372695764
14.3381855835854 41.9018819265386 0.954575354699045 22.9670433927465
