20.0284818791137 40.0045167926988 2.25308307059802 21.5628431910788
19.3882895510928 39.373375313106 2.30837193256937 23.3357312256610
15.9011500802175 42.3350395968159 4.61818131571636 21.0483035404156
16.1854416717128 40.9872607097936 6.29691417887807 19.6889341479088
14.5785916040072 38.8214553499125 6.79180216900156 23.6197671793322
17.2149204278717 33.334531763801 5.909023592892 24.1351064635361
18.0494947606696 35.3699615404476 6.31088728312486 22.5042495850242
18.2409372288732 37.1123113904614 5.8953425314006 19.3290566328682
18.5810180814935 46.0791251531337 5.17715086137955 21.0655479418407
20.7375538736580 46.567683343919 3.79248230997648 18.1270092537358
20.4045038018098 48.1085088925008 4.50790312886413 16.4362512843414
19.8956318022406 45.9626277202312 3.60167106497276 16.8300503667175
16.9097221549323 45.9658551329319 2.11272729188379 21.9024270659044
17.2790773969207 43.5945302095767 2.27917086705565 21.9299679210141
19.5754583163250 41.5546280119747 4.06924229557626 24.8384196635067
19.9444206880469 41.8352034070708 5.60935777123086 21.3648020315646
18.8050460603042 42.5616018075674 5.8247814103961 21.12691649587
22.9454458730249 39.5386704697452 7.0483966958709 19.4567812716319
23.8778981638242 41.0117456495940 6.86286604427733 23.2007597471175
23.3833833715980 43.3503137251541 3.74953298689798 23.3296609111649
23.9167198526774 42.6523193992415 4.1279543840792 24.6269280696806
23.3833608578060 41.8172897818239 3.04470350174233 27.1339654673165
22.1836447713066 39.1793768872248 1.14942650868803 25.2412978180027
21.1518242728998 45.0965600852595 4.33383067301475 22.9864409866086
17.8273938258280 43.5244394397104 5.60295262536965 24.0166120627104
18.6828526572426 40.5988536930994 5.56846327520907 26.5751439822047
