17.2690971697647 40.6119255143173 2.94465816186218 19.3793274580960
17.8937820353511 42.8648195759349 3.58531732254139 20.0151041101192
17.1188059196773 40.3614673901596 6.4811691211298 20.9691816109692
16.2494142054546 42.0443284062916 7.62756417693979 20.6754083460370
18.1125692072290 41.7692781186909 9.75350941789745 17.8911992464387
19.3829223984396 37.6792313464233 9.04204269051557 20.0712799135768
20.7126064268415 38.7681446384021 10.9165101302323 23.0746684050360
19.9934463357096 37.8188751875960 10.2510167372256 22.5526916993955
20.6808856340637 35.2057308629693 10.5955553266994 18.6945413555234
17.0449416494509 38.1315318812222 12.0629646955366 20.919704465124
18.0525515654789 41.2689901889764 10.1836053258279 19.8273487267300
18.8882269929484 39.0271588655129 9.87094191115298 19.8403121669993
21.4903045748681 38.7276954690866 8.03428654980794 18.8564188703179
19.8108289861441 38.9636547284141 8.7904840843095 14.3853168285557
19.4593609546593 37.5054309782052 11.6683034252184 14.9078254264884
21.2381398205928 38.0885831466356 10.7351409853710 10.7209100811878
19.912973525106 41.8158972407171 7.21416682549518 12.1926715211147
18.0460160152158 43.1425282130429 8.00693148616467 15.7615334366933
14.2978117278583 41.1837690992618 6.49484508214284 21.3439866456688
15.9685941160462 43.922209377248 6.25957974311661 18.9703747614772
13.3726837289325 42.9740342747757 8.2783887654802 18.4952873991356
15.3838660147778 45.0817114546676 11.1560796285773 19.1561868679323
10.9502959632120 43.3139957654071 10.9914388743488 18.3086957795071
10.523448325827 44.1827014376191 12.2626158931317 19.5000286950964
9.77251048865097 39.0659487507087 13.2512062779652 21.8174902304310
10.4513742682927 42.2794842188028 13.9455368943537 19.0769131856305
