18.3743571313174 40.3197314983315 5.31771008889329 20.5628850757907
18.4509513210581 41.5860119156621 3.14853112688426 20.1108454409818
17.4479651525693 38.853614605692 3.42780274970944 21.6408534124325
17.9853772539721 37.3909861493937 6.26123414168622 22.4506936917040
17.2956174053328 35.0300109374419 3.98723007532324 25.2844085624400
15.0105460723938 39.8221153958782 6.21046811904314 25.5342685609875
14.1968699570224 37.7933790108271 6.09585089961554 23.3128685838181
16.0318364191279 35.6435944477178 4.71934326648268 23.7480625248152
15.4146256463080 41.5081636837765 3.37130306035768 21.8676111590379
15.7312802781761 41.2839851223014 3.14023493769135 22.8816656045877
15.980090684019 41.4586785730987 3.68947945235784 24.9679704275244
17.3619657230973 42.3109487734808 4.93933334973197 25.3527345235068
15.1036174637895 35.3002572266458 4.44759579658064 28.7193034735117
15.0896225344087 33.5826853930092 2.91799712067957 29.200960643271
17.0279275910627 38.8970718371755 2.79199143805097 26.6527372750820
17.9249518900807 37.5782416492773 2.64469703729264 24.9952315756486
18.7708445848595 34.7814641801713 2.33372248825617 25.0829701044963
20.6308967832783 35.8038218068018 1.41844107865594 22.7048887371452
20.9095879363203 33.7809960129933 2.72488449001685 25.4775311950029
20.1377209684218 32.9052621862182 2.98606843175367 26.0220219784783
17.8170569707990 33.3954885611573 3.5601042680176 26.9184254289971
18.0617611940370 31.2506535390654 4.75904856354129 27.0086018660472
17.3557376981002 30.9798414576233 5.95925522187856 25.9799181227165
17.3018536146148 31.4169552998883 6.11380071898635 26.1727700941234
14.8243244045763 33.0234794864312 7.6113626000722 25.3484105300727
14.5746415987593 33.7795760629266 7.67617384684865 25.9912424396534
