16.8376738180108 40.6809089710452 2.91142885873275 23.6623766815545
17.6270269930996 38.3576121558883 2.81281611367310 24.4551010019733
18.984230340708 37.7123291651088 2.61533152987249 21.9126638440731
16.6526197244115 38.6967667400468 1.85118875582702 23.9423634620699
15.0344451556440 39.050131898389 2.73913055495359 24.7573303614127
14.6460070388018 41.578293280226 1.34882875462063 23.1218723048758
14.7844561554118 41.7807240342687 3.36884864001309 20.090260856722
13.3355111294984 43.7220484233427 3.50677304948454 21.1218267408502
17.2549496367750 39.8399983080703 2.23443021463004 21.2281091436115
17.5581007062427 40.2448301711210 3.52433797717799 22.0805288915825
21.0085680260940 39.5310697266536 1.06420724792406 22.5318663874012
18.725534079565 39.2207600414502 2.20026262756437 24.455112995539
17.0705911582022 38.0550521133216 7.22358249477111 23.3899699355999
17.46415630818 39.2962315651337 4.80099296523258 24.6817041001806
20.7237316503608 37.146888413449 2.86835692450404 21.28773712549
25.0691354389721 36.7588216983538 0.537652969127521 19.4481235658342
23.0385618777405 36.2758279922243 1.56653157086112 20.8621367311186
21.2419966747443 37.4129591248754 3.32550372253172 18.0348049068905
23.5636674481834 36.8200018816874 5.22062664783139 19.9829927666194
23.6787043598105 39.9728711441385 3.27927544085820 17.9974754932406
22.4150706690361 46.7368375308106 2.39271573792212 18.3357378948344
25.1780676175847 43.3459681084605 0.894788393285125 19.9215223496644
24.6469724751084 41.1866163404884 2.61153679643758 17.5004908718033
27.5089321588172 38.8494062644921 0.425222512101755 18.9109666185318
28.9732981552376 37.4078465418451 1.65201106946915 22.9512401349707
25.1607677829458 33.0256229229509 1.66690849629231 23.285558133
