21.2019272263860 40.7823214646693 7.45237295723699 20.0860488782721
20.2437466218834 36.8049475945797 8.9110760531738 21.4378618463027
18.9316094660898 39.8422496411282 7.22448765848537 21.3139751055362
20.0107298244350 44.2525627067476 7.17530750170124 24.3177600787105
22.6117309558949 40.8734132162459 6.48001400720102 24.3278235732662
18.7981270890495 41.0443187606685 4.68549154222716 22.7544820769774
16.8241651490143 37.4911942071445 3.16016724508961 25.2212055553766
15.0129661656728 40.1534595589551 1.54309334652498 24.2380614965055
11.4196102976611 43.6773977140454 1.3613326465711 26.1230554194021
12.1235680779254 44.48785895766 1.08852556790225 26.6589755420405
12.1089061241409 46.9979875464996 2.24070836128538 26.4061050039645
12.9590092690542 45.8981414688823 2.09367905291599 26.9547320042666
13.7794556371886 42.6735058721454 1.60743708349764 31.8014693281480
10.2045353861544 44.3086350133010 3.62670857878402 31.142395623077
8.4088719986397 43.6819608141078 2.92979777371511 28.7333664037775
11.4097146676871 42.2784276739104 3.36392100840358 26.3117706156936
13.592504186185 43.4647068473851 5.59214381534157 26.1782188849193
11.6355603063497 42.7428181262041 8.28738886826223 23.7197773880926
10.3959719516355 42.263440494215 8.82530899309105 23.7809656683544
13.0989418682089 45.5046384737584 5.37815395030676 23.6130777338708
16.0010695718606 39.8513629825542 4.0993782471448 22.4440208172614
17.6554207001259 38.3007945067006 5.03031301286166 22.7270123569483
16.7752301926171 37.5803068636673 3.45304258397875 23.8735643021951
15.5543453069781 39.9634001800947 3.12258067235445 21.7870008100013
17.5545516281708 42.8022584688075 3.82751665378084 24.3956189353207
20.5559900353982 40.3376165517762 2.62484742861336 21.8417411323409
