19.3127310927606 39.8933967528376 4.72445008600602 22.4558443759274
19.6816346970967 37.2702853101748 5.17854103073018 22.6295557493981
19.3503736229262 36.0462752096499 4.81993011920253 20.3753811407120
20.3935966798684 41.754778571907 6.59256466547498 18.3716385715858
18.5362925957537 41.8260172791923 3.82492547877604 19.9886520809711
19.5356673206783 46.1513394634384 4.605274840849 21.3620536548303
19.856781135096 48.2361775832395 7.94851516502398 23.7904836495624
20.4591032795298 45.8070585853565 6.77119176940481 22.0162469257918
20.1225081543106 48.0660291956882 7.31054690783356 23.8238020965216
16.4775298191833 52.0942891389276 8.31950340141055 23.5312997380534
15.4955931934453 45.8769246249067 8.50140639744211 23.5266606349760
14.8382837711759 41.4010860880444 8.15158789789354 23.8828185000056
18.1008032611509 43.3439491598474 8.90455209508588 22.4795443224320
17.2403621678057 43.5385784336904 9.62238790861336 18.1737279416667
17.6000729729238 42.2106495348344 10.8480463046395 20.8645675080284
17.1230323263261 44.3550500494967 11.9676455992554 22.2023079228043
16.6037146500128 42.8250100098158 11.1786484038308 24.4150044601798
15.6770952637124 42.8051598987149 8.20292605202081 23.3739478942394
18.9711413639414 45.6623927943947 7.50633842938947 23.0478449874013
22.8242478952560 41.3023790863881 5.66229397126841 23.0554801812783
22.4103162395585 41.3398778059127 4.98486340207415 24.8006574461862
20.3519695945832 38.4193014667908 3.20586672027963 24.8388608029738
20.6338848359773 38.4479185931923 4.69837225669431 25.132413468945
20.3327039666364 36.7893157743456 6.72187278255257 23.2255703980729
17.2301014428849 41.345554764157 7.52387557666185 19.4142907817542
14.1475058998803 43.0962122913989 7.68524063223711 19.3015583694607
