19.3668613909058 37.5832118617020 3.58082147140911 20.6471965394443
18.1380834980182 37.1009692467398 6.07045931963174 18.9307281801006
22.7526636021457 37.7547138637512 5.65267940250149 23.2019034211984
23.0191171113647 37.4540089361666 7.62113244075252 23.1252878520167
21.9775855820871 31.6546835528983 6.63857700594625 23.2832651368803
22.0222581830121 28.0499870541253 7.20351774490362 25.2472437350213
21.0428838711477 28.6893112461779 7.58524452534428 24.3593226409337
21.0084233498446 33.4950641473615 7.42449489224626 24.2743911602354
20.4547203909851 32.0202421621279 6.47537840076646 21.4096051537251
20.1918923508833 31.4718033957255 5.98556188203318 24.1943107870227
20.8470081834579 34.5627599860806 6.90413516469224 20.7521767093619
21.4665961478362 37.0986499087218 8.13861409726476 22.6497563616192
22.2227456894229 36.5603248205858 7.18922464701271 21.1389363239339
19.2016257595728 37.2968472232001 7.228903259271 21.0900934672734
20.0942257138426 40.9615749874043 5.84198391952917 22.9860133834934
21.9582493797401 36.7648663235719 3.57162636172392 20.6845487076709
21.8292918477998 39.6184105140979 3.67042433287382 20.452441688619
21.7495888171070 38.1535659158263 5.73984729718229 20.5940946322049
21.3174458590620 40.113374347392 6.3574831426218 17.5139469020183
20.9582011252866 37.3911717087622 8.12979141982084 19.4429439250494
23.3993734643088 37.9948279901690 6.06393519473074 24.3820109246413
19.1898367721812 34.5110492042548 3.7709670064506 26.6622327491755
17.4845030689836 34.1890526473886 5.50963287392074 28.2282724166403
18.0538218036897 35.8436370676211 8.03343677281235 26.933894567203
19.1722462313756 34.3877160273819 8.34347372355703 28.1150797484786
18.6290165162814 30.2685390221282 7.94660541781057 23.9645061996178
