19.7431892082703 40.952283687223 3.65585223441513 23.5007282776877
18.8950393726275 38.9900006091075 5.94434062340798 22.5982079964250
18.8493701385392 41.3334098573776 5.59444775800721 22.4369686446602
18.1484927905781 38.3454245877454 4.66245554085928 19.7252790774189
17.4804203529301 40.8091597574765 7.26405351027953 21.1877306221908
17.5197757697123 43.3218206703376 7.04475149275434 20.2877174378039
18.275096828157 41.7201843918945 7.6474062467057 18.4715928978968
18.1017161477747 42.429591762432 8.31280007266039 19.7597016844649
21.1351560829598 44.0379314777154 8.07186674203093 19.9920647005695
17.1227812748793 44.0341376006316 9.86216726850737 20.6139034890714
17.2755524302292 42.3300192580271 9.92712218242365 19.9860581626329
16.8938059443998 43.1549145208359 7.30963517490442 19.2044408490095
16.3245910089853 42.8266877237681 7.77032818154099 21.3942074329737
16.7044574227574 42.9456784604639 7.60899595657962 19.9231201841363
16.8580341283622 46.9638731685058 10.23338032046 20.1016512040847
16.3316010308513 52.5986830895357 7.8681436139485 19.7603848467448
16.9047465811233 50.970216132287 8.0059831936704 21.1816172472068
19.9582558993931 47.5563724342791 10.3234038581466 21.5138847290405
19.4395884345386 47.5006261536909 7.47922573125456 25.7497358417937
17.110883940487 48.8010739827586 5.84707370520104 24.3309016407334
19.0882629403014 51.4781647533236 7.82850055702497 24.5800053392681
17.4763167682205 51.3731975847913 6.95340204141327 23.5358315928117
15.9963945686230 49.7189861330262 4.93979503835279 22.8306771487207
16.2848620261409 53.3741638571082 7.4640645754217 25.0112072209106
15.8081434086755 48.4738908921426 5.23783364604886 21.8486304514320
13.1808307130680 45.6699796536995 4.78367642002839 23.8136220554099
