19.1706860712644 40.2086957013023 0.269044360927881 19.9218676491849
19.0903630059991 42.343567419776 2.68263842188753 19.6294687875755
20.9578771523071 41.1101182091831 0.513152893865481 18.9440620300569
20.2405750385357 41.8788530819892 0.279296075692400 21.9368511262558
17.1758419877721 38.4870258964943 2.01281595812179 23.6610414442815
17.3643643089084 39.3491958749736 0.60563103435561 22.9349963760805
18.1126815997446 39.8574193415488 2.72856927228471 23.3682463458992
18.3204157051668 37.575715527616 3.59569467861782 21.5857458031989
18.9066900182439 36.8592494320636 4.23818028848874 21.4248735534906
16.3539514802320 39.5862347582889 3.97235954923586 21.9396717225149
16.2488318271859 37.8358950606529 3.61059748565809 23.7557540724933
15.5519289923431 37.2348070094344 4.35092383272045 25.536495502381
18.863061803353 31.7059032465908 2.75557969671705 27.6913732283696
15.5894250208111 34.9894046034309 2.97231448276931 31.8040711128101
13.9028929620581 34.9993375316839 2.54131287963160 30.3288065796511
16.7455824473472 33.4763962249848 2.39101462718099 29.7189297439323
16.6276585654886 33.0426978413099 4.14253539301798 29.5752611258791
14.070216178854 38.055746240084 3.5708059837424 28.4529706347526
15.1101688276576 38.6883217641236 4.19240343110997 25.958251439573
19.1170245287539 37.9589026765981 1.89279151698296 27.2089042408185
18.2426609439447 34.5483955737251 1.34070862726961 28.8699524044783
21.2542647156536 34.2376744293341 2.66412620362826 29.5708021368624
20.1694195733085 35.8045275390813 2.84546737675555 30.0628447994868
18.5240902891425 38.2161181781175 3.22080929204822 30.2273631092439
16.4526853123722 38.1020852333354 2.90457738214172 28.0523111881966
17.8167097596494 36.5466229194825 4.54216084748664 29.5901318673322
