18.5631093922374 41.1078152548286 2.91204546594094 16.7280185398258
20.2460486403969 40.8763257743387 2.56027518345076 17.8363380337678
21.2932074264926 43.4807917222908 2.53714544039253 18.4092102074793
20.5442815739032 43.9925195494263 0.766998874722049 17.9097576416827
21.9072778095854 41.6171615155010 3.86492831725627 19.9575511995501
22.4216577235040 40.5746453952571 5.27044858387671 22.535003685931
20.5995834322859 39.2368656530899 5.85448671130543 22.2807068252734
20.1197667692069 39.7226040469405 7.63907432368105 21.1868957100093
17.5316638782349 40.3890544400212 5.58387782725585 23.049930448237
15.3573522331710 41.4272513040935 3.31915043781591 23.3614414898335
16.8395838175486 40.5866549881768 3.97716279512351 20.1944056493818
19.7626896003778 36.6583221653138 3.85407049671011 20.3403007384046
22.0390823800214 39.8690763223578 4.70088464739928 20.0249164621934
23.5873589748613 37.0797248925675 3.89406505712503 18.2895405446767
24.3467186763979 34.1359301105553 3.44525012859338 21.5915256058874
24.483342260254 32.353952906415 4.39722768841039 23.9159481721075
20.9625582891902 36.0590602572487 3.98998656235363 24.1598750818597
19.2156289137354 38.7492819413023 5.52488878041599 24.3328481344582
18.7717219543983 40.08906950368 6.00785876808567 23.8735618739667
21.7753116208468 38.8723483684884 7.07204646871304 21.8013840531277
21.9752495176164 36.7940409322531 6.82140530492878 23.2928990991133
20.8725736717368 37.3798160383996 6.6331156773486 26.3570195435825
18.3299596354972 36.8305834698765 5.44554718765363 27.1528016933518
17.8454348043213 42.5623470437056 7.51525181343989 20.7432754020485
17.6302038401971 40.1479268068722 9.97108976424881 21.6505901486891
17.1066022487554 37.5779098998098 12.3004409719559 21.2265542806682
