19.587417618999 40.1630585007257 0.859252785614019 18.4384784570082
19.5664932985886 41.8034726469665 1.82004966912791 17.3934755622277
19.4209991339094 39.644332991436 3.21229625819251 18.5391187685764
18.9664796369894 38.3017555972151 2.63730395851859 20.8069717986399
18.7391809372034 39.1953537909835 3.01776863262416 21.0052455780805
16.1306821302945 40.0173612679176 2.78792185383276 21.5897107984142
16.3005976728672 41.2037067527731 2.90277775232503 19.9647387400069
16.3984148637900 40.2867988713331 2.66820314033847 21.2051815591159
16.1292003977008 40.5666295944027 1.80719991606619 22.0366527964698
15.1475920217567 39.8742066069751 1.27188247349113 24.7272193699087
15.6196850330093 39.1927681098108 0.94770689215511 24.6393916367197
16.6467557722330 38.0963531136371 1.02897757035680 24.5359584817508
15.7394906159929 38.4166896595306 0.387503734508077 25.6783031447223
16.4892055730643 38.8498414195789 0.321168493240542 24.4028053062741
15.1574358115734 39.4813811883199 0.937607257085715 24.7453624440872
14.111810607353 39.4913877600408 1.13469143095426 25.663371239651
12.1119629483411 36.4429855148103 2.26209154282697 22.8493911156752
12.0121699621642 37.0297675989208 1.79619312426075 17.3915434208088
12.2964090727011 36.276777477899 2.08153867651708 19.3641405600117
11.1501271169356 32.8158077758045 1.61859373329207 21.3734995444299
15.9708998113594 30.2192101983831 1.06657102215104 15.0608363320114
15.4823783294953 25.1064645124145 3.67463569203392 13.7719966612822
14.4985442742429 26.4801085840749 5.63289259909652 14.8896217096663
14.2255996338747 23.9522897229024 6.47208315110765 16.6718128029468
14.9473333309135 25.0629096822464 9.6372371026582 18.7671186988996
14.1657488715566 21.1503720082925 10.7475179943213 19.3656519137096
