20.1795458869114 37.558358215027 7.12844071400561 22.4488653293397
18.2930195900649 41.6838452860233 5.76983978904993 22.2821017146487
14.5135681475893 38.9896500742656 3.19348188115889 24.8298414178569
15.3268006747038 39.8700243448675 0.768700662301853 24.9034674257416
13.3702982567408 41.3714465432421 3.94681085064076 21.8728133539114
16.1870069909998 39.7641885516359 4.12706968924263 21.4189145170528
15.8149312905808 42.6085788405161 3.9121804641583 20.7486142594283
15.4160917618529 41.6196449569957 3.46679213448763 19.8340123234233
14.3792452796579 41.119214021996 2.64108571115958 22.1202955147168
14.7568668912382 41.0701061084328 4.00302428271698 22.5966891026040
12.1631482181356 42.5845431562025 2.62401574591757 25.9631266169166
13.7937960972295 43.0106374225525 1.63326587179509 23.3546848682603
17.0149304273755 35.8212117273306 3.32133662328968 26.1195319829425
19.4241359367252 36.9475458483157 1.79425938172178 29.1821854874289
17.1140294767202 33.7028972096687 3.00308157387190 30.0685786111588
16.3611778293953 35.0137162272104 2.23116411454976 30.2572970930954
16.2688734459908 32.1568416662731 4.22876429907046 30.0190833770206
13.4420749454976 33.7592836204360 4.59741310751997 29.2763108776771
14.7723462269683 35.3113700952756 6.00678543979302 28.2758633825894
15.0188605557237 32.3192128184561 7.58585919742472 26.1376847938978
16.3668415439356 33.8193260942895 6.34971657581627 26.6576183546351
17.4910760107491 32.1878753480588 3.93124099611305 29.7660904029401
14.6600662511815 37.3892538654116 5.12561181234196 26.7883218074094
11.9969315086533 36.6034960587939 7.46194947464392 25.4787459544714
7.16385078756552 37.3487821854149 9.82707488816231 26.1776058202486
5.17429240068726 39.8518361658288 7.32429016457683 27.6862939292441
