17.2849865769573 39.6658658138251 6.78946204339687 18.4901772551046
18.266796931585 40.4838171778021 7.9731070976292 19.7461294643388
21.6479436903798 42.8471025713109 10.1994372135547 19.8356367042095
20.9032914919700 40.5625032917917 10.0711561957563 20.6165147497144
21.0170489203935 39.5326368841664 10.4480287883619 25.2689941356715
22.3235667188471 41.9884598555757 11.1853506967148 25.2855031161445
19.1195244471362 43.2356747987463 10.8463294761444 27.2080772915763
18.5759237323707 44.7671018212816 11.9016630553363 27.9168350804505
16.0213743046676 39.4448927452571 10.6481242702779 29.8531310303045
19.4258263840280 38.2752714462361 9.5617390003957 25.8790350428816
19.0141760283716 35.1673865860393 9.96841044341849 28.1943696799627
19.9895481514113 37.7900351463846 8.68043620688952 28.2650528201715
20.5094862424143 34.8534284551656 7.0687473785609 27.0642872837221
20.3414340403237 33.6631922257161 8.01371108824499 28.4058441149851
21.5758880509369 33.4002369302034 7.31615317978636 26.9432320001384
18.0035105461560 42.4023126414686 6.16686854528003 24.3318116350879
18.2992135651715 47.3198585087358 4.00401293594873 25.6412420256843
16.0230435125835 46.4216434760875 4.9504945514342 29.7152622847666
15.3674407212369 45.7522263360134 5.14647236933313 29.2737441939584
17.6249898301743 42.3669997574341 3.50991358844225 28.7673810721657
14.8765510237436 43.4821994364772 4.96429032090713 29.8381229798592
14.3020541221495 42.8628635936927 4.50508457826562 27.1690588012559
14.6136522396128 40.5797946136024 3.23636100170314 26.0141116742805
15.3178209756162 39.4493499705138 1.80924794542702 25.4078357516617
15.5449810671281 40.8459326106694 0.712106867926195 28.0486892161568
12.3622478815387 39.7843314347427 1.08308254787698 30.6734247074374
