22.1816619658895 39.5200717702003 6.69682003431732 21.6941677602287
22.8280712086261 41.956658165537 4.83031780263188 23.0224049007799
20.2956677516476 40.6949360227289 5.82803818806785 21.6495698271598
20.0470517556668 37.2480720059091 5.57327759000251 21.4630257785599
22.1066546737701 37.2120281528758 6.60929211801628 22.0073340619262
23.4365744882271 37.6794039677905 9.04331864267366 20.8998673539888
19.8839530901060 38.097494328961 9.08953248373943 19.6790865836944
21.2144105074062 34.5884837444017 9.13393850520335 20.2379603628348
20.3571189961462 34.9551811787376 8.58173308673397 21.3917416231986
20.2497339521601 34.8540780405652 10.4395611578421 24.5841087475698
20.8340958238645 35.0523293568891 8.65557554632507 21.9458124267206
21.5608464854835 34.4492030108097 9.95653732924804 21.8830172207475
23.3485320657382 33.3010574333940 8.63924100937404 24.6274098988891
23.4786781823533 38.7714747205947 7.11466571630992 27.2122169222951
22.5345108342555 36.8192451765399 7.82929186540899 24.4388495164260
22.1109808470683 37.1620482608315 4.71338450833467 25.4429637009546
22.0649497231097 38.2533087564271 5.71611331630741 20.4492706733093
22.7794349334763 36.0339451531518 4.35359832895231 21.0138674650610
22.7891078354085 39.6487839498196 4.53516517574211 23.2768612357125
22.9369705789948 38.5838596356671 3.23801752058101 25.7713834217087
20.9415638358557 38.9549662430409 4.87656598509532 25.7424164667994
19.3817886428302 37.6122878600482 3.2014604939079 26.5244465708470
18.6744830445026 39.2220098559383 3.61894544418213 25.4564358476287
15.8088977770475 36.5442590121853 3.70340144745317 26.1305505177086
15.7404965516905 38.5712344441809 3.27858407346878 26.4105700646529
14.3130877117871 34.8819119708154 6.87372165656063 24.3271974712512
