18.9276734729501 40.6118069576508 6.73699803105213 22.0702317312574
18.4801076957228 41.8309327616765 8.36171423868705 21.0967162048658
20.2734198169055 38.4272481288239 11.3077083178001 21.1460202928402
20.2754674469325 37.0091932265926 7.26734061694201 23.2613522629954
22.2997116523598 35.2027523576263 9.81300523147415 22.3537350386151
22.7087272417535 32.1027826747866 8.0194630230913 22.1170186077892
26.2381619767483 30.0658523556814 7.17083489374686 19.8274337140559
26.2551162386473 27.8771619028260 6.41669792269776 22.2037297947048
23.1957497089343 29.7670415334185 4.21086475772272 24.2514045587898
24.9247217977078 32.0006233145868 6.31741403865116 21.1340580820263
25.4587683681657 32.8470860742418 5.60861213977868 21.1141955242649
22.1447928440084 35.4452061671218 3.8716678531603 22.4181983816659
24.2557892821988 35.6396544379568 3.00229709579098 17.6667759112299
23.783070860829 36.434692432118 3.88624862774695 17.2725283337100
24.500857997061 35.3224567868201 4.20032167046066 18.1267173272831
24.2844310536322 36.2016804804479 4.50545833080743 15.6323430297239
26.9938711256993 34.2330999402937 7.5848967605989 15.8380827234400
23.8664124192011 35.5897868248311 5.8874705665073 16.743952392721
24.9510685785946 34.107991504078 7.5458557199015 17.6471882340026
23.5990167645079 32.9349396876667 4.22652659968274 20.7589965749991
24.2705994353902 34.4508503651069 3.96774514030087 19.1852598598686
27.5333596266148 35.3714536511161 3.31671519611384 22.4472598017392
27.6476697021437 40.1367326400996 1.08518539904617 22.5222806831089
30.7564168445107 40.7066408050069 1.13253503339365 20.6261970517903
29.979872433365 42.3950884755523 2.71272593597050 20.2049096008509
26.371918864423 41.3612700187423 5.66448008548568 24.0358816623434
