20.2614139796442 40.0436647978269 7.22326650142932 16.6697173683390
18.8306197935039 39.9564364186146 9.56054335598165 17.5760846453042
17.9019685671577 41.3057590571526 8.13573418090382 18.0614081890299
17.9228512910107 39.2408257683101 9.28744086143394 19.2745168231445
18.1647775168443 35.5760054947092 10.9397778214197 18.7982148056867
18.2788978345306 35.1395570376763 11.7772504905014 19.6137342568504
17.2092154906677 35.2047785416272 12.1963769274647 19.5209602102654
18.2116599330293 39.5098856569295 11.0498498489963 21.4125096518812
18.6079915171103 40.0924966041231 9.07193348001451 22.5428019469800
18.2170618200289 42.6560922807327 6.66056845946 20.6158118586628
19.9202766758935 45.6157297247334 6.10266661787168 23.6803353860615
17.6044139915674 41.0782449582836 5.46001178250214 26.4880216246112
16.2468788173688 38.4151538791392 5.14781067278302 23.4211627946807
15.9584294647617 40.653390393525 8.17780642458303 23.4899296410023
18.8605727398684 40.5638908203017 8.56426100240297 28.2445990260331
17.2068707564762 40.3520491141151 6.68235095025248 28.8028885423043
20.3541332766330 41.4631533780406 5.44102077785156 26.0460545501201
20.2740904459305 39.0063136885213 7.08972211245655 20.8796304475942
20.9719200063072 37.6602413904292 9.22249695396258 18.5779310755858
20.3250239075668 41.1282437860457 8.32926994509271 21.7076187331656
20.9867796329103 38.4769361421888 8.22568934730462 22.9273203269074
15.5092744929038 37.6509327191453 9.6730256792273 25.9620437391529
14.3857303736264 33.2256783113408 10.2871039201621 23.0076583030129
14.6398984621743 34.6725488944575 9.60957929344137 21.4773740918728
16.4403532351831 33.9635434814121 9.70704058083926 22.5285928536193
16.3318735230246 34.8120412134889 8.72707458065112 21.4646321969243
