20.5679451760314 37.4657183267658 3.06731785016748 19.7104571669431
20.6463569749556 37.1709098230598 4.34090376317184 18.1379351991297
22.330101861438 35.4120557148054 6.89530057737286 17.2242506968857
23.4736443564471 37.6365965997018 7.24437008961563 18.3230619212441
22.0231804944497 33.6975489116128 7.57080766037421 17.6278004530645
22.2081637867354 32.1673201163905 7.02696462115248 19.5971826016933
21.863801902216 33.0916898175748 6.63081311413081 21.6412509586692
19.2506625267219 33.2716024297383 6.92266104869485 22.4667847757693
18.8213578524542 32.7791556038101 6.90057365649615 22.8912204993422
18.7549177708289 32.0834330896917 7.69875851091253 23.7469064349490
18.7249278210486 31.8664888796838 7.07375257585296 24.1028597463018
17.7905961506451 33.6207035744033 7.84188696377622 21.9608753809984
17.1118527865882 34.2196911849483 7.81142886263881 22.7253075486328
16.6492528560325 33.0182121103878 7.51492734511014 23.1966686089782
16.0549565459355 34.8102799186631 6.91455671873943 25.9690611333845
17.0324905402647 34.7155959944388 7.75680412156604 22.3058456274940
15.4891283847316 35.5439775724112 7.98395953292108 22.4476981531132
15.0767168471669 36.0825506135781 7.73841522528851 22.0295811103931
12.7611539463964 41.35614647228 7.0592866596304 22.8340191841747
11.2587884275712 42.4120990507567 7.7219377898615 19.8628656017085
9.79042871806206 42.4143596250786 7.34659566223025 21.1976195564916
11.3728423206824 41.7645978898583 6.85004857218463 21.2831875600780
12.1888515736623 41.296290869072 5.6871316009651 21.4851212029273
12.0978470632522 42.762924804891 5.61618708033847 23.8994152213374
10.7384499620947 42.2500315411747 3.06690345687593 26.1538263357172
11.3881850691813 43.6591813038834 3.11898747931036 23.9082545678059
