19.6521960078580 37.7545070690655 6.77960871766145 18.9532690977359
19.6479110001428 43.335551758352 6.96796740871677 16.2806032539958
18.0692533056327 43.2857917506937 7.52929226105766 14.4719151070022
21.3437207981088 43.2042556552551 5.96376181702794 14.7559406364018
24.1375632143655 47.7321394014507 7.25600419944816 20.3044669644588
26.2030327186995 48.727616098091 6.31357020052814 19.8024578530022
24.6013582425642 51.8877109502052 6.95614294760593 16.7696547636443
24.181358503409 54.5741435502266 7.04973249981844 17.1950195476876
23.3216151709187 53.134500492232 6.53130192218931 13.3308972230644
20.1209746669857 50.481659028547 7.04391110047458 12.5685664162051
18.606164361897 49.1973016987165 9.28811216324361 12.3223776078764
15.9753282457470 48.0752490580624 7.17600349493118 12.0400985727999
16.6387907840191 48.4366518874225 4.80956162878105 14.4219909636112
16.3823021076733 45.6734807039777 4.31599577289788 14.2588026178808
15.7264741569871 54.0798871764148 3.20557882177425 15.8331359317334
14.6643345667163 51.8938818881454 5.4982070949093 16.0203044544713
15.3642434386796 52.1585185257884 5.11320586252739 17.8666146229760
13.262136206243 49.7459381697865 3.02450837294353 20.8549508107634
13.1189660308354 46.5349109580055 2.28506834718180 21.9134200928845
13.8990492950596 43.5534018429242 3.57649430638892 22.9955407428375
13.7344258957945 46.9517114280969 4.4670126782083 22.6622705413779
15.1488596344828 42.8789384856135 4.50195144925314 21.7954446819213
17.2721090618982 41.7676978562326 8.15081741374965 21.9881608045262
15.309192688623 42.4220050444011 7.78470410446684 19.6928132126641
13.7213125845561 40.9966242989641 7.0190944666327 21.2247882101962
14.5838232293869 46.3220946561661 7.17968363378244 22.4664686502636
