22.0378124003693 40.9257947739964 5.862092584088 19.8526969181948
23.5786601631804 41.0360364051756 4.44138435292572 20.4580641139873
23.8387483094134 35.6096962630548 3.71334870829762 17.5972689476438
21.7412774978452 36.5696313497613 1.89167609425686 22.3877812915124
21.0358057409771 36.8033229955474 5.71256416697479 20.1704939950832
19.6611623630174 37.353922575154 5.87137459378448 21.5874136410971
19.1077582606733 35.7007855325012 5.62452551746763 21.5079966862072
19.7862767515392 34.4418047623669 3.15182668670103 22.9244098043386
18.7237729861213 36.4737256293739 3.28541998018161 22.1104617795235
14.0713624425976 41.4198738945271 5.25468828825806 19.4450723376384
12.7666681513934 43.3586188478949 5.41344199323621 21.789954233568
13.621376226502 43.0678524334029 4.58392657775958 20.7865261490694
11.9764884019592 39.3129973333374 5.24192897666772 23.7320723840273
12.0448786121183 41.248405801015 5.37897433334556 23.9490449913818
9.93990742213512 42.2347190882036 6.14092627231659 23.5470579065647
7.9694289137368 42.4552009566365 6.2912032042196 23.9475995269694
7.9960714037104 43.1818936836565 6.21521170627919 23.226900311872
12.1362691361962 43.8748923319588 4.76418240838346 22.5236617087673
10.6764468269928 43.2419286749374 4.79869415063107 23.4860941873218
10.0623989325398 42.5505920226734 4.90634291587317 24.7672445572268
8.84631024954577 43.0149107459375 4.28463607630036 24.6079208287198
7.77809707181245 43.3444439815897 4.12008734909032 25.8058913923198
9.08340250645927 41.5303133245202 5.16373043088388 25.6556600113729
10.0650287667259 41.7754282443091 3.34203691687581 25.5592673630783
9.74676911591864 39.4826524727285 5.63889426039678 25.8144608647892
12.7726771232051 42.9472207216784 6.26137442856462 28.269052916705
