30 50 10 30
19.7631459402264 39.9451938174303 4.42874821114388 19.2860907580313
19.5653084975727 40.1980395987712 4.38055062329888 20.3436047851179
19.7260082901008 39.6251619288796 4.8665774653687 20.9079115752281
19.5444879488334 39.4063276561143 4.61184275652137 20.8271382184426
19.2123353110182 39.768100901166 4.8970082817417 21.0166151538902
18.9177097810294 38.8119454153501 4.65529708235482 20.6160581202757
19.0864555358713 39.485915873797 4.65022336825444 21.5399779018219
18.4697213038442 39.6177394469836 4.5963162330695 21.6278489761522
17.9895617987944 39.0613261320844 4.09041585484258 21.7110562966319
17.820485811368 38.9080084130069 4.98005289237055 22.3487747381338
18.0073431174839 39.1354812883117 4.36102672757886 22.1400097404931
18.0694411063954 38.8926592569378 4.66471975225799 22.688988291727
17.6744455046220 39.0785080334203 4.70582987441048 22.6970420267703
17.2993257730985 39.5463051469492 4.71182414563179 23.5685037897908
16.9041887333978 39.7724263819976 4.70106116802783 23.7668489462011
16.7563330642151 40.1724904647978 4.74773232271855 22.6412461400692
17.0203297271269 39.0672621465065 4.71278041517743 23.2200126212389
16.7296199617602 38.4335658762828 4.882492758713 23.5125619572838
17.2050959025835 38.579329969206 5.06972114410956 23.8888846123673
16.5022959386343 39.050859544453 4.90148300935436 24.0155777391348
16.0929675643213 38.7473860320023 5.3006377605752 24.8006494217799
15.8033534078799 37.8745611400303 5.00506331362604 24.7169892557627
16.6424000176053 38.0089823530716 5.06911951129115 25.1689729943195
16.6921890934664 37.8813648747295 5.6193888471354 25.1321114405764
15.6161400233320 38.0708447319534 5.53621990759885 25.2416602651222
