21.7387724456662 38.9182988317421 3.20909660447205 23.1088135677665
20.6194031711974 38.1053945986292 3.51798167636434 23.8101588922858
20.8939427284228 35.5325756003818 5.00748698022186 20.6899099281855
22.4495893602895 34.1494083754456 3.69188092979572 20.0988451749180
22.8357508709443 36.8567416044621 2.97920739841617 21.941076058345
22.1369402517123 34.6320076489651 2.59101710742882 22.1500107107252
19.6906523151813 36.0076064028903 3.31896336418356 22.4456537433191
19.4244861133985 34.5586028168104 3.84742411946362 22.8183676493639
20.4292911839711 32.6161105513426 4.24757784487164 23.1925321778989
19.3074228950419 33.3815816125430 4.68285985825067 22.8381429535848
20.1051341118526 33.0945713093878 4.55206391067816 23.1788689599508
21.3120508995142 32.6720712876321 3.34694480329392 23.5670775106262
24.4243214422263 30.0192075984346 3.71218719232468 24.3812130121235
22.0533494486831 30.6487442146552 2.30146381316848 26.2056826510961
22.2947744570816 34.2200805971896 1.19286357401870 27.3940969872783
20.0312022745753 33.4438800787974 0.845202243083826 28.5961545750669
20.4502845995271 31.5058359976495 3.23233813711896 30.0556138450755
19.2853500025490 29.4155350807359 4.54089815158851 29.3941361811197
18.6063715296009 31.2105182932150 3.35578060581803 29.8548357456538
19.2580812258789 30.9350602203820 4.21504211601324 27.8212813602375
19.2661369560612 31.8501187280037 3.51134752915827 27.8645033796864
18.9137847106067 30.3143946053718 3.67163543394422 27.5815415752667
18.7187001758646 33.2852230691608 3.34398683873658 29.0504782393190
17.4211849808067 29.6368544679393 4.47849628669863 28.5176211039687
15.1912211920440 30.7919756891547 6.50183744813037 28.2622517994705
16.8120965906724 28.8138494845713 6.85974145578874 27.7174415564875
