19.8987730004197 39.7531868867424 4.64890898955812 21.1033051186381
21.1802507258431 37.9372578073141 5.10449259198096 24.6616373309074
22.3653846086413 38.6605150784213 4.55923713469704 22.2265579314111
21.1127748732866 42.4097149307687 3.48112973529671 19.7144213696151
24.5907762731836 39.9291774663922 4.75399273848918 21.7986689438252
23.7392886146513 34.3294759989564 4.90345699950878 21.7206250772079
20.2241068599355 41.0314965477061 3.03348860778672 22.7255514402141
18.8223257517052 41.111131010655 3.11253988934507 24.6591149234044
17.803287153652 44.1110352194716 3.6552478540826 27.286435752252
16.2715008613262 39.6812332687747 2.37669207411723 26.7371235378849
17.2002865956397 44.4747517249395 2.67335094301866 27.5164088348253
16.1890042084502 47.6297724131342 1.32092215167359 27.7974941881699
15.4124518628464 49.0178494188782 2.67085585556924 28.3639281183253
18.0089809220762 49.4102339023572 2.99545779358596 28.8025076683382
15.1847858384075 45.6381210867163 0.926581409526989 25.7004640387143
15.4614251062098 39.7169104191322 1.08441854082048 25.7952753700987
14.7262932361859 36.678402586918 2.99600822257727 26.71686569459
18.0767159808251 36.6614847547222 2.46346550993621 23.3346680490971
18.4670175706791 36.5366971330565 0.813049022209688 25.6573723540381
19.7198563789514 38.1031799023819 1.31268095062114 24.6918536401094
18.1069926781145 38.4041188099269 0.767587380716577 25.4322925167829
17.7996305814568 41.3566609686105 0.9381151443813 26.0695156189353
19.6424100241248 42.602050354225 2.42596721928567 24.3287028469816
22.7847560998607 47.3406910542263 2.87631704681553 23.9620306133032
20.8062473523839 39.4364359825714 0.657635366544127 26.0904923150987
17.8008934592306 41.3414316861754 1.75188525812700 24.5078057520763
