21.5500471938669 40.0108696886374 4.59871625116552 20.4717971099616
21.2835373144865 38.8510155070609 4.16850847921791 20.8386273637522
20.3359492598298 38.4318469201611 4.19662810433799 20.8465572041145
19.9759227894443 38.0935416984026 4.24445598352728 19.4499514211332
19.1520815040108 36.8837853282344 4.37092993704242 19.8746104237055
19.3381926260346 36.4942296630357 5.48642288573722 19.5753925208911
18.7693580686843 38.8558593870726 3.24823713076005 19.3200244613901
18.8965421565385 39.999036432375 2.05045459774958 20.3355475680872
18.5093575221171 38.9763535137679 1.9073657062836 23.3929959300875
14.3181033473464 39.3097238528933 2.69065293855965 25.2081359501897
13.2269463438200 42.4936557365164 6.21903808624484 22.1630981544002
14.0286017430836 41.2765941843541 6.49416008812909 20.3227782499014
14.0712457894404 40.6588461236426 5.57110039819199 20.2803283542486
15.2551547502224 39.4538114765057 5.5806526902521 20.6861429842280
13.9814627635765 38.8350762669326 5.39263403065669 22.8227929402232
15.5235125291634 37.7839722251028 5.42078054881821 23.4646132005468
16.3979861162479 38.4705499288724 5.8674921025607 22.3704238269826
16.4329472936514 36.9700233986699 6.50998743171937 23.7378807911997
17.1909649034786 36.5054513761358 5.48735772948846 24.2449000865569
14.0202819148686 37.2672168410991 6.26502620396338 25.2265586337423
11.9233698586610 42.669096096759 7.085152753537 23.3335542442625
14.7308932284501 41.8153936455754 7.01479032446724 22.8226760863364
16.2932743311536 41.8254737237265 6.92026347920392 23.2089256704823
18.1702054042977 41.6977627257682 6.31968790243474 20.8411984113083
17.5950990656998 40.6348519220765 6.95544869217184 21.8249945188530
21.1031635312971 42.5404267874466 6.75392562710657 20.7792843137525
