20.2004364278411 39.8175207628866 0.732746966863307 21.4180345501087
19.9739505766203 39.9333999260413 0.221104963682592 23.5015744672425
22.7130733818059 41.4500930897044 2.88282951666042 18.4711871541373
19.8614511057978 40.8085437757978 6.29282452466578 21.4270881259150
20.8536848254745 36.1383832081917 6.53883798790384 19.4017651149340
23.0012930143868 42.9057803176108 5.41720590367425 18.9750103022240
21.9903959896083 39.8009838532574 2.86312466154401 18.6695844991297
23.7471431590285 39.681101378604 2.93775986729417 20.643618511425
21.1804571598576 38.6455463950479 4.32720979648969 23.0015192138195
20.6716714463936 40.6611399714673 1.91636623299076 19.2202899478540
22.3106286255450 41.6980756910449 3.49684369607224 16.2613248139784
23.2960734203299 42.3654196092790 2.29750872618292 16.3061457895173
22.9039730191072 40.7110608081976 1.74833279312588 17.3206695190437
22.2172048644935 42.6548565634031 1.29244037345052 18.6501996696733
25.1641352284650 40.2558115980092 4.03497844794765 18.5477588533230
25.4133196041931 36.6853158784534 3.94501856452632 20.9069642892912
24.5462611873646 37.5054299299109 3.65407477686028 20.4824217476756
20.7260713732813 43.179995698345 1.65819067944619 18.0071456984490
20.2460639939656 44.9967090570863 1.00497407675721 17.1230525597272
20.4222706693237 45.1083908970031 0.472320098429918 20.0495360446436
19.7380282429059 47.5867105579746 2.86176549154334 21.6592195946066
15.5797860684817 47.1796493760121 2.97393952729180 22.9153240685625
13.6104308019404 51.4367915714902 0.715411979472265 19.0182043136371
14.5115474832256 50.6678289763446 3.44766058749519 16.6880549815757
13.3437144362380 49.0895167446512 2.84130830015056 17.0536022857891
13.8243888511335 49.9781422281651 3.28177709483504 19.2247358170466
