20.6115378544573 40.2705950212354 6.16416088568686 18.8637906247645
20.7655175591726 41.0226800386736 6.25239370607479 19.3833781964988
20.5095580064599 41.1830318799185 5.3905466350977 19.2709057498634
21.5044095667917 38.7941556513696 5.15627198287649 20.0719424812034
18.5538039893319 37.4002984949774 6.64333439096967 21.6239557126448
17.1942573167791 34.3320197806514 8.5782833607171 20.3618519542646
16.0501721311768 37.8910916520435 7.86236943656135 21.0420242858958
18.3337070540077 37.3906429943781 6.57390290035422 20.9684350810852
17.7124419983960 40.9030101344142 6.6855345305756 19.5764852300193
14.2107669905311 43.0285658382963 7.23032996129736 20.3094226134848
14.6493976086861 46.919616796027 5.36219395000048 21.7800293177273
16.940432865966 46.8199087953634 2.87975457591496 18.0762566117477
13.5308256306237 45.7374279808636 1.58462200082399 19.8238907295075
15.0381597204617 48.5650758278502 2.10886939452030 23.2175646859017
13.9824236713833 42.1958921701593 2.56064764433540 25.5371081490796
13.4539459178707 45.4682531520827 4.68554823822342 28.9380324461293
13.7074457517377 46.2768873443744 5.00276939570904 26.9320366871682
11.7024607247225 45.1259529201231 6.11843925761059 23.7410196229023
10.8388700875006 44.0080098490936 4.10484092286788 25.1003393572894
14.0243112536630 38.2223155889434 7.73979727271944 24.7514129472104
12.0608431509248 42.8492619711679 6.58394602057524 24.3886372042027
13.0877651859558 37.2573739602004 5.81593036019988 24.2209969204989
13.4382211221877 41.8176323422004 3.36008633460663 25.1591779842763
12.5397995589796 39.5529419937876 5.50005451982655 25.6064008271112
14.5159359872836 34.2507610213716 7.59270224740542 26.2110610505629
14.3754397463548 35.9126168875729 8.76751676128991 24.2826266618509
