23.1384007983645 38.9406184742021 7.39822987036992 20.626478409292
21.8100850860482 35.5537132994997 7.31828067893978 20.315032437707
18.9754967930621 34.5174307831309 5.36618368280936 21.3741170618918
19.7204221011033 36.0987279599756 4.99902747059126 21.6940751907754
19.2755108261757 38.1177415200206 3.02949523517423 19.7130389871173
15.3601823346965 38.2643138616974 4.67106679225458 21.7677028827467
17.6875522444301 35.7429435341316 5.39882291647723 22.3521021442585
17.6700674937963 34.2405068077001 7.18776539693704 22.7074292376995
19.8149211229682 34.6133098199919 7.38810626165127 22.7073768508047
18.40043909347 34.6971297053896 6.18419855381477 21.8250764011856
17.4448003951678 32.8354735462457 6.83537154216434 23.6319877719026
17.1428266672569 36.756396600464 6.97460223467579 21.1368112908196
14.4438506265381 38.8343697233988 6.67632923542073 21.0521707338732
16.1444094235323 39.508253936491 6.73092546510993 22.1854531298842
15.2203123552464 35.8877084006769 7.6862264788851 22.2983815779823
13.4829237946980 37.3765798009215 8.78718327671772 21.1786516316149
11.1561899289228 38.3748279431118 8.86400557383609 22.7442730961281
12.4532490402199 37.6762590620881 8.5802057821275 22.563350621416
15.0126741023361 35.3676294553923 8.19298482251818 21.5144249748551
15.3627288944646 32.6562981436349 9.89544991692657 24.5948941957318
15.9533878564488 32.9340055149506 9.36660583559553 23.1131242952312
16.8659857446617 30.8163963924826 8.97890822020293 23.7526784968564
17.2421123201864 32.4581148505653 8.58623675782167 23.2544047889302
17.6880927650705 31.2063230949321 7.17671394524098 24.6632711404005
13.6906475728824 30.329906254539 9.67620180513643 26.7789279071482
13.6928486402637 30.5945750102379 8.52754085197978 27.5078227164092
