24.4435391226567 37.9578643944472 7.08467942673363 18.8857887767446
24.2668413106136 41.3216681583211 7.60543703205533 18.5756811386165
24.0921165047555 38.9552499406342 6.44992764421389 17.6857930662301
21.6610217251225 35.7877158904911 7.32039151610239 16.0416177723747
22.2968278511542 36.5549141644032 7.82744073333413 20.5821939835515
21.5592261376617 33.1459512836763 7.30813085242369 20.6577364782062
18.9739200771612 36.0185407021869 6.72093271488518 18.4596784783718
19.0529017557007 37.4097006968753 7.01541152076768 16.9747329333988
20.0064540325281 37.8558685877706 6.74652186668166 17.3105523612541
20.9655268570956 35.8220084095073 6.870572445348 17.5548790710237
20.0758182416112 37.8239512978752 6.16119374181373 17.3981751834329
19.6957262760505 37.5277497875203 6.89845222843732 16.7243346730546
18.4535308165153 39.518570927579 4.38372989152742 18.3072807453871
16.8649823598688 40.2636758516028 5.16119887810385 18.7988167917655
17.3363494489467 40.8354934937548 6.32035826390203 19.3933862673221
17.5919668085998 38.0310355752055 5.55810438241555 19.2270231258226
17.2733152726303 38.1822457756761 4.85035592602935 20.5673804927719
13.1344064966066 40.4558563605586 4.2252970824468 23.1116213547876
12.9036357652618 39.5465386847973 5.1054311268824 22.4491325552454
12.0542752949107 40.2265161874711 5.55332385766383 23.5194814354991
11.9637714789031 39.1917252851264 5.88657716027524 23.191053988493
11.4512236990748 38.3625259350226 5.81610077649622 25.3077113328995
11.4056985080631 37.2625856132989 7.64250926143551 24.7229116275795
10.300825651774 37.8851949427088 6.39790378888339 26.3739178940542
8.79048876428234 38.9741557978223 5.28464596350878 27.520945330698
8.17395112161713 39.0448900907435 6.27453943031945 27.5789012296423
