20.7408959524497 40.4490026790105 7.26777959446981 23.2166576654498
18.1234549538954 38.9477276532367 6.95610569648456 22.9185032005553
16.5650740232109 35.2352972150608 6.64723101725276 22.0450485598811
15.6284255694228 35.1855494895777 10.0222112746990 23.2258444166326
15.9493461025441 35.8328798536187 11.2812130387022 22.2047593268734
14.0967822733828 32.9356564214265 11.9888210260743 22.4094423028809
14.7686422339996 32.1135490198857 9.85153544381877 23.8320692592469
13.3357407891547 34.1558867551636 7.5706669271185 25.9629452371364
14.9814195447122 34.6058334299013 7.6983504362597 24.6124471559515
13.5769783640732 38.7414873100565 7.39807518894849 24.4537334825125
15.7723697284026 38.3376564407756 11.0089872260305 24.5333192866918
16.6688619946111 37.7649657766994 10.7434987509350 21.3747557221603
16.3856915813852 41.7377855530619 9.25999922093068 18.5017458839964
17.0756443368693 39.5403373082110 8.54711374195357 19.8898886234191
20.0559905043294 36.3483260501403 8.98195500718487 21.5776529914391
16.9316929785956 38.5124000139129 6.69506243756099 24.0879265439388
17.1097871188496 38.2864179094053 8.8767411271116 24.2828445515287
15.773433756073 33.9136107614926 8.76713007359656 25.3085094119113
16.7252757037524 33.9303547474286 10.7526907525838 23.4762437796843
19.7095278154044 32.1953936610101 9.4946186422252 20.7782420662445
20.8450596553190 30.9325969526275 8.0083611650274 22.7493993315245
19.9481648690142 35.2490783343574 8.13968720361819 21.9932265422637
17.9677599341683 36.0750442660878 7.54427380631906 23.3712875900189
15.2246161423896 37.0783777486671 7.97458285680269 24.6812324348236
14.6376964258302 35.0098365080608 7.51045928049429 24.2178991922508
18.2705118898923 36.3123014995677 7.18496176057092 26.7608735404308
