22.3470714581923 39.8275851584374 2.89038128853111 17.556762143246
22.2289083615112 40.7153184938913 4.76813244917696 18.9219320129819
20.4884504504668 41.4580769346764 3.98058098233571 20.9919605685623
22.8600474404828 44.265807510628 3.30937861565673 22.9764581185059
21.5461477730307 43.5555883555623 2.58612798736431 22.9529070623444
22.6066698199021 44.6290818245823 4.56025222199969 19.4266189320238
22.9956953450921 38.8391865825022 4.24065431789495 18.0672244036834
22.9251546459156 42.0401054963668 4.59392512310296 17.2986901782717
20.5309657510253 43.04984897731 2.23525989032350 17.5956957357268
20.6259769722703 43.6835716545466 0.939436511602253 16.3301215585228
21.0081428605946 42.4218867734890 0.377897375961766 19.7996166668739
23.5592031571897 43.7170309211943 2.72619379777461 19.0452883331012
22.8416874601828 44.932911562816 2.23059441545047 18.1839125988912
22.9075469428065 43.3332759375595 2.22796806693077 19.6197979691408
22.2847770952942 37.9920708104879 1.89375601461170 20.4682014911547
20.6042122940856 38.0139216790818 2.25725261176949 20.2549664472341
22.5330496585092 40.0463099308223 1.78961580324930 23.1186899329647
20.4460230587146 41.9427164466125 2.58782037603669 19.7226752798184
22.6811554232708 38.3922707325783 2.37530447860071 18.1895404282137
20.4501477187595 38.8340918308463 3.72284125504838 17.2474784433022
21.0060660833102 38.3564485030587 5.57593096504742 16.3690566244647
21.6223780275991 36.889343005187 5.36015352994026 17.2496656022008
21.0029250779858 36.6327394112206 5.41734577264459 17.0961401798736
19.9989208087198 35.7805467375767 5.80371352206738 20.2871881309318
21.7065293492622 35.0845375584652 6.4727395255194 22.4900639783165
22.1054840294174 34.6659744565588 7.38124611522825 23.0754935564047
