20.3613967701283 37.0718148003758 8.19523202014673 19.2086925709307
23.4769303306428 38.8974734127947 7.5071747008856 18.6971835370793
20.8415202797812 36.4195682948881 8.504570241273 17.6770944406896
23.6560960655523 38.4786238467746 6.95580831561292 18.4614513961285
21.5985123441977 38.0303067401674 8.59595788638162 21.7279031628429
26.4518406457690 39.6037756092537 10.3238553744905 18.7956919714495
26.0674728278769 32.7324284668703 9.5832414548077 14.8869668354898
25.744220527145 30.5309781087344 9.3799554521062 15.6999834522291
27.0503836230142 31.0021149199237 13.5097717705027 16.2302790309323
26.803182979747 31.4234310170977 13.8721855542932 14.9886643036289
25.9024186231837 32.5822277363731 13.8728490034323 13.2717980329899
24.0095909135310 33.5054357955991 13.3948615629522 14.7154714043273
22.7148458603664 29.2613755395463 12.9564567154692 18.6624827316983
23.0512427380203 24.1527113373479 13.0425009862729 20.3417092111914
22.9201210661253 23.4699590690413 13.766435984597 19.9416512462331
23.1295180138729 24.9953743154162 11.6072013856738 23.2850638464851
22.0401988331149 21.8615048741677 11.0112590645346 25.9733289438126
21.3375719982993 25.8906816118152 10.2604460737108 25.5172500177113
22.075148592485 24.7299201375753 11.1051779952862 26.6613276214165
19.1614992737452 25.3804207191751 10.0655493997441 29.5227122946229
23.7673378528710 27.5067966200983 7.41120689506022 27.6543363664817
21.9488083213285 26.4937343944436 6.81557892034141 29.4771364199275
19.5767566464559 27.9018098793564 6.14613687833151 27.1585961047837
16.5393918283001 33.70478408084 7.35351978339566 25.6857928288325
17.4813232008086 33.3577652233535 8.05692715434668 26.8528174859628
17.5975174490080 32.3708656019895 6.87910694344642 25.4407039488822
