21.7123145040276 40.7435334146962 4.07551527218536 20.7345464777133
19.6278204590234 40.271882929393 5.07971158350187 19.559522547566
17.8414210965039 38.8003486842112 4.95082377251962 18.9949420120499
18.2025287989430 38.0337370708779 4.34570462588013 22.4113275909728
17.0978136677198 36.3930447507963 4.05512520652988 22.8101041271742
16.0051414190118 40.6256953339405 4.10695105726623 22.2530442701112
18.2151650028562 39.3078202150144 5.3126091228221 22.0600055718254
18.8362625923446 35.7370683011912 5.52820641004024 21.3633927974310
21.163747814714 35.6789262679967 3.43836115991241 20.7244124641222
19.0097322879225 35.0073027727985 6.05985199933726 22.3445773725909
18.8964261003405 38.1868022098997 4.99971566569651 21.1402223127856
17.6756987511806 38.1090700052418 2.06362431693482 23.9912133558307
17.0093136188792 35.5376805002679 1.68009747179816 25.7978533801277
17.2954130984129 35.7571521409074 1.94828109559603 25.7481132509772
15.7195288662567 35.9313031217536 2.71571931964718 26.7976149529002
15.4651866913448 33.5954463894297 4.69776306906715 26.6974228826679
17.6356353633712 29.6596173553545 5.39811789337546 28.3918773558794
16.2319712401043 32.6527780031603 5.16234166139725 28.9311989072647
15.1296822712432 35.8302221074191 5.03514607162905 27.3424761073601
16.0508293076093 36.5147167474473 3.53026305113888 27.1197454773968
17.8112509980675 34.9091273427451 0.925936429975245 29.4541699889263
19.1639877421658 33.3336893396893 2.15103148994967 30.3385614178290
16.1534611344214 35.532514270428 1.22733453498222 30.8267149648776
17.7479837661486 35.6837972235264 1.00334301847033 27.2069456878265
17.6160542549861 42.6460124859916 1.04443803336471 23.2624533002363
16.3836936964018 38.7174418508145 1.02530697500333 27.4576655070396
