21.9293639219028 39.7921643194121 5.62350240912528 19.6212491594972
20.1734413194132 39.9564239799354 6.55311685990782 19.8309625710146
20.3331640648318 41.3217053802062 4.10248581859523 19.3851612356277
20.0768299565313 43.7406398139272 5.68062792000601 21.0648443090515
17.6710692061862 39.8952684189164 5.84020208478214 21.0077997606173
19.4007734074077 40.5085810967822 7.05957671835023 17.6376903377819
19.9318515774614 40.4571395465274 7.244823573779 19.3765482135286
21.1267667418727 41.3584340904009 7.8771695510183 17.1860460905527
19.1931210110345 42.3781813588094 5.99291133811476 17.5446648770409
17.1718491498762 44.0536863789994 6.90009031887876 16.1850119170196
19.3490243150302 40.4198911059229 7.25927700708398 15.7287970312200
23.2764146697157 40.1057009936549 7.12480313405145 17.1264206462501
25.7112949515143 43.9105811498366 5.26448057573039 17.4719599907247
24.3103913754606 45.4501316055894 3.13274737009529 21.8497135669885
26.8648545571053 46.9566306706756 3.95359026435513 24.9413976020140
30.2311543502295 46.453867818439 2.74537260206166 22.3932428018151
33.8245268072245 46.0578931525029 0.450182046086823 21.3027725464625
30.6722725675685 47.6949336707271 0.657112424494699 20.9105387519075
29.3677209564938 47.8185687234305 1.76706171431579 24.171342038669
23.7552871662646 41.9444611581653 3.99745062538398 20.0464653960693
24.9597303295030 43.2898187080764 3.3938977407289 19.5721838523572
25.6311482913301 46.6345255307287 5.26495128856016 23.4402504612630
26.7050559376806 44.9567767672606 5.66625902252247 25.1293248192345
26.6276186653853 44.733075133282 5.26913554370378 23.975671394070
25.6876221153371 44.4787859285616 5.32349891504248 24.3792450961595
22.3264054044567 45.158073479757 6.08280297215072 20.5306251908590
