20.4507627074103 39.527248402064 3.80771331183216 20.179320248497
20.0367480471821 37.6403866581929 3.83823381966515 18.9748588602071
19.7552466450350 40.6007270057996 3.61076313370443 16.6767669661914
19.2211957130850 40.5753761799385 3.13313169270017 17.1860364793812
19.1392593677819 39.5839730183904 3.22435169834838 20.4728801322182
18.2713186296553 37.4051413212234 2.50806278111607 21.9404398529848
17.4135555363043 37.9674204401996 2.65115218148761 23.6911238093801
18.8935974499924 39.1923834420372 2.74557099100397 21.3949924248211
16.1932914507358 39.6105556656125 4.40705387407232 20.8624608357176
15.1024985275067 41.0767988455931 2.62793549752112 21.9863215511351
18.1421339734455 41.6742145679418 4.41516649114217 20.1819549737184
17.8080442034637 41.2251952704500 7.46495754547666 16.0611872667133
19.9674870304632 40.7028123751944 6.48698692302794 17.6975133767037
15.7493888631332 42.2938500695592 6.31367290501247 18.5221083819552
15.8961243934799 43.5753504975429 6.09423241337526 19.5742347998230
14.4222994482014 44.0394167110054 5.87132472304392 16.933226597059
18.5089323881883 41.56466043803 6.62570486955109 18.0103530423077
17.0795773954931 43.4044126129439 9.00403686069648 19.6942203683140
16.7065583838019 43.9983511150683 9.28726367598164 22.5369911021846
16.5735712356735 42.9407708292224 8.55101671277878 20.6446976498994
17.9621816294137 41.9245926101089 6.91180184714829 24.7473936551543
19.0409137595314 42.7601874038905 6.31226651904506 30.6721732369917
16.9556809466201 43.0103720912107 4.77924073439424 28.9344939473378
20.3716214204076 42.0484783194356 6.50829102912319 28.184784165939
17.1768235314318 42.278680355414 6.80237022552972 27.4891500448637
16.8536598423176 42.0473908415392 5.63832386372012 25.2687481079368
