19.2375289170798 36.9392481552955 6.30765790270251 19.7340257614335
23.0119416366127 36.2186008697482 6.09052428264712 16.7873146999112
17.3155077273753 41.3103769981409 5.99313208056566 18.2818036749443
19.6513410226238 38.8353342903884 7.56627698420499 18.7209822171783
20.4903560880736 43.8935075086648 6.79903721917372 17.9968398259437
17.6518605904818 43.4666660899403 5.46168794404667 17.9441269449374
17.7094490951091 46.1196354125733 5.27840824329639 19.9539544553911
18.5116382729426 45.7475363909355 8.1677722023815 21.2327937632283
18.2549295969472 46.5193171854219 6.11057599340715 17.5570141517812
17.5442127086386 46.5491171108353 6.49579629521035 20.8894963910127
16.5055939894334 44.6953385096769 5.96135839992353 23.1925060211936
17.9778752175542 44.1954652720118 4.13071963014231 19.6695158372888
16.6769277432385 46.9135966051357 3.04129117690177 21.0355998718435
12.2869808624881 46.3597664155053 2.45758493780158 24.3606902689928
12.6597769751596 50.459694111004 5.08155707968399 22.8971061141485
12.1258231763001 51.0702628486642 8.22056186478585 18.9823290867055
12.3122057088710 50.3350968974255 4.71756033506946 20.4177459763222
10.2813216081512 46.1088654425539 5.48166064848893 18.8718949925014
10.7500523303803 46.9849943101371 4.84975521569842 18.4870363041618
10.3980573251080 44.9774801720223 6.12564696442106 19.7216919377306
10.4237982745450 43.1635180662179 5.63148304479472 21.3934553074449
9.96417521342453 39.2666656919844 6.43798210690074 25.0689799725046
10.3358680646623 37.893021177759 7.20611112759724 26.851233946622
7.52965604269306 38.6184079694669 7.7510877923043 27.8786570229536
10.4860266953463 35.4983528942092 8.86690219942756 29.3376491065105
9.17336510994832 37.3664958506113 7.88152164416105 28.6839727608397
