19.6549936470869 39.5174176352348 5.21495250073315 19.8568941715990
17.9197119617196 39.2769959913438 4.51618547361397 20.9029474442710
18.3881817340602 37.5663475821729 3.69340042114311 24.6575198124979
17.3324599775104 40.7878673281106 3.52534101350963 24.6355875569239
15.8516028539007 40.0929580893884 3.08985198684217 23.9841534768355
14.9118694864874 39.8534949055913 3.55048512363987 21.9162418472704
17.3617403560048 38.2731833304589 3.64499600971058 23.4895338651848
15.5394119580391 36.022620637984 4.17360012304905 25.7165114192068
16.8235031781317 36.1244310247643 2.48218849908496 25.4012239523922
13.1042978647695 37.2500783954678 4.52087491496402 25.9247326911186
13.2357448577480 38.7932256872562 2.55507663918595 28.4490390517508
10.2907818067418 41.1580446382901 0.377384113156639 29.4085577412987
11.2393974525940 40.7852015925488 1.79019206576049 26.7932961666423
12.8937114623351 39.732641361809 2.60703273676336 28.2600780156839
11.7631070303707 39.9297084536391 2.04218532540835 26.8666777236502
12.2077964237873 41.4533364731529 0.284400131553411 26.9754905294318
11.4446286597271 41.5373427969487 0.0145993375132071 27.2435623967701
10.9725393160138 41.5054670333418 1.72749122225272 26.3951605777566
10.8021364054535 41.3113656620865 1.78135922163393 26.2221008112462
10.8790088753108 42.3469027039719 0.292336342036705 27.3995434392051
11.7229199451960 38.6699535815169 2.79173353035003 27.426675606686
12.3843433748175 39.1475750170309 3.43097826163284 28.1574319798307
13.9572265414104 36.1273634854459 4.28913527870018 26.9967187709914
14.5815837440312 32.4195320579909 4.30367045084709 28.7843298094155
10.9617762147680 35.5786747616172 6.24996315365421 27.2551787790968
12.6014667750568 36.1916449650125 4.29716858401131 27.6959773681252
