22.8219422066890 39.3361905733248 9.24500955662329 18.7669002913639
25.590361561843 35.4775401450819 8.71069695392552 20.9587233054221
21.7144945368476 32.5214192865902 7.6861724902331 20.7893274069533
22.6484875765516 32.1194295345279 5.7266033172994 22.8486806197793
21.6902964257522 29.4422283645193 5.65605679526135 23.6273532660914
21.3463686150723 31.1708891496449 3.39372478927563 24.523082646195
22.1804868382649 31.9536150398679 4.10871115045697 23.9397492105481
22.1110494639040 32.1353986900136 4.32855259039176 22.9825588305304
21.8439359131944 34.1872706485159 4.27299861726007 21.0192908699447
21.6345873277378 31.8353002424447 6.14900318012028 20.8750688162455
20.9571865463359 29.3019477146773 7.39415637837178 22.9164635156104
21.0159464191375 30.6777094625032 6.42070003939248 23.2320105455409
20.3820650526801 31.1850082249476 7.07866274300418 23.9865574281256
21.2358703960910 31.6726839307461 6.42347087236508 25.3081444932364
21.0508258810670 27.9112233201252 5.8246328333897 25.4236587710315
21.1223180864409 29.5026477298173 5.67478551031477 27.2941407296443
21.1202661426427 27.5606955767083 3.65184497451796 28.3294522915877
21.0578739059778 25.2663055441747 5.13952181176669 28.9458220813396
21.7510517252299 23.4362876772348 4.36436547580705 32.1192209141301
18.5419477183595 26.4746493625853 5.57034453277478 29.8831168895560
18.2376976847872 30.5687599315706 5.25599680135959 29.2647554378929
18.7515677117034 31.2629313148749 5.18103710214834 27.0997607482570
18.3499382354675 32.1234338876033 4.72231989971755 26.9347521604942
18.6557018521279 31.5908541526818 4.22257660714371 27.6546973773766
18.3953661605374 30.6999206818813 3.66199095364899 27.7346927478466
16.6623771855266 30.6780843017206 3.02086603785173 29.6678015764928
