16.7743631878423 39.5250375737832 3.38364793352702 17.1950363215977
19.7870614973383 39.1121924747997 4.52870418915445 18.317485498915
23.0393764812054 40.1424550586665 5.66812632225373 18.5291223018942
21.7740797770696 42.4132625549385 3.75178890760908 18.2165981222577
21.3351348151939 39.2214951589988 4.84632987614641 16.938756050419
18.9271751928630 38.3106903150031 5.00427813191818 18.8365277777127
18.4356707825812 39.3518070702715 3.91067190274516 20.7664619776122
18.7316693293288 38.9208283204524 3.08555828070755 20.7582729081122
19.0816175446272 36.9564994111596 4.4328513973255 21.6046298254377
20.0114361087218 37.2923962720681 4.28647619354455 20.0823963094598
22.2983397005483 34.8898138298058 4.11031019475652 20.5295163752607
20.6454426089659 35.7172389990986 3.29777534443294 25.3829308241701
19.9988728298232 37.8897875459398 4.75596274642614 24.8234735425657
18.8103227612725 44.238708515698 6.7074574497283 25.0872371258310
16.1107829555101 46.7633795070752 7.10633985698476 26.084987833733
16.8154275175542 42.8435186034358 10.0347193658843 24.7131148088718
17.2154207127527 38.5014418119854 11.2547972626078 23.9422848444427
18.9575546716299 32.3568343323014 10.6860161256070 24.5482406267891
19.7624307849403 29.492467922808 12.1019166968788 24.0588522223750
20.8520094619091 33.3134184574684 10.6777211211181 25.2416512793902
16.1906528572511 33.9964556691212 12.0160447338156 22.3558811848092
16.9150770685594 37.8529584740378 12.6886774883631 23.3358407379169
15.6575103753205 34.2035977907568 12.6245284252825 27.2301276843104
16.4984663405414 34.1843667949639 14.8948722181175 28.0009947004769
16.0895071347601 32.4372449388817 12.7235501599297 28.7062731363749
14.3680858678541 35.6876468069009 11.9775099252174 25.3223178821554
