18.8188630958996 39.0004633764337 7.0961456670066 22.9879489704461
19.1990375194676 39.5881560188346 5.89713863573164 21.9145386224107
19.1404448460765 39.6041549581062 3.71173525891393 21.9350431654591
17.5445954414819 41.7517384510586 5.25899599898733 19.4242414189491
15.1301827111085 42.9047972784477 6.26184894122191 18.8550389455620
15.3445525574702 42.7274468338784 8.31744767330595 15.8203490283328
17.2914770061973 40.4510304641645 8.88230759674691 16.9062560703594
17.2710413451198 39.6004951221604 7.82120504417465 19.3211574644712
20.1933064090911 36.4680746139694 6.58222853533 19.7536849115905
19.8390402418606 42.0201707130965 5.50908308221035 22.3916072675723
17.2096002508931 42.6660487592534 7.65040550130967 20.2618638377401
12.2421732849486 44.8190766895232 6.45345342896712 17.8665851565174
13.3948915537496 44.4121726852911 8.00810459597269 18.6301100054852
14.4237203583517 42.4539157653909 6.38958452424267 18.4429531147375
14.9106094200651 38.9498755530205 7.82617692501517 19.0579789107337
14.9988355326022 39.8573132007133 6.7748527195421 18.874274392952
16.6514839564006 37.2691732468009 5.88036355111981 20.4178867482452
15.7770406628514 38.1814108262695 5.55514401455209 22.2759123534964
15.4013245950009 36.4063536436639 6.0352051058019 23.2543832433478
15.7860785739908 36.9269411620095 7.06931446424484 21.5987138698877
13.3957578780541 38.2688405239366 7.20421765932612 21.2139519124087
11.9769828904832 40.6694780746817 7.55565509015493 22.6887596809493
11.1375796068645 41.9849218823077 7.47790334375374 23.0271320712074
9.1576388180441 44.6790371901340 7.76812860730694 20.1265355781035
7.81686469706645 47.0062750132584 8.02840681927145 18.4590457356742
10.0051981195931 47.60403235499 7.10845331489778 18.2851012222279
