20.6068985216436 42.5613847285281 1.39078093758064 18.0082576406723
21.1744269780931 42.9576800250221 2.75000134413131 14.064707441402
19.0491619749111 44.2597500441461 0.927122443215922 16.4193348047858
18.8051393728023 39.2577663102714 0.631644693436101 21.4096861725276
19.0752415645188 35.3374832297270 2.41494190064259 23.3360383456176
18.202668696017 37.8658878631043 2.30348318419419 23.0627800719092
18.3001795162717 36.936533254114 2.81473568970971 22.3956335419068
16.8537088302349 39.2749272990125 2.10000020735599 21.8104177132845
19.0081032806313 37.0742607950317 1.64402858914032 22.7456234519139
18.0442238732478 37.9448772156572 1.92334001419618 22.2236716157071
18.9699136185599 36.5514321264521 3.6287381615113 21.0133304602806
18.7956979526398 34.6185837384667 4.99396475181873 21.7664853991672
17.0605219956678 36.9646400250824 3.68508749977644 22.3921352024853
15.9350709924665 38.1778936158264 2.53667530072685 23.8579087585107
16.1499518687885 39.0561978915874 2.00371109526585 23.6762703053550
15.3128340672679 37.9896820837601 2.26945583657342 24.6471576319904
15.3496696866907 38.3429460671285 2.90033302860796 24.5179777231093
14.7731622226395 37.8656239217323 3.04765289150451 24.4898332293046
13.8581388956074 37.2110665459474 4.40459663456559 25.2490818726773
14.0274753270986 35.9598086950581 4.33875791409817 25.9986178831140
13.7593913579674 35.9777733792406 4.0826336439496 27.5152118236701
13.9289478664869 36.2650035641891 4.02572940972920 26.1144352680495
13.8120059905483 36.0612816846597 3.45596730499870 27.9889644537544
13.6181755907743 36.6823489542397 5.27271105023442 24.8260423366625
14.1195239614605 37.6477176458798 5.29174127045835 26.0803325262565
12.5620040458761 37.7097890640481 4.60631206779775 25.9029949663851
