18.0353058122692 42.1808320828024 3.52817967858771 19.5155795437419
17.5523295321164 38.3771257898081 3.88459393287683 21.4257102615335
18.9612402117474 40.7579403352595 3.29458307310613 18.3426054601693
20.4543989284558 35.9468316344694 3.64058322202088 21.5793892553637
20.292939663179 34.4661084178053 4.35380949451262 22.7619655481985
20.4246031697209 37.0577191242713 5.92472612644534 23.2984067773212
20.1711668501909 36.1682600031824 5.22313299259159 21.2609116904203
17.8146421737094 39.7804467279681 4.03015594925719 20.9074038699035
17.9106456868246 37.4400295273313 5.96557912506151 19.9871908680611
18.0717157747492 34.964957976867 8.12390345470968 20.2935303726644
15.9706336919114 36.0567268953334 8.68941790490399 21.853201676314
19.1969602062745 35.7249331732521 7.5980131029709 20.6953998377223
18.4518942808282 37.7723897716175 6.76320910529189 22.1098457836446
18.3070197577804 36.3665730252237 4.29119856568009 22.9945917884719
17.8309529933362 37.4749546039030 3.35425372929286 22.5295911515963
17.8858040801465 37.1435951792167 4.02451775311467 21.5390852461228
19.4664460454603 35.5504607531705 1.64620727971170 23.3764677825043
20.1000298127999 34.3502534103111 2.38286162186388 24.8272544716391
19.8832206549072 35.6713933667263 3.21513486928281 21.8081582187417
20.9530017336304 37.9142648668338 0.703473490509073 25.1573216150257
19.9769914028993 34.1433170658845 1.74017816106789 24.5906330420378
17.7207001792094 36.3010285124916 4.9746331007652 23.1332861941755
18.5238357707685 34.8969484822659 5.61424553070226 22.3801027286309
16.1816278882702 37.966534525512 5.04450500017224 24.4241589318472
15.8255423317109 39.6144514893016 3.76206368190428 22.0330886106729
13.2019495154177 42.4377918837682 3.80759147232766 20.8890134861484
