17.6903743412641 40.8486820799988 2.24905004589881 18.5098925916924
18.0878714056981 41.3902526535783 4.58055030722234 18.6521252109455
20.8013694057537 38.2389657175362 4.70799746695037 18.4949109186204
22.401450066298 39.3840777617142 0.812700654147193 22.8354005845981
21.6885434691159 38.4241996051424 2.68883684417233 22.6094460137906
23.4430182049347 37.6834032966436 2.75789191620424 21.2582784672054
24.5063060684425 38.3102244108596 2.68868864364769 18.5264914952936
22.0568559695331 37.4370454971359 3.63346731653284 17.8645760430741
23.0804774942172 39.2482099242189 3.08254613694582 19.1986410910981
22.1179113806257 39.1562359628879 1.75596619024873 18.6085835387227
21.5749337755548 38.6542003078067 0.912844258826226 19.1999415652123
18.9046633978353 41.0224912909471 1.08652925840579 22.163995700818
16.9140079393031 41.9630006847584 2.13144141342491 20.1945817153197
15.6260812272297 44.5664016965457 1.11906874249689 23.8551336004627
11.5418905465843 45.6803191846848 1.92422598134726 23.9996385969266
6.59376027638294 44.8638483819232 4.3410535833621 25.2092705540404
8.64616222044654 46.0210872937606 3.36268110615409 26.2825068429818
6.89325878786124 48.1356857706685 2.08530180291481 24.4335880976876
8.37208318820424 48.8511459775161 2.85788156460247 24.9889087210184
9.42924513219126 46.6947421539193 1.5441735898631 23.6854752086809
13.1968542972413 42.7786985296374 4.61429022811353 22.4851054901963
10.7620188008828 40.1917608497282 2.81427169352485 26.4440498080810
10.4107365265322 44.3246497796466 1.00527834001644 25.6476758810466
12.0837225077508 46.279311381801 0.255838616983965 27.3633291254526
13.5765357959849 42.6521695983214 0.727277351310477 26.0282613503783
12.9185224233029 42.0815569162918 0.700188136193901 24.5437702867473
