19.1042060371507 42.3556235198264 3.51041309461683 21.9344451184398
18.2583609096725 42.1878964880814 3.36474587168549 21.9641660240209
18.5314988218267 44.2691998182197 3.45933404814277 22.8594703108734
16.7763935644469 43.7005491154734 5.95438034523104 22.7305644278144
20.1213032286904 45.8217897884469 6.14569465460081 23.2001455987534
23.6791280377946 50.4404624736129 5.23456963028584 22.0380557375189
17.9941200111351 43.5560387324735 4.75969123073987 19.9363153267680
15.5470416508905 41.7269350265345 5.5459296291428 22.7434355894132
16.2051343107886 40.7470500400057 6.14635769489355 20.1905481375782
17.7062779063873 37.1962274602381 6.36674433829573 21.4318137539579
16.77713143216 37.0860685743889 4.92929812683103 23.1840737739606
15.4051167037852 38.2204080792641 4.87109386710761 24.0827382084011
14.4177025588743 40.7348281466899 5.74567500198571 24.2394678497716
14.0437957611449 37.6564762685945 4.61909909516137 24.2247164182393
14.9169728750605 38.9525520392715 5.06646047665302 26.8235661078273
15.753822434159 36.4557895782425 4.00656217446115 29.2109237227617
16.3734103920180 37.7048163389641 2.95456360785786 27.8151328468724
16.5110501148049 35.825989437664 2.98440941439506 27.3215744412726
15.6904591344539 34.2676358370531 2.53056062103359 29.4770213767176
17.6230895807927 33.881240240216 3.14811845540179 27.1373606390541
15.8721379741145 35.7233736537506 2.24401816818863 27.1486497289723
14.7525171178149 35.8719082381632 3.50184993236326 28.5891531138903
15.4572007439382 42.5319142449074 1.74637087038718 27.5296232483321
13.1241541865564 40.9376448337347 1.84721934841946 29.2549066279425
14.0820953852779 37.7040946024566 1.83481872431003 26.7956979941918
14.9183758895195 36.5851932410352 3.89399039628915 29.7576903613626
