22.8510316234200 40.8384052976531 2.93446387848428 19.7378667857911
21.9767524344965 41.5951619541282 4.78707707728802 22.1520071676414
21.7352197076464 44.7486054042364 5.31738460259123 21.074076774944
21.822332327188 42.9750826495476 3.83446500122752 20.7542447507795
21.0829468946243 39.590172194574 6.82743128247764 18.3411423968565
20.7722308635051 41.2565997365639 7.36219082992003 17.0688091734838
22.2333551151017 34.5329847663417 7.79025579696 19.3830481483083
22.7129474235038 32.2743356145695 6.59626767398268 21.6445950143453
24.7066136132265 32.1612183891013 6.53267683361588 17.5375964897167
22.4741581240008 35.9227360286399 5.50253820203176 18.1715389276515
21.2878041316131 42.1206130627553 4.89243131380459 18.8757404070939
21.5920462172786 38.4584369464359 4.76362528133137 19.6006752656313
20.1072374239872 34.4580948190346 3.47792409842765 22.2415218961896
20.6445812187216 37.724381866812 6.45634962378932 22.5910796768503
18.3712211200095 34.5651773971117 6.11787608585251 21.9717329334008
18.5073803718116 40.6887412050351 5.72467785508303 22.3889126846107
18.5762810492073 38.7078412158958 4.55154812189681 23.2765129391241
18.6166460317675 41.5925324845671 5.4835660827153 21.6183998430927
17.5443338294629 39.9696687044363 4.95341039279407 21.4446069131927
16.8496140821613 40.0059520529129 4.77545568847862 18.4798351367326
18.2469406428523 41.6664092812608 5.34062090481581 17.3957461630316
16.7780842969902 41.1380914441945 3.82825557480516 18.5381494368748
15.1768378843118 42.8532861756796 5.10401918308759 17.339174695252
14.5390521645712 43.3693986721114 6.12210057439583 19.9812136096270
15.7336873145940 40.1081898459011 6.25378573868012 21.8789692175702
16.7529759317803 40.330925815061 4.93873027149124 22.1920488559768
