18.5384723609222 39.6019458005703 3.85843412076104 16.7281467604917
18.4703654031794 39.883194682179 3.51017486665693 18.4202042759862
18.5141384931959 40.4279650189835 3.23985964160112 18.7271646349141
19.0519442296003 39.9981165826249 3.22541566134343 17.762699812515
19.1712780718987 40.2055964789744 3.61380621196506 17.5720783009714
16.5638051073362 36.4879448936190 4.81460606331066 16.2955722597039
16.3216161857615 31.9517855980302 3.58857810637974 16.2799652743656
14.7229931055825 36.0886897347736 3.10351889547628 18.3097581755817
14.8441788787747 35.8699389207977 1.16429567318979 16.2322157299593
15.9310424311722 38.8697480569527 0.411539479158819 16.8063633986264
18.7849943724165 39.0590435556069 2.50595844048075 15.8769792241755
17.3479238767732 37.9295297725250 4.61531067231801 17.3407780248627
16.2542487821165 38.2286939251645 2.18432867278650 16.1859471624732
14.8117542993832 39.5308283589517 1.53384762288506 14.3251603325562
13.3228752622936 37.2514346167808 5.65761344701486 15.1936658849673
10.2689019907821 40.0518657490812 5.4472749261974 13.7895117163603
11.6097713957062 40.2167809554577 7.27716829612354 14.2746799873042
12.1941007444769 39.4103188854155 8.00190550259749 13.2697392800677
10.795211425437 36.8591836681103 7.14032345412733 11.1114194919797
10.5373079333588 40.368304413229 7.35770637014384 12.7846475833713
11.5858236322313 37.2439632550544 8.4016398492592 13.8341696126073
10.4148794906152 34.9537412630911 10.3513051526012 15.8018532780617
12.5914914188844 35.6906331785124 8.78203820421795 15.9145972387551
11.7398175542678 33.9687561786834 8.97244803429084 19.9180362749531
9.64533913521718 33.1368364218239 11.0154563655003 22.0458437366097
10.5860258709860 27.8138546321158 9.41796846017275 23.2336429454073
