20.5965123451169 42.7310427922938 3.42423637467007 18.3672937036650
19.735604451489 42.9202498576786 4.29630682291033 18.8187727735536
21.3564578327204 46.9977583379667 4.15071263396683 18.0876162334504
24.0866167598979 45.9814363748018 5.64832201459946 18.3632147685170
23.4872736115306 45.6067065031256 3.35990295791569 20.5171904676139
24.0732484696730 46.6210733803909 1.65118488808664 21.1411513966053
21.0192361142784 42.4911395757334 2.01532883383334 24.4231937621265
22.4565667728260 43.1632055620538 4.21523717824544 26.2397429468052
22.5234497966542 43.488852264616 2.58640190550300 26.3703713491501
17.5640365671664 42.4614266685911 1.55697353054944 28.3614537525934
14.8667982485443 39.429917562078 2.54898777474824 28.5475049857778
13.2218477840420 43.3952264620692 4.32248995599857 28.0713267686875
14.3588336466696 45.1557955867674 3.04038679723217 25.0976413208527
13.6382906438012 43.1839064969744 1.88399437791668 25.6401761071292
11.1256558495734 45.488491307019 3.48740075854585 29.3692659940107
14.0304163853798 43.6327649094227 4.60079173254780 30.3906214456199
12.0559600397174 47.759113963597 6.85520747516569 28.7476591575084
12.0768726571624 39.5129673354295 6.49837455459204 29.3392142937643
14.1296894491138 36.0765292396736 8.05533312514864 27.0659157526804
13.2796871118667 37.4280209573796 7.4449001208178 25.155346508616
12.5351224613484 37.7779878313651 6.34464370879247 27.1911730817644
14.5948556984882 39.8694737712851 6.48433181318357 23.2039892650334
14.6621437908258 40.4294882473348 7.47346465087604 24.2198819709135
17.0423433705889 36.4816962076164 8.70421076922786 25.3514317623464
18.7121696777099 35.6318466380051 9.1977017969649 24.9302391414655
21.5709111986139 37.7708716886862 7.91416260654215 26.7554376036985
