17.8371895062158 40.2434516551184 7.67603119000439 19.5865598822814
17.5838472521019 39.2185161806518 8.72607446395439 18.4921893616077
19.4275840727065 33.2658781970347 8.79900167987905 21.8656169240233
18.2539997043610 33.0118509854617 8.16289052511908 21.4442247188520
18.7990230059773 34.4050999055030 7.6705632789772 21.3910838876721
18.916888869245 35.2012471425691 6.95363616782836 22.509423194578
18.5152944040957 33.2029176242063 5.15211013171486 25.4077341021228
17.0290670884234 35.6851960070776 5.05465737010948 24.6684463597093
16.4805956196529 33.686478865129 5.26654610296376 26.4522258278265
18.0150409045678 34.3797923805534 1.44030708612538 29.0122122207939
19.4753021088477 34.5808881110853 1.89799260464497 27.5101523112449
17.0201270801015 33.2641879924915 3.43265254609287 26.8798758906494
16.4774873859248 33.3606663201346 3.96148991840892 26.9324879337524
19.0387123010647 34.2482736556923 0.985716330430973 27.1672171734695
15.5676107914394 37.4728673979773 1.76969764977546 25.6916151973362
16.0439353413567 34.045342184989 3.54678021234081 27.6556439944486
16.7401040825679 36.4703973981892 0.973533506632963 28.0573546332251
13.9439758784756 36.0504194722903 3.2350656457711 28.6036061816792
13.7601921880304 38.6864855922993 2.03659832553135 31.8601166154201
12.6214680202306 40.0101967160825 0.74081573355943 32.1271998043146
11.4593905370915 40.8770152447049 2.78138108993880 32.3447391941833
8.62400897062592 41.1891222782668 3.82224150910042 30.5693244282385
7.58953043102495 38.5747351946104 4.77200159974158 29.1797001185125
7.04658605094276 40.2910073666628 3.69803572524101 30.3312949829581
9.36432054044622 40.1288086051847 3.73109777768836 31.7103881740471
7.87893852777438 39.5925808743485 4.44126195864514 31.6440004759928
