21.6118924572765 37.2700700795475 2.61521220429374 20.2845410588900
22.0602131552695 36.5770390087935 0.447782583301887 21.718255800731
21.5081925722961 35.9839380311976 2.00532130734064 24.3217262045677
19.378742419668 37.0248569769981 1.56384806055576 24.6140402971656
17.0108675275807 39.4829178301814 3.41538187396275 24.3169235584216
15.5488304299180 38.8934957481186 4.3756521486261 24.4074456215822
15.3315057855409 39.0157139336887 4.96476295202213 23.7342129525714
15.5668477405172 35.6018759047809 6.81192378716189 22.1755222435095
18.5889724314522 35.4948677244899 6.62383051046747 21.7795033019116
21.3864793807351 35.6934966523519 4.99137655597209 19.0780700577043
21.2702599179083 35.0999960034253 4.56727911949187 20.4378884002410
20.2239205385422 40.1075225009678 3.21569358142224 19.8267101502511
15.9830450494637 41.7853555733316 4.59864901322129 22.4240966880887
14.2295067650129 43.0394201300593 6.08835764265808 21.7755259307295
16.2196043966594 46.0461846582639 6.15644061369079 21.6869703786641
17.5006056478503 44.1380235138576 5.02102137230525 21.0639956024684
18.0201637842017 39.8888435760282 7.22077081714945 21.7058425371022
17.8103880881422 41.1613840619918 7.1843586081099 24.6450670224101
17.7637853060824 39.6735646452763 6.87431499338805 23.0228452666149
17.5908902182219 37.1639177193356 8.9361576628368 25.7229852445841
15.2752533272815 37.5492989145642 5.94976292131323 25.6545359420077
16.4546937129435 40.4827218211959 2.99747740402859 27.2476583078921
18.5444176892725 39.0559780902932 1.90693080396525 26.0900449166993
21.705137345658 38.0010618704841 2.19642532104626 24.7235192312808
22.4981979818058 37.5334086942025 0.088867676910013 27.0492062252895
24.9822429713768 35.2357156955507 3.12973018549383 24.0469126630687
