16.8214251995524 36.762386114455 4.51848709764474 18.8162338039057
20.0903845737194 39.4253557153299 6.05555231002675 20.3630893523024
19.0298082298105 38.0094275856552 4.49315395534756 19.5963461207377
18.7310494898691 40.5295207537597 1.71965341132851 21.5220613436924
17.5550204338056 40.5147186043854 0.848347663180903 21.5228453370492
14.9672249815909 39.8863363694348 0.775031431204888 24.4568213723482
16.0173737455481 40.4553887663896 2.32762397104821 21.705539591018
15.1705467321300 40.3935295400593 2.60340085175762 23.9830249186848
15.1569641961106 38.5392170959109 3.14459528803016 24.0911138013248
14.0873717221982 38.995356915879 1.6594042393338 25.6933821095597
13.8621983140180 38.9023449941417 2.54463892663010 25.5530601368225
13.7853006705114 38.2688837622682 2.86582590007372 25.9509729357842
12.2981893181273 38.25389938228 3.29474036391974 26.4700518753197
11.6866018421420 37.76970705187 4.905795312218 26.1656249171174
8.84867513771733 38.1565870783038 4.47051744527404 28.5971035577697
9.07545599373232 37.1160827243205 6.70220222339254 27.2148306320278
9.31904021938018 39.1727757188425 6.69905570145629 25.2705190749748
10.3534187051408 39.7546628395833 3.57973857170395 27.7587923202572
10.8706345577664 40.7913069854297 3.90707725687046 24.4536326303362
11.3233173684081 40.9905824627004 2.26132281432022 26.5794494393497
12.0985823440229 38.3262062359809 3.69990336760041 26.6842019291229
13.3218480583685 39.3848247777214 3.60439010006562 23.9911095913134
12.4172616201462 41.1453873326545 3.58707605802282 26.3813837300547
10.9158951370986 41.0117352179901 3.00597965053111 25.1702680990999
11.6037364653779 38.5498208052951 3.65118800528077 26.7071098075758
8.74279708187112 37.177423491935 1.74986429632561 25.1341245663862
