22.2736737707721 43.1230961447666 8.62950132072545 20.2309392997711
21.5680432485508 40.8918352771371 7.77102051077052 18.4846613369598
20.7448004934277 40.662703188672 4.94707979468341 14.2609446365102
20.7209621741250 40.7306951825277 4.79053862723751 14.6530466517149
20.6550144528876 40.6096679848982 4.16104793938687 14.8007013726673
19.1436688251699 39.1981972950553 2.21872751618614 14.3755617741189
20.0412439986969 39.0594154510141 3.58839122251305 15.3931459563395
18.9170068785454 39.1789249960478 4.42631800224006 16.0877052566579
19.16568645794 39.0662243062628 3.17486186635613 13.8691943368454
17.2430575573382 42.1052973197574 2.33627395676741 15.3390574326678
18.3643124092920 42.4201095105881 2.25003098091111 12.9846508895917
18.5286132197287 37.0716899061041 1.34239732031710 17.3346204247265
21.6133063721862 40.9788269048087 0.780867948196828 17.4066155535440
21.6818294583373 40.985840578745 0.571865474106744 16.8941982414134
22.4821019041774 41.4902859940701 0.108524617054803 17.5650949894943
21.4637361285791 42.250407966763 0.0204642168246210 16.7408539914819
21.0465520775140 40.7385398854446 0.168021359480917 18.4258926232638
21.6544448057818 38.5530151821460 0.748658848693594 19.778557116499
20.7241440131026 35.8821164768908 0.836127328220755 23.2316009638438
20.9590019234918 35.5050153712530 3.08086678866206 22.9817619497042
20.8728900718936 34.7286403028657 2.05091352717487 23.7504357805720
21.0400055622768 34.4924997008617 1.20954907732084 23.5667677138245
19.7945354268041 34.3264895157862 1.67747237035447 24.9465296880221
17.7319611254693 34.9010061209064 3.51783197738185 25.1013718059578
17.7480536152477 35.1675923964044 4.0461184274587 25.0381504708935
18.3123691550324 35.0534484429746 4.56575685168403 24.755765541464
