18.5258046811682 39.4952590748604 5.06997290848149 18.0409785053332
20.0551144456727 41.063994231072 3.89105938271014 17.8227217030350
18.8580784245035 39.1094226505577 5.97904847574746 17.9371181708400
18.4013407681531 37.3644481165304 5.68835775898559 22.8109695586015
21.6743387174255 35.4854760562610 5.40988625441468 21.5126497429435
18.8944921926058 37.5467562043648 3.70479563548951 21.4215707434912
18.2861620390252 39.0942282528084 4.12620334438769 23.1146859182615
18.3265174920649 44.4308703999181 3.60545663040379 22.2139383873949
18.3281461843268 39.9359729589109 6.29613190394143 24.5435152838985
19.0183892999754 39.2501577791904 7.81974400177846 22.1222340635071
18.9512597279252 41.2828420727659 8.38362748937929 24.0447459195787
18.5623662232981 42.3124122519203 7.41405958792442 23.4665085042874
19.1008884621413 39.1494917540968 9.27799389037114 24.3477441438520
18.946655098035 35.5190936099279 8.28307853353289 24.0479863872699
19.5065774439490 32.0351192225243 6.95180634146636 23.7020271709136
18.4570134446612 38.3873460051145 6.17363255253356 20.9623138244345
17.8193414869374 39.025162904614 7.09891618502398 19.77386084861
19.5149301687842 38.3382588613039 8.15424087660459 17.9682902694761
19.0004964728495 41.0526785170312 8.82957006565367 18.4402285317788
21.0482326286500 38.0387811427588 9.65774236845856 20.7785108356505
18.8122785376972 40.0409040642324 7.63028103013595 23.4213924889221
19.3354381007365 35.6280465345251 8.16506040765045 20.5323775035097
21.8382722927333 39.9098130907285 8.48932264568212 22.3001733996674
22.5787491140969 40.3265557199563 6.93854111162874 22.0285736114486
23.3029560113952 32.8892650500718 5.88662165552306 20.3027397689178
22.9199430972964 34.2969066457669 5.01149447178396 18.3408700774192
