20.4577448738346 38.2772878760279 7.98156661198766 20.5558015003682
19.1407903542349 38.2751040421035 8.27189210716927 21.9947651296735
19.1592046197748 34.1593780102748 6.20358472651163 23.2471874596433
19.6121514410024 35.5729754552785 4.90233287847371 23.507916512701
21.6973356398066 34.6556635233182 5.72359828491466 23.5558478680355
23.0359443275502 33.6714261248316 6.17800600690538 19.2458862082017
20.7533309877163 34.1527542859123 5.39465705019965 23.0764700516043
19.4930573132133 37.0446957670313 4.23729389150616 20.3619451873852
19.1544338174408 38.0869267461051 4.43277146569101 23.7071945412932
19.9664953227214 39.2243319537446 3.37333767600006 23.0339722015811
21.2615747244339 36.5065122050195 4.80541683797845 23.4992292567072
22.1850153344925 35.238360007437 3.57886918838256 24.0324326823130
22.6204581022198 32.812575636575 3.16947098085018 24.1165768089369
22.2847361437911 34.791446556941 2.39155582556794 23.3408196512422
20.8839146774778 36.396757062197 1.14951630387748 21.8197628911397
19.1542804483840 35.004442645375 1.32676839627619 25.6820979211292
18.1874735355893 36.8385230532366 0.434631099225953 25.1198083512673
18.754666452793 37.0731289108478 0.486745860184654 25.6511400847486
15.8103336734079 35.7689700106774 2.65152640297657 26.2823652888438
15.9097160239696 34.8789696524535 2.28056616853145 27.0086478751874
16.2988706883314 32.1878447424507 3.8424016146936 29.0919480507032
17.5014579361575 33.5135662631785 4.23797412269024 29.1087353818171
15.2623279355737 31.2868589336706 5.13979334296865 28.6456497012580
13.2668666560473 31.0289779563156 5.82469145447222 30.8032496640474
12.9372092381176 35.3744862765727 6.27482893137467 29.9979542049041
14.4995904030126 31.7886480344150 7.14722630149809 28.9943918075806
