16.9014567482943 36.1434037708877 7.13102272857134 18.4061748702487
16.3806154794717 37.5775490310243 7.72531569731576 18.4980302546581
17.2137238664279 37.5894440985485 9.22055887334223 20.7360443750994
15.6305271779845 38.2240682994215 8.25799126255238 19.9277054349558
15.3580337705056 39.3508787052906 7.710834725842 20.2008841177286
15.2560579765553 37.367126788964 7.4639837648214 20.877218074149
16.1230377008400 41.1075756351827 6.84854382783706 17.1740032564686
15.2821579327068 44.328001601714 5.12212293054509 18.7074103224860
15.1946655459141 47.3738695705303 6.43563635991487 20.5838870599408
15.7171135436182 42.4545490112668 5.5434297009676 17.4786116990734
13.6949612417629 46.5155639253572 6.4750589866496 19.0806050093386
15.4642941563760 44.3320656357617 9.20302840749056 19.9378435484734
14.9052019711772 42.1887929410957 6.86456089870327 18.1066798720178
15.1139044667980 39.9110976228774 4.67848410371945 20.8746946112853
14.8216503168842 35.6621285122172 4.49362249144607 25.6644312798646
14.8034564647278 36.0083534260564 5.14838400095024 25.268429265697
13.1512249465486 38.5939262446116 5.14788147931241 29.0912558990437
12.7109028500890 37.3283791474167 5.23678303168409 27.0725054378283
12.8432282516187 37.5811043089328 4.93214318280362 25.8279754324477
10.7823266852101 38.9319656506253 4.14087219762912 27.8747719498944
10.2213749683806 40.1043793614892 1.98427003196737 27.9882469094020
10.7825428762817 39.6434972987527 1.69664514600299 28.1610256443807
11.1172758027324 36.7646348294154 3.95571554428898 29.2438176538964
9.16276650739932 40.6827122023612 3.13192446366884 28.5462042408964
12.3841846785890 38.9873421680455 2.86270076804674 25.8803773672067
12.5255131316563 40.0253076614319 3.57082804315603 27.459393224895
