19.3344517331059 40.107403290252 5.14833591852622 23.1704122971208
17.7612771888073 44.9545528132271 4.40223822460795 23.3916792118559
15.7626078667834 43.0890542858082 4.92388613818973 24.5501249584938
15.3599195264995 44.9981968158658 5.6031024096889 22.9778649260859
15.1776287420146 45.8527441119128 7.70219679907583 24.0868916291381
15.14801570612 43.6775998045975 6.78343830359787 20.7527228531821
16.3316097317915 42.4902011650899 7.267915642412 22.7696847360043
19.4352819959353 38.7080423905206 6.69034471808965 23.3061112640051
20.9353374673705 36.622294588191 6.78480281498315 23.7895804186334
17.4265465600809 37.2179605259462 5.62593294264781 23.2949121826311
16.2710586261753 40.8916637801468 6.76753742787088 22.6743288583238
11.5682527419928 40.5017493736832 7.37176270041647 22.5578116343087
12.2063455425526 41.2521445852063 8.14015542277167 23.7543418525449
11.4078740005332 41.9111864211328 7.42613772023062 25.3694658881589
16.5476740452411 43.3376425423949 9.01971334800648 23.2312143004104
17.8382734896141 39.5304904643736 8.84625008259493 20.7402173333406
18.6253506157073 39.8022442948706 8.17869547335024 22.2473151189711
18.1968270211938 40.520432155627 7.44096267991292 20.3766429302719
20.2545113486695 43.9949797490157 3.48652530950087 23.4217635668712
17.4586194136637 45.3849534328124 0.647477534366772 21.7654856728288
16.1724568104677 46.9400648740235 2.36023604124784 24.9064581520753
15.8721789254181 48.5377291486961 1.22958940872923 23.6475365036996
15.1853029376201 43.8568488684846 1.72919002734125 25.3105224208804
11.6310788823597 41.8052904945230 1.66968368366361 25.4033187055858
12.6178304536573 46.765636952822 3.44874137374053 22.6642195662381
11.5462840630047 47.0975997695014 6.58366497445166 27.7286017542603
