20.0653573488923 39.4985752065086 6.12239928856273 19.0742594276448
20.799429767869 41.3727405659274 5.57165985308369 20.8129644964715
19.8225901938151 37.8954245067553 7.36631043544751 19.3936161634406
20.5951550650518 37.9235893171527 6.92842440235782 18.2947463228261
22.2169128210391 40.2517672470086 7.11969806438666 19.8954778744733
20.0901054424341 39.4336430928916 5.84025603624414 19.2895503134779
20.0469255597438 41.756156462735 7.34506951946187 21.08516833627
18.9869981586109 41.6684417361105 4.69454380169864 19.4746144038938
16.8893373497869 43.3445880403454 4.78681838836875 21.1284143354125
17.2027540589790 41.3463490004363 3.95389288273576 21.1564895042531
19.3015424136330 44.7054637460681 3.39998567598808 23.8591838336862
19.3505039599051 41.1355320112491 3.57022376457165 18.7064148276153
19.0626321206888 41.6411405154216 3.82186397717185 17.7487154952291
18.4582271099722 40.1773041584241 6.65428275142648 18.1865859818685
21.1062961758948 41.0012402389842 5.27219671306983 20.4135462920698
22.7936676468603 39.4269930255118 5.4826464909765 23.3651115595880
22.7001158742898 39.5496598729389 5.21623811318381 24.2187476241546
23.4187045925030 40.2988956599021 3.01276716759270 26.5836717160004
26.4943511620736 36.5067295949431 4.87983386667287 24.1285711927171
26.3450861605456 40.7985846923463 6.3006618207491 29.6234414232726
24.6754888662667 41.7653871455029 2.17557970044976 28.4239746304061
24.2985319265694 40.4429867305106 0.258668957278132 26.1101397629659
26.0738465100125 39.2016051698079 0.80526721989736 24.9672013949434
25.6984626016302 39.6706968437235 0.0888105221092701 24.3240651003848
24.4085157968757 38.2790890995699 2.25660332618281 25.6906663570385
20.6645970565254 41.1792284379068 2.7091547974851 22.006734352542
