18.1174726487908 38.8775611211828 7.53191504256653 22.4756769852866
18.3344143416572 38.4734764172978 8.89192545788215 20.3987608435711
21.414204195312 36.3040034040306 6.62114532503152 19.7958712104146
22.4850734298341 36.9562792188436 8.34490507284032 17.0434340686906
22.2105334962942 38.6094185106405 8.28177585645744 17.8799733824681
21.6583858337029 36.7383666943707 4.94129363384263 18.1623709311362
20.8482062811182 39.2909702534736 4.5713952086603 19.2724088176738
19.2022895294247 40.1851013993793 4.82097910321619 17.9106947581868
18.1068385330034 46.5488313424350 5.01664943651591 17.7416371976020
18.8623290670110 41.5217744337343 5.08050616046709 21.0434587870719
18.295212585756 39.4952978607674 6.57649411990602 19.2166413624381
18.0930450123710 40.7194770879891 4.84127966950943 18.8821957686532
20.6862487210763 42.4620085151713 4.00454700094012 20.9179489545140
21.6999947833700 41.3747557189 4.86798033382107 22.3308379824820
20.0719315451441 41.8928985853364 4.05074830756818 23.050647042467
19.8337325906519 47.7513185959926 6.81027029089925 23.9281791059578
19.6952305870269 46.7746329458115 7.01616524330289 22.1587228227684
17.7825770933319 41.0973814857809 5.87598145644129 19.20017043173
17.2638752648393 43.5182366577593 6.45932205564291 20.8908417266576
16.1887668996835 40.8757174567531 7.76799342229911 24.2411415469615
15.8794592527459 42.8403230538645 6.59710196948559 24.5559616680039
16.8606958456123 43.723470695389 5.59341322125816 26.1965004890008
17.7754122305510 45.3706624848559 8.00114771647516 26.9780299360375
17.6383909180609 44.8425337180304 7.0478828443973 27.9783160245958
20.0054685639066 45.0298556794221 6.65779901312801 27.9916175787318
19.4123873457161 42.847426433749 3.56005637318033 31.6067258507925
