20.6352124263555 39.0821158884294 5.88851102818586 19.035738754269
20.6359819958940 38.4684515079327 4.62269534547665 16.6257375936921
20.3547018242558 39.9850239492557 4.3574296019398 14.3482695111970
20.9422258471628 33.309722487026 5.68756042942029 13.6935659900273
21.9537037216952 32.4512876410162 4.65432562929907 11.4105666447523
22.3709025892323 35.8734697525514 3.63094420948703 11.8278035925009
20.1292813485893 40.2114928837477 3.25508904914507 12.9063859507830
21.1928369778762 38.2753610218832 2.82385864108801 14.0607402571287
17.6045978091279 40.2641534628313 2.93792928527124 15.9310350447439
15.1627128687906 40.6729626323857 4.32929184919099 14.0889966368222
15.3294376046615 39.0569970979184 2.09423477927099 16.9869278480465
14.3044723724233 39.2922440519385 1.69814750086516 17.5186300776111
17.5756572791828 40.4717163454496 0.168396300462239 18.8910687784807
17.3485406178321 40.1414725777447 1.91122136024145 21.1472140351726
17.8517102552139 40.7251671187511 2.00120909355929 20.2334262920959
17.4512007983106 39.3398177856767 3.51977128003779 20.7132098662151
17.2155971305149 38.5867288824371 3.89179285873353 21.8988648420011
15.2176223603713 39.1456729885391 4.30380573155976 21.3674614356874
15.3557379753331 39.57505326817 3.62764854402388 23.449969093508
14.0769991532230 38.4229803319073 3.47889785956698 26.3633279644017
13.2981131898664 37.7595917755036 2.33541236823523 26.8502236662497
13.0769964238089 37.8135424249879 2.20161546125743 28.288759961917
12.6588074607412 37.4504056210565 2.84147352191589 27.7822667976945
13.3329468244693 36.0181551089276 2.63873398212685 28.8880434104278
13.5173569355039 36.1049064063266 2.89064543300278 28.3724349914376
13.8031785437973 35.2010000781886 4.66404642748616 26.6197212194919
