22.6147194407418 34.8493107752486 3.77594068399153 15.0047339135005
23.0535611534028 35.7522057271919 4.50094452928274 16.7869108141555
21.2827730942883 38.1426521124258 4.52163454693753 16.7632864929550
19.0289190020778 38.7759865796119 5.54619029945704 17.0759458692282
19.5575110365610 40.6403265813291 5.08398920103395 16.7313011560127
19.5482541964604 37.7877460578058 3.88898965630402 19.1053445126584
18.8862692500085 38.6792700162408 3.66205399420766 19.6962973374567
18.4411248431274 36.738789498515 4.30527643367546 20.8069822482459
17.8456418520504 35.9614540057519 3.49145503743454 24.2253025802562
19.0445252700442 35.689122178576 3.41381905602456 23.6189390485713
17.7570737151515 35.4571387247133 4.82122094761825 23.3364571366867
18.0826219856303 35.1758109192185 4.38441740297957 23.015867498314
17.3274519308965 36.5574430195435 2.9768752832897 23.2272432107311
15.2223749426688 38.5289355536123 4.89029599679634 22.3713990282481
17.8151532321883 37.120317610087 5.23231717868701 22.2482364462547
17.2665516318651 36.6722784290137 5.50406412402161 24.6875617230169
16.7719600409167 36.3991419017362 5.49337176458291 24.1772624975341
16.5305206349100 35.1944144023368 4.77217188539296 23.8532039946216
17.3497076605939 35.9768094704272 6.9929643237622 24.2804810852533
17.2226208534637 36.4255670739256 6.41542926328972 21.0212789805964
17.9506802896583 36.1808938231491 5.99434264495371 21.3999584190905
18.9708891494745 33.562681076359 4.88883154701775 23.0148167260349
19.1722661208864 29.1194767064266 6.32071121827004 25.8251604888946
18.7613593441461 32.5996510602385 6.43326313393602 26.6861172359794
18.6497482740347 32.3571533864793 7.81409959400188 25.2499210354298
15.9598255286951 31.9121290325616 8.7910012758628 26.713831259346
