19.4967252549786 38.1609688509652 3.83563875230097 21.1799534712655
19.4929498222727 37.1679018187733 4.44578929557533 19.3510835184452
19.3350222405844 37.8176757927449 5.40578223820844 20.6425466731009
19.0087614097763 33.0169844097855 9.37482398944043 22.6979797936795
18.5140549578834 33.0194495847845 7.71822896628247 25.2972231968999
15.4878022550735 36.0228788183467 6.99317764379622 26.0028912285387
15.5118397242520 38.3357010328869 6.27131737680712 27.1135265981043
16.2131305859326 39.98407173005 4.94443886243344 27.5461467319586
15.3990393728851 37.3377926427598 3.97585252584496 28.2727279548898
16.1702157045616 37.3398583041231 3.14505486282982 29.3631624120652
17.1322213142080 36.7773387952435 5.12788929393977 28.7718055162012
21.6937222006632 36.5379552546616 4.63906784541435 27.8573770855918
18.2685708730383 38.6227423440392 3.59060930786185 25.3378304780825
18.0743548572896 39.4585939139575 3.23783689041283 23.6080527394538
19.1566097911849 40.0563226143345 2.23659429341649 22.3868416673963
19.1544608588046 42.7787610945739 2.49694834440015 22.2117510169904
16.2985234141996 44.6349797529616 2.03953887708485 21.0135943278591
17.3945534744015 40.5285297261067 3.36948684686435 23.3509924578553
13.5475668863109 39.9270552454032 4.20719557269117 23.7276940573399
16.2689640347561 39.2697075361741 5.30944622484608 20.5128092695288
16.7066857612407 36.9515924905839 7.11016990746943 23.2694263932611
19.0424788149720 32.4811161571864 6.42994995126141 22.6626519681270
19.5996178041624 35.8063347841115 5.48527996721318 26.2182237002383
18.7947879636141 35.3922486578548 4.08901141970059 26.0189493723832
17.6474205201342 39.7673818439679 2.10290990643775 26.0941602910556
18.0377043226584 41.167074452646 0.460530725307763 21.5189403646313
