19.1217971491961 39.5224520126796 5.57009259668538 22.4680374487512
19.2152511683626 39.6430602137606 5.68474806413414 21.9719362332694
20.2489900245665 39.4070207102831 5.05292942734795 17.4570112963415
20.2275214470397 41.6013613975282 2.32968012859473 22.841124272833
21.5691310158258 38.8153019448417 5.62961977925571 21.862039774584
19.4341623457407 36.1292485655827 4.48048269488337 23.4287870246194
17.8381301882004 44.2393767145073 5.19943402866321 20.1922507890709
15.9736018991357 42.9424348399585 5.4159538202961 22.7820422182999
12.8485873732975 40.5844466533122 5.89150164016011 24.8599502201400
13.0413383627569 39.2284187316505 8.07266729646782 23.1007285333138
14.7453916874042 42.2861250434612 8.58755953093479 25.1142074028861
16.8333892580380 44.0045954130938 6.5766940088519 22.4733989276823
17.3776322980859 48.6244713093502 8.44127379307012 25.4995461753928
18.5276316319843 50.9759299445314 7.82245095967113 24.0737471185052
18.7989808327913 51.6346422449174 8.69805344062655 25.5111751244762
21.0205410744458 51.6407028928154 6.4454668642374 25.3084414013342
21.2057948862059 49.7157019394293 5.63803035611084 27.7045117606090
21.7817113181473 49.3121982746601 4.89063800390607 25.4399518453197
22.0383972011315 54.9392591723084 2.99506263606048 21.8710865582020
24.9512501301052 55.1445883925848 1.35226302957023 21.5368101744593
24.9607628805371 55.1201035905473 0.777493381407112 19.9784755239875
25.6608245296212 52.6354238482967 2.6944856189657 22.8556303250284
27.3964741362905 46.8876442414552 3.56696759210899 22.0671057588102
25.088006004942 49.5650298088462 3.82455211342312 24.1693071563409
25.0478394825658 48.5524944255498 1.95788136566989 23.4798925983400
23.6064970905608 47.6961781505865 1.81406366592273 22.1008049369470
