19.6664451449334 39.7763525431916 5.45143018042667 15.1735839012921
21.1734172296866 40.193631395066 3.73131914561612 16.2091780684799
21.6357533359124 41.3363391184137 2.68965068436228 17.1295382639304
21.3953348440273 40.3870960920016 1.10505245975219 20.4538892989889
22.0288777561082 41.8964747291888 3.32410709167208 20.9206415273160
23.2336310348629 35.2023072162542 2.01146532994072 22.4695682709947
21.4834875928192 37.7917908503573 2.88788347807713 22.3184104339149
22.1152374598987 37.7732957946871 3.69925963989529 22.1975844810647
22.1466566627544 38.7532378715266 5.33419110408431 22.0278950427589
21.693350528522 36.7534349850182 5.82325605388177 25.4904439021763
21.9186230778875 31.1763206595358 5.4780624885243 25.1053535203379
22.8783921927395 30.5074752669172 6.82532699630974 23.2768068891880
20.7455732880341 34.2437724128688 6.9512831132289 20.15381858879
21.3926107093873 37.7374838657999 6.27395963891298 20.1231709179398
21.6029304739247 39.7690389968777 4.87909627555758 20.3955661636707
21.9192441923627 42.3720547931591 3.94860957400662 21.9646149204042
24.4517956625753 39.3079416646944 3.06417125557644 20.5215772819635
21.8673556473189 37.6398781094734 0.990431208629161 24.7583585801464
21.4727809995496 36.4055621399578 2.8907040359918 22.8103867146116
21.9205739719876 34.2256673191708 4.50178286363371 23.0940917675313
19.7413827711675 34.2877358316324 3.38257226082792 27.3143521781009
19.033031663418 34.3967584540948 3.71683225096499 25.791741276246
19.284728386 35.861127291049 3.86173714013135 24.3033589498070
19.232288702883 38.2035471528649 2.94469416248908 21.7002775064599
18.9436143617974 41.4844893470287 3.10318752085667 19.5945825689402
17.2095758365364 43.8046506053648 1.80263771196704 18.3726440436137
