22.9430162138608 36.3624682256829 6.13822222667139 18.8117045315493
22.3898745961927 35.4530865687754 5.96567524030552 18.4580732614669
23.4250305271713 35.243232390209 6.44854689613267 18.3424137362185
19.2847788971854 34.3671002896202 4.57750070411995 21.77747746241
16.6979195452300 38.2361746761648 5.65786701964011 22.1048014318636
15.8722853060312 40.255000201117 5.01488283765743 21.4764967017304
12.8766270284973 42.0191704990042 3.28651432064602 21.9933394507002
12.2881010990090 43.0391591228636 5.10949222930016 20.9225599194374
10.4588488558115 43.9801803743558 5.12727950781945 22.2966034258084
9.25515323447001 42.776264129743 5.48038366752107 23.938751993172
9.828429650903 44.0524982881487 4.10490021958022 24.6829175878616
10.0755856497365 43.1720002560437 4.21227905268935 24.7295112520756
9.26486248282368 40.6803861443446 6.0909469057635 24.2717089759485
11.8475805888104 42.754719033204 4.91698506938701 24.2540271519051
11.7257641445997 39.5208394819125 4.92084559587238 25.0667767482178
11.2565752895700 42.2843850141577 7.28805382920837 25.0213833137803
8.03309233804817 41.1284088157998 6.59149832672847 25.6782905714042
9.36876262576903 39.0953072400081 5.56297803319467 28.4858974584766
11.8493947241607 35.7895990924228 5.34603978372647 27.5370979968829
12.4120677313032 37.9987168354458 3.57331430777444 28.1386307949010
13.6861807625233 36.9609396448834 4.42305122670254 28.9214561518593
14.3258631444368 38.1569113797592 7.25830932735002 28.2053017616757
15.6316614449787 32.4213931282135 7.19208067707254 25.7644115752094
14.4616149003449 34.1060605953531 6.45352381193547 25.8414894474407
15.3451087708416 36.9040383669632 7.82052857969424 23.7954878054295
14.8891891828570 39.9949098272333 5.54864112548998 22.1467365438796
