19.2950231257448 39.1674281643534 5.15711926125289 18.3145359634226
20.0843067729468 40.2647655537182 5.16086759107486 16.5238414547211
20.1245558454839 41.0946124266663 4.66162675028966 15.7121289484939
19.0514612111447 36.8949129936115 6.02506692911615 18.8600066826484
19.212324206895 38.5274171601811 7.2957559285604 19.8152403897411
16.2471958642230 40.2296369011344 8.54687085812097 21.6883204486956
15.2818512256593 34.9309252068230 9.09960948716966 21.8402706348141
14.5163421028593 35.9525540505968 7.81952114025248 23.6229867013435
13.0785429797435 33.0493704860528 7.22142086304715 27.2676481642093
14.8996840010619 31.8125524877068 6.02240673090322 27.7263041455562
18.6280463881081 34.9628066124824 5.64831667031675 27.0696675403067
14.9368903230166 34.1220413215887 6.28761669980875 26.0126322394260
14.1185006080660 32.8306337817475 5.37211041628896 28.4079688981199
13.1797837786590 33.3716050493377 5.37709125468089 30.3607681410411
13.0414578872015 31.7673901105146 6.88683587090626 30.2147680539948
12.9447614584967 32.2996936463597 7.38205071316614 31.0031415831244
11.9110693388536 28.7251737960461 7.74316931580364 32.2983033658883
12.7076980971649 30.7413504705611 6.69416423694141 30.9349901268205
12.3652552003674 31.9050977423571 6.7633648337176 30.9520609811473
13.6912468011193 29.7779732181139 6.99503557470943 30.944742977559
13.7972019061206 29.8904484751153 6.67544708316 29.6427480268727
11.9425308776779 30.3511205305448 6.73580191571982 31.6131467667843
9.12898756449503 32.0122990000704 6.96281342384042 32.1356527620001
9.50848493055882 30.8449315026114 7.07240491409717 32.8633470453807
10.9933487577995 30.1560032374985 6.57573344112136 33.1424557997399
10.8655590236322 29.6026296494912 7.25295735661716 32.4119806999826
