21.2139512412545 40.3233790330765 3.91430169840163 19.1287553563628
22.183656405687 41.0591771875685 3.47699925757984 19.5583925276909
22.4301983920304 36.245670370589 2.93227645208167 18.6505743648771
23.0342383183154 40.6775599697781 1.96604818513656 19.9495098118608
20.7044262526172 41.7053791925595 3.73217412558838 21.3165196934254
22.7568326847243 41.8344020306417 3.90763062643341 19.9823258462832
24.1220830968329 41.8016384032839 4.66302860280953 19.0494721643166
24.3202387383887 41.1245717888982 6.96731058447144 21.6616254401864
21.8428200109661 37.7414349921332 6.9843179416795 22.4730496843816
16.1502719511077 37.6247433506114 5.64217625124834 21.7766310525597
19.6730455950633 41.7108749608025 4.25286503750353 21.5506012308882
19.7411881928794 45.7453594701811 1.73277619298127 19.9711066251160
20.2743343792113 48.1753601930789 1.29535076281567 19.9067976893396
20.3254464433717 52.6182879918009 1.82900010002777 20.2091791377873
21.8430712443965 52.2433493311538 4.24833210767247 23.0898805428506
24.3148953755372 49.5675969856812 4.03999514621682 24.9605389340059
21.3161619388484 48.6335147252422 6.56599017628469 23.0335382856638
22.3560605606981 44.7638598561603 5.00197713123634 24.1297716335846
22.3695967364111 46.2269561167584 5.28214967111126 26.7357147201416
22.6054306588121 44.2438163978756 4.61940940632485 26.5530894130237
22.2549717113199 43.2943821168214 1.45779169024900 25.8320866917960
23.8873453227627 38.8252638672983 2.22007868024578 22.5626094752692
23.4735153215605 38.0057737912556 5.70166290509572 24.8665413932644
18.7356794030074 44.0080281706965 5.8838696633937 26.4322571439438
15.6291650292132 40.9984021670773 4.46158169563917 29.7563183393098
18.2424395313826 43.6884727100499 2.73556881612224 27.6630239152209
