21.7543695241697 40.5770751294597 5.20208149362949 19.8303471571783
22.1081966982777 39.2524722549981 4.9149776052836 19.2789476729016
20.5015321543063 38.3774441519262 2.87901633611542 19.5667903936486
19.1727167863021 45.9158034428464 8.03847116587345 20.6106001204829
17.8470608776978 46.4968845463799 9.43546298781072 20.8550478624362
20.3375151305071 40.4699913457457 7.37917959603143 22.7374054672379
18.6719095668367 37.6624177756440 5.5895566600993 23.4241241146061
18.1124236759341 37.4336705363077 6.30056980351579 24.1999938119385
20.888959077981 37.3776238846314 2.87561881967482 27.2643040437304
20.9164455718543 37.735284969369 2.54134517751296 26.3818671647512
21.0718833818929 35.0209594365862 4.62320296845061 25.8754673337388
21.8137835437329 36.2208775576857 5.68574785726738 25.8385313039469
18.649478107308 37.8879723760021 7.10970461863686 28.7910970493975
15.4258892467142 39.1962117456876 6.49029433407483 31.127617819843
14.8955151407003 40.3181809919931 6.26109163958241 30.2650666359335
14.6886315965980 39.3457449932628 4.17421324999665 29.4612448999181
11.3941637413531 36.5518844192879 4.6860976190777 29.3794286066189
15.157689156565 38.3033561437821 5.29403328704699 30.7136844701105
15.5221899362236 40.4557180289609 6.13027080376684 31.3804104418466
14.1474837675645 38.2197838211233 4.20089797973684 34.5030093488255
11.8315142994701 36.7344110524083 5.12195107149943 35.4851144391084
10.6997607355892 34.1201289580199 6.00261900825477 36.3046681029200
11.7046168517276 33.0602910704907 4.44193768699957 34.9191218897504
17.6323651146098 30.6490608560849 4.9699814984419 32.0338590779320
15.5560955299019 33.1760813686993 4.79843260173989 30.7074788437204
16.4697241247835 31.1137290480542 6.30296088790825 30.0223266706781
