16.8233962414684 38.9790733135929 4.41675059931293 17.9678884218238
17.1607979174601 40.5245249979822 2.49561798098437 21.141617757713
15.7905551206218 41.6948294493814 2.03655232573936 21.2282733688378
17.9036042931363 39.4806369844337 2.29279654542916 22.3463408491050
16.2265427996278 39.8638329963365 2.5750254469458 21.6148466338033
15.825782622533 37.2291646192341 4.83921517222188 22.4982035440798
14.7012231601328 35.6095759721964 4.18239105248334 26.3287026704082
13.1222240936324 37.2193858770601 4.0173532949991 26.4286145312674
15.6363117150811 36.9580042302051 2.62261751416118 27.1580602399974
15.6426792857940 37.6120920108054 3.59660216938683 24.9242147508978
12.901982683293 37.0474097879662 4.62325544637606 26.3541215112402
13.1393579791182 35.7221073144559 5.94689800200031 26.6649594953253
12.7510104344108 37.7838861522708 5.3603395321963 27.9533712306744
13.5693405073226 37.5549289378781 6.31013028722311 27.2227537023355
12.4773113092695 36.6906707663533 4.16472965085934 28.0763582552294
11.1347169166718 40.8184069944876 4.95460411187316 23.8844599446724
11.8472377628375 38.6682093926988 6.74125664684016 25.2777068235422
12.5066731575950 36.9481827580652 7.45708720811725 25.35888144777
12.1993287284000 36.426176912012 7.59403711769599 27.9709665517587
12.5001474091856 35.6155894750003 7.14936217668336 28.0532942370775
10.8790595516636 37.6363437309947 8.33001043370794 27.7923327650207
9.20892784893691 38.7362900131337 8.06303339915678 25.4454562965113
9.38178146121272 39.5145158110049 9.33544205739685 26.9601401522088
7.68678362158307 38.9013618439298 9.60689162747525 24.8336850012320
8.59407970079027 39.7801423332516 7.6652104068134 25.1354964867833
11.2677229675724 36.9933001808939 8.01417257502265 26.8949920978505
