21.1869431922313 39.3759925197552 4.80769997365735 21.1388846286875
19.9418607775222 39.059358403118 3.36918174192272 20.3897972111893
19.6854059309784 39.3777884497988 1.70751511362588 19.9879331828711
19.7977597392717 39.1347126235934 2.00930876914081 19.2826501715613
18.8527657962957 40.2143719324862 2.03859416395426 19.1493421883939
18.214746210231 40.3070294629464 2.53658007122774 19.2341622712699
19.2774117196112 39.9106568343025 2.66202887054533 19.6293317855013
19.2647205603285 40.9487170325216 1.39581448530015 18.4592851253902
19.1029823016132 39.0225625775136 1.79686279516835 20.8647558777673
17.9483760573276 38.5718910563034 2.653045732213 21.8549815393133
18.062360780313 37.6165353977399 2.30607140974178 23.0565524533263
16.3391071059874 36.9664750934055 2.70177447350377 25.5593412838748
17.2583034890836 36.940455027664 1.58617649674640 25.8516128597653
17.9903093944331 37.8538362219359 2.16682486901959 23.1210427772126
18.3729401220965 38.7684213192281 1.16092498524041 23.0969241926318
15.7840943689856 39.274601019368 1.74544584914111 24.056770533683
16.5598877988146 39.2424381844779 0.0962506166825863 25.6041099686573
17.5202677364783 39.4216684237505 0.396667990135029 25.1348694347706
16.9217956799241 37.5518044609419 1.92163692880422 24.1339240657344
13.9609760993576 37.6441331164754 5.03986340062693 24.0084036603748
12.7924485626018 38.3343382467359 8.11224704585038 24.7456409974202
11.6371536152756 39.777292556532 10.1320438351967 21.659523084405
12.4241780885437 35.7096682807781 11.1948626986122 22.4396007059361
9.51943305553283 36.7968899873058 11.2394505314813 23.8739396844278
10.0282342662045 40.9816109419358 11.5985172379993 24.4131649247196
5.9766108184063 37.7877569783419 12.9095109841552 24.1052346070122
