19.5846447268236 44.5065617088668 3.72300708261553 18.3496046121884
19.3316205313076 41.2113569920616 5.2265460569435 17.3764406692685
19.3332579837389 41.3380026357913 5.4990758818132 16.0609863473551
18.8347627011336 40.7331537685091 4.41219595352573 16.8840269510151
21.6108946775294 36.9996036208900 5.160067129913 16.3947717601882
22.4219775088952 36.0029936942775 7.04818152686137 16.780428149596
23.2390560713486 34.1348400928583 7.77880973907031 18.2846272707434
22.2938446436014 34.5747446502938 7.21468918749906 17.3700969823153
24.1478124563786 36.1582710096991 6.58424667411327 21.4322316263320
23.3988861800375 35.1807140886231 4.10402975257329 20.0424724832063
22.1220423667895 32.5336829085282 5.23901608483526 22.1597990948592
22.6116694542783 37.1121321480169 3.45186288226056 21.045067823108
23.6576497871283 35.0923652634089 6.66288709514434 24.077802605543
18.2724459059391 36.7343072964874 8.87265655970792 26.5828445875903
17.4610775466863 36.491816918279 8.72264756438913 26.7999746395521
16.9531928429368 35.4406071969624 9.76457185521382 25.7299646370142
14.8738452892739 34.9681377875004 10.7944020199611 22.3354187633871
15.8332766879338 34.4194642462545 11.9346437198741 24.7738872913672
16.4185248712129 27.2000408064351 12.2482519691609 27.8132379183574
12.6813915397386 32.6101674152113 11.3575563984010 24.9306127702976
12.8493461131463 31.6405544121325 11.5472697796319 25.6505167124951
15.4585349656398 26.7151426708832 11.2086489919126 27.5691586261773
14.8787560401240 28.6795801075817 10.5229660667498 26.1084890118027
14.0421001346538 30.4750965290737 11.6229934273621 26.3588297110209
14.0268541657473 31.4059233424891 10.2563088429155 24.3522543519894
14.8673256169181 29.5832141010728 10.0356332095533 26.6763253094435
