20.4667205277389 38.8785788824222 8.10389482098564 22.3992355983031
21.5096904372355 37.2928215328044 6.81624818857691 20.4718025592414
20.4921841550567 37.8075571657553 5.9096721625215 17.0901457057592
19.2327119320595 40.6115478662054 5.2832489131567 16.4705245507895
18.8227525871074 39.0626679790448 4.79313577800667 17.4045118404566
17.0100750311629 39.3273339203661 6.19703820342381 19.8208601405555
18.5509053890944 38.0076678803087 4.84733534611015 22.1744852406615
18.7683282588098 36.4230157628552 5.947097431144 20.2307229902251
19.6630963804621 36.1911315879732 5.97883148564559 18.1962233207775
20.5551584666358 34.7905299188876 5.65156823609558 19.0452022174029
21.7883046026387 33.9850063429018 5.05585950383519 21.1363134840375
22.3234226642887 33.3925466409689 2.59222179468323 23.0734114022797
21.4956732889798 33.7514352461364 3.1388631810056 22.6672073647408
20.8294462985836 33.6146215802787 3.93421781552899 22.0270540991826
21.3921484837079 32.7452152849401 3.37139658620685 23.7739226830231
22.1849823493281 30.4626922027758 3.38952075513976 25.6455775511491
19.8982277218433 29.9399537218353 1.83797513447667 29.3912879799532
17.6429130559967 31.2746648222758 3.29049195475841 29.0917839128118
18.1575157888414 34.9421649205117 4.07472800520214 24.4334744549881
18.8324695376728 35.2142922051801 1.79109161357360 24.2130041429367
19.7677346520276 37.2379021023019 0.541707968339324 25.0603290991451
19.8578345455380 39.1927217009692 0.223335452802962 23.8618790227513
20.7361121025087 36.2142261024435 0.801834990364816 22.8035333321880
18.6850254267841 37.8273383638707 1.06729836934371 23.5976888702702
19.7438283778799 38.878846845485 3.19614752556909 24.1738304027807
17.9173308817741 40.6930524726454 0.440986703149974 23.1313377728205
