22.4972389662901 40.1618666678942 6.07545898181051 22.5286321801561
20.8890183955694 38.1403849151741 6.99135124219247 23.3418225448591
19.1964660236874 37.6854013251176 4.19374455699362 22.6399127718074
20.5204956062401 40.7143109198695 4.2554861817196 23.1829420875771
17.7317319229508 43.4699075901916 3.49942903292030 23.3752779176471
17.5145286923537 42.8009576671792 3.13286618959755 19.8322736078886
14.9691555934289 45.0830639563536 0.809296269435436 20.4573854301386
16.3462515013555 45.845659046903 0.471037834184244 19.5373428017162
16.5416550483817 45.2044337907903 0.0177583121694624 22.1465791501366
16.5153138065973 45.0246186177386 1.83885977743194 22.8624583389871
15.4441332347954 45.1272168074517 5.42238956247456 20.2329227403067
13.6736810836328 40.7761928736015 6.32935264706612 22.0601223223172
12.9328634272819 37.9533576070113 6.33464519516565 25.7843976961710
13.2284992672061 39.6575986497899 8.3409101231955 20.8302786676474
14.1449002259873 39.0119530029892 9.31519018756297 21.8925551558174
14.1279629636087 37.8731740482449 9.3936865132994 23.7886623106287
15.4959458102935 37.1812172790355 11.1197881879046 22.1673010670901
19.2396431182974 36.4963828229656 9.90906156638536 23.3823060765252
18.8876151126053 35.028698176414 8.44081611731687 21.1664397212998
17.1340720001783 36.9008856957788 8.66404786948712 23.2150818706014
17.5031455531891 35.3419271108704 6.08424867303708 26.2930949168362
16.6299447687517 38.2657088979157 3.74169946588242 27.2805333236315
16.8103247946303 31.2279243452484 4.35518719126137 28.8254090609112
19.9447220135655 29.7061109116311 2.59456534134822 29.0961423161703
19.9146472150634 31.9430629585276 4.49011571785101 26.9762310003194
22.5647170664917 34.2364732239857 6.54614845859484 23.7170951887298
