22.3529463658162 40.0109372744536 3.45137265006456 21.5850001938261
22.7535150358004 37.8983454844182 2.3833991294578 21.1686740763562
24.3613362438599 39.0028349926174 3.20112909818999 21.1928712962272
25.8402811610693 39.6043474342647 1.16236109496094 16.8916306620541
23.9061714209781 37.2089369626689 3.38648275500013 16.1423749573606
22.8319571636782 38.2826801066116 3.35935269836186 17.1685794987801
21.1310982028187 36.2980156161652 2.18447017692961 21.0530863753605
22.2707047227715 35.4436065245249 3.82578131463379 21.8635437645944
21.1799084894858 34.017307499686 5.78502846113406 21.1479787462385
19.2157039508722 36.4526091346347 5.91319426638074 20.9009402905585
19.6875539437435 36.4554232243778 6.8183506031055 20.3934051076876
18.8569485402233 38.4396600850427 8.45570172113366 21.2306615336792
21.8040448572985 38.3315488234769 11.6128334181849 20.5189165490674
20.5871847611106 35.3983176410657 8.90928925783373 17.4144134315656
22.4153223851881 35.859836135844 9.52515098656498 18.4391671762796
18.7136011397651 34.7056564188956 9.50346305482733 18.3161728166969
18.5484642660431 34.3077851597613 8.73637940134566 19.013335682358
20.4309310907683 32.9837454095719 8.0677584080944 20.2723894816817
21.6348104401397 35.6185912752125 5.80090741429604 17.3711219512852
22.3698033501576 33.0401393111396 6.63583265885837 19.3275492991315
21.9720318650078 34.812204871473 5.84387856384865 19.2703362832771
18.4117267110567 37.8992802865404 6.99297844793774 24.0744205531594
24.4068804706629 32.1418649150591 5.87786078856072 23.5568514852714
23.8980995265018 32.0228505862477 4.02458499262786 21.1125311101717
24.2036192740496 28.6353016438063 5.13846808911978 22.1844079548307
24.7565314664688 29.0300511106018 4.44210459159433 24.7387417755530
