19.2855289452797 43.84037762303 6.75243797952028 17.6919369589054
19.7355286995969 43.7557040367285 6.83776342995164 17.5261872347219
19.955226579914 44.0367797166328 6.59945553481279 14.1710168069003
18.8422356939303 43.301031844021 4.68412705041942 14.4452819453327
18.613302911854 42.1827424577536 4.75108962314128 15.3639721434338
18.2746065054269 39.4329528755393 3.64099332102499 19.4785755162865
17.6640976583765 39.2520818671097 3.25309810176416 21.2696698166237
16.3731302838407 40.0462156257477 4.86873924944835 23.0418423831269
18.4944181689627 40.8935936543044 0.951640316315987 23.0044881667647
17.4011581847750 39.3058138618131 2.8805074878037 22.0658713182140
15.8410534300216 38.9942808447291 4.55374111183692 20.6309733450118
16.3535863319874 41.6377562035691 2.38313202881027 24.9741229511503
17.3780255855218 40.4271829708364 1.70414648624137 23.5596868129152
15.3119018308044 41.0292483771105 0.72182711167261 25.028661118814
15.8026400779350 42.6145805546899 0.114654495147988 25.894601313391
13.2474985553859 41.281786716811 0.762452620547265 26.7637260538548
14.2323587250871 40.3470063621995 1.70455684955232 27.0624749009453
12.7761232399357 42.8755934846472 2.00953051471151 24.4278455907055
13.0510491861937 42.4665930320394 1.79289059853181 23.2465254561552
13.0073128838999 43.1059441038292 1.93507413938642 23.3228792333552
15.1033796076215 44.033789688385 1.79678611946292 21.2769175881352
16.56622620411 39.8515824378831 2.98982590902597 21.9781150111761
16.22663421122 37.8867912736153 2.16526726412733 25.2136850052540
16.7639642428941 39.6390373279703 1.32520330930409 23.4713644099448
13.9964964952676 37.8181460654315 3.84694730280899 27.0368213693638
14.5818236217852 35.7079404006664 5.18955385079607 27.4625080910538
