18.2978183183591 38.8584147047916 4.75632523658540 26.5184895881158
16.3786426143493 40.3097243367936 5.18924571335376 24.1147837490481
15.2335867776079 42.2330339777525 4.82244452991583 22.9965976300356
15.4315842684833 40.7792425731439 2.23552426829994 23.2401097901803
14.0554965833677 42.321057586849 4.37490938249104 22.9697482037064
15.0739653018011 42.1664647415597 5.96378017677055 19.9561544266236
15.1501184669318 41.6657633220162 5.79873109157105 19.2341144170025
13.6943418503806 40.2972573194205 6.669831396685 19.8847291778186
14.8042973120764 37.8318433006135 8.5080370092544 19.3677520112128
17.4481017653897 38.3372264030569 8.18572874411598 21.2561342768505
16.0361065519109 36.9073548456267 8.3014963415038 19.8166410787223
14.9094364780832 36.2918394009993 7.7852076351695 21.5137983732118
13.4418212005768 35.9000058668433 9.24398865976554 23.2789148629641
13.1206300135602 36.8711285079596 8.77737606133923 22.6615855040414
13.7867674158084 34.7696737625403 9.1051626175351 22.4260866053788
14.1182491277473 33.9439889110392 9.47166178423795 24.3059700372083
10.9985770649406 37.0009739174546 9.5631536080211 23.3629792200787
12.2012387458684 36.8853069476932 8.4854910257447 23.5360525835691
13.2113950096586 37.4175199295775 8.7977366855077 21.7850747189183
13.447549218523 37.2971793408747 7.85554418268362 22.0429729916371
13.1462465478902 38.7379777236235 7.6528071948906 22.6746608653581
11.7794845727916 39.2360612862137 7.38677862945281 22.9295663053436
11.955991996276 40.2069477235119 7.45769987006009 21.2083753741549
9.32779081241302 40.5154542111664 6.62873101002553 23.9634446912630
10.8593531947684 43.1864757029212 5.21091698087768 24.6243175521876
9.50696145873865 42.1889036807563 6.50237437082471 23.6209983614829
