18.8279728241171 39.0806180462804 4.1027984919242 20.8351909761044
17.9558224915727 41.1906794640798 2.57430464166509 21.1459318088871
21.3022512779771 44.1040447133789 3.65422615802208 19.6147763846945
24.0064793736874 41.9941287481422 6.0911762988876 21.5577547845003
23.0776782539608 38.9473992733481 5.01046034504952 19.9980245704335
19.4377997979757 37.2016805503039 5.43295600612009 18.9462859003376
21.7037681587294 37.0870569222128 3.71786154664414 19.6888731109482
20.0663697641267 37.4348716791241 3.28130848819682 21.4686389179012
18.7657579673378 38.4305335375933 3.63325003881300 21.2799753989136
16.5668056556879 39.4116575510639 5.29828665985725 19.4903136543041
16.7564806493442 39.5567220119489 5.06131526468029 21.7507418463981
17.944391707189 41.8592699734223 5.52181484516056 22.1935510801690
14.1306492735144 37.8724582452056 4.49078705570006 24.2956695378366
17.1619775786653 42.377673544987 5.16490796308634 21.0064136175479
14.7413148551836 44.0415898733723 5.76159031981058 17.8332651717629
14.3840120926156 40.9829499230622 7.49453218340329 19.4140589251274
15.7661455326363 40.5244065679512 7.97828451901807 19.4266734470761
17.0373015863979 40.2763961184163 6.5050803542523 18.7687817798100
17.2650940925041 42.7586938006196 6.02553085571991 19.0113665075146
15.9839721614653 42.5316288930688 5.9419597359074 18.6794357304566
17.0252865016618 39.4756008170869 4.09027295673059 23.5045117163204
17.2349311117241 36.3832651450888 3.91520936248617 24.5683635841228
19.8281751511776 36.0968306348317 3.87199011728621 23.9598326892696
18.2975138208517 35.9906011446969 3.68097745014707 22.2432664106704
16.7746719724187 36.9826645315846 2.88152122341748 25.4321529832607
14.04078940923 36.1350479470787 2.03781202393956 27.8006282006328
