20.0894564455303 37.5012020512578 3.3826909599442 20.8036338226924
22.915033563033 41.0553840670828 3.42494896295091 23.2767303219119
22.6754183005470 39.0716722916905 4.12775172627142 21.4350526152233
26.1884893352444 43.1345135115181 5.11432949810831 18.9332060447017
25.9088727942316 44.390551329786 4.02073251068203 18.5028147358501
25.2684187376747 42.2404435672186 4.41686036818271 17.8478058312142
22.9799338826669 44.345481394729 4.67716982242873 19.6049333714003
22.7711390550134 41.2415448629861 6.35147607051057 21.6959252819473
24.1748927012581 43.8872894852054 7.60249997399969 25.8962214017341
22.3717575950987 39.8573193291766 8.29429556829145 26.0274232759627
20.7720298358005 37.1163122701283 6.69790069716272 27.6512115864765
18.185627326439 37.729155880325 4.45652096000721 23.4437576398936
18.1036782994917 38.1109744108422 4.45683705065621 21.8285724517687
17.5635875823501 38.8329322439643 3.22219036616606 20.5050516870602
17.4521043820532 38.8683269766184 3.09233931792048 21.5467392287015
16.3765485550435 39.3663052772106 2.11063968730238 22.3481425239502
15.8673942404718 39.6918212736739 2.60470875295261 22.1829870970140
15.6486715368343 40.7366637015587 2.52787634430169 21.4944231513108
15.4034276088893 39.1371387812180 2.28282141944110 23.2179110220785
14.6265283586495 37.5921669482125 1.68912950973026 27.0792193313281
14.1181427357756 38.2899263836415 1.75946785290961 26.9039020578529
14.3080437887498 38.2690196538229 3.40112519427203 28.9564376170292
13.9429664245267 38.0515800924029 3.52379615528146 26.1537529588222
12.8786618817990 36.3372264541674 3.0229182030783 28.1656719133734
14.9136122219656 37.7302548146758 2.80179368718855 27.5127023937657
14.5466039296165 37.4349251549642 3.18142979187287 27.3286609597981
