20.3673072713355 40.0769239150346 7.85955722895246 18.3202581179806
19.9299982585872 40.3159118010945 7.85599728013442 17.9432285546803
19.3553441971731 39.5293328945551 6.93658735431784 17.5955854375015
19.3405251541425 40.1754612706621 4.9732663090653 17.0569980610262
19.7275910089974 39.6782961620419 4.39315947115750 16.3704775446067
19.7436180380222 40.109705975202 3.10092456749037 17.1835515319715
20.9742559646195 39.0746764060269 2.52948627309927 18.4549418622944
21.5275638629621 37.5317535660172 2.61450999717807 19.6380753664752
19.6163169746570 34.7703539371606 4.58566640186153 23.1653159156894
19.8810698544602 31.6936625238623 3.54848098553746 25.2736552095493
18.6225867118682 32.7474526173708 3.88472242335818 25.4951171631446
17.5695041953724 33.0908341418821 4.95853813746042 26.2545730991742
18.1729160589304 33.5072413135189 5.52370660923451 26.0142017656580
15.5898590483841 36.1179096798282 5.23932274066872 25.8223131313428
13.9928795833357 37.6322139298232 8.02510914796992 25.6027957248252
13.7795151785638 36.5091368012751 6.91895775994315 29.1058749734175
11.2705036633692 40.1321525174813 9.46807713023416 28.7774880361494
11.9661531946673 38.2299106134860 9.51424078535318 25.7648130171683
11.9280760833113 39.1177063775075 8.0163317335731 27.6821267959257
10.2914492679199 37.5408524265339 9.88023755978625 28.4429548849175
7.95250142717366 36.0298703103153 12.3534724125622 28.1441518618548
7.59999402125929 36.9164864919464 12.2220227075724 29.2556774961585
8.68362024778132 39.3343927563824 11.8021315929929 27.5099115437651
9.7621709972397 41.7555646599497 11.2931458859222 28.2382701919974
8.46696901898316 40.3176394989561 8.94778612186033 23.9524195804820
6.59631660598747 41.7082553866239 9.53301581553947 25.5095430012421
