20.9437775773340 39.2366195525841 2.16101154585007 21.0223523955313
19.7761710289279 40.1039324131836 2.76319455192424 20.2049350765986
18.7024013507512 40.7318994712971 4.05433611106128 17.3849378283705
17.8412821120115 40.6514676323116 5.29284213599749 17.3563527660083
16.9167651398571 42.1725942190482 4.12121786945499 19.7973692556481
17.3416078452275 41.2012924245304 3.1086270371452 22.6217943207856
19.4359730657444 42.2306949339524 5.01791524398141 22.3806180070649
20.9772417122110 37.7473370085188 0.621005635242909 20.8989196095179
20.8627700135817 36.4037759018635 2.25620352127589 23.5337078824203
20.6603700329263 37.4290866990147 3.20174306556300 21.0169594252046
18.8224005481873 39.8768948669119 4.05076199276091 20.0613992308761
19.1000945141082 41.3811804526174 3.92517635774195 19.6850251771073
16.5363303601285 42.2121283810317 3.59944879543902 24.9076025813381
16.6063544194499 41.3702244518987 2.54801775981606 22.0936626690935
14.6756587087462 44.358748781998 0.640056823845953 26.0338640093367
14.9846991350228 42.6775914323891 1.52675464027561 25.1872398323874
16.7879189367691 41.0416588299351 0.551785307005048 27.9659723100747
17.5979047073886 42.1262238109859 0.131463833386078 27.052703005208
19.2388991462901 48.4758448764126 0.813437931938097 26.4384264414593
19.8371775849626 50.648021293777 0.562989991391078 26.0240585533365
19.9537567422629 52.6714519508844 1.09512410243042 24.0242442321715
19.0748469197095 47.8258775687468 3.06609412874913 27.2270545941529
22.0616914941453 45.5723920227651 1.97518601821432 28.3257581424651
23.2491835695215 46.5820334833738 0.405348986852914 25.4507796969947
21.0594944656155 45.7226165574590 2.05537826707587 25.6498415806082
20.7953241477882 46.93596632216 1.24948344379663 24.4202575861228
