14.6748571480869 39.2147137320554 4.42572002255241 21.9211213100668
14.7453285978421 39.1691354013001 5.92200275815906 22.5204690197450
17.2736174577161 40.9618348357085 4.66146503624389 20.0397690577399
16.2772546160280 40.7738397767584 5.17681921695242 20.5212092842874
17.2247164455487 45.3043812651935 8.03517672375659 20.3726379215684
18.3848560919299 43.7588885458003 6.17098892466651 19.0582101983916
16.9763643621582 46.5920883763664 4.93913848288843 16.6766372235459
18.9341451536048 41.385180803676 4.86978370403425 17.1754819150981
16.3643814810667 44.8697278413073 4.83165455572793 16.8488332266813
17.6999608414314 46.457535533534 5.6953573018361 16.5787803108432
18.0179053215376 45.6112599403799 5.56997006815413 17.1003817642667
19.6114263689212 38.4186030368522 7.36604230162242 14.7547504437642
20.8626381509072 43.302907262297 7.87759785491726 17.2250532118158
19.0619020742875 41.2601412602902 7.67556621923796 17.0265283772277
18.6334036869508 40.5111612121776 8.36974938817075 17.8519675453680
17.2636350171220 40.9776569642824 9.54566063916064 17.9208974392102
15.0423849869099 42.0864757733536 9.02379689712762 16.9313441702113
15.9837181199530 45.2848644727706 10.1580954130270 18.1684678691388
15.5357291033565 41.9350822094685 6.92731994241445 19.5276734932274
17.2726924648582 39.0593666892356 5.74221554959814 19.4892877983809
20.5996494606211 39.4911021792658 7.73429631287456 20.9768000674383
20.7829683894365 44.4822476396665 4.81256825695038 22.3285766114429
22.6424449818282 42.7864098269064 6.67557123125755 20.9853163585947
23.5237833164706 39.3290471913796 5.1887642469652 20.4304350854460
23.1669453881754 38.2071415343824 6.11075235329792 20.5457127697323
18.9285098571404 37.7383065701209 7.05913541567736 21.5315606759418
