19.7345148915508 43.8907724173457 8.88609589903109 21.9229516818665
17.7468899026596 42.4011454659491 8.91790277949363 23.3252595683456
18.8076953809864 39.1712550998914 6.28808732513167 24.8505481203914
15.7760647261671 39.1010966262306 7.83515257636939 22.5342918766558
16.3088863731222 38.1799598935518 5.4038110127851 21.8902739970863
18.3466622314276 37.2915955333497 5.61787895315249 22.3152736169204
16.5707348362596 38.668479288322 4.96887116266337 22.4628499898995
16.1361036068813 36.1600896342184 5.16445829172748 22.8749644918378
15.4175330600803 40.975398624641 5.00642419704695 24.9300827620562
14.9096956797977 37.6442052767138 6.66763385439612 25.3110244274310
12.3907136614536 38.999971417297 4.42843904889509 24.7552434075794
13.1516314079155 38.0876167287872 6.43352481288225 23.8814804912174
15.4592641550218 38.2125906246629 7.61541296782293 23.2159714134971
12.8100658019325 40.3505205910185 7.8690972450035 23.1535893077591
12.3347621373470 35.7079081487443 9.8883614850542 22.9641513645071
14.7134358901168 33.9984278034951 9.2341202381844 24.7589867765918
15.8411262497232 31.8986671411239 9.2146113627436 23.1397207946420
17.3622615501211 33.2212691634382 7.31951851242543 24.6368357929304
16.7846968365760 31.7545379422672 8.2229396540983 27.5037942211047
17.1557892287077 34.3802497292936 8.79647915631853 24.6329099693239
21.5441119713635 32.8035159845904 7.43354382280581 24.3130898437366
23.7945930328960 28.3606732971102 7.10518967032798 21.8099163773192
23.3132220841155 27.4469633357667 9.31324664990783 22.1158143358959
21.3440340411991 26.8358969236719 7.664568517695 24.934728145851
23.5077325114191 29.2801033436572 8.43706385545694 24.5965528108833
22.6068756300386 26.3294291338739 7.76816126764764 23.4363611873893
