22.1557596607088 39.0168540038081 4.88570671942781 19.0957119724749
20.8404304437859 39.1676612573588 2.21018502367425 21.0863940873219
19.2261215575559 37.8845085255072 3.36478510494109 22.0825518564357
16.4026896319253 35.9877504781090 4.60243358155477 23.5512633623557
16.6750813200040 37.6204158252387 4.40895301553288 21.5137205041947
17.5694813650444 35.60041297677 4.68099915368679 23.2899317929523
16.0464450080290 39.5620006110696 4.31162241396691 21.2762526992710
11.8441803517163 43.2110404951675 5.62466327652532 20.0641817983242
15.3808176551357 43.8608381950244 4.63105008666706 20.5979809473857
17.1218142701656 45.3215085853476 2.7946173968662 22.0813720805228
16.8138140390038 43.7789744081561 4.88601466104838 23.3792317455292
15.599444042293 38.3120941849079 3.10520503227117 27.1280380415313
18.4339928788669 39.2302177379493 2.43773734126690 26.9157121515761
18.4790562348045 36.9819242864501 3.35555438836555 22.9551888787116
20.9585582766287 40.4638036241409 1.94891344802454 24.1867241900678
22.4619181979053 37.8366854160452 1.18518327106722 21.0965451080616
22.3599463082949 39.2839228953374 2.94998704385944 18.9469092715795
19.3250243436644 40.0644416551415 2.39140991612624 20.2543886317204
17.5770793272977 39.7468254103246 3.5093631739943 20.9608873589228
18.6845456737284 39.6041044204417 2.75639964284314 23.7122557381432
20.4156686810421 38.7344865941624 1.53163209627382 20.1277577296532
21.7535347266846 38.6468418061915 1.90169541095383 19.7443802135893
22.3653288487515 39.9584573778177 0.659989525652528 19.3510662981205
20.2819324386875 42.8665419892261 0.190679959247322 19.8633185078286
20.2071239333237 41.1699913359679 1.23331559158714 21.6691895241541
19.4999166866402 38.7898370294891 2.94841050958369 23.1635283867521
