19.5173572088945 38.529840044361 1.84334613196577 17.5576885660737
21.1891895561832 42.4176789835658 0.966480639763176 17.9513329918155
21.8750725808907 38.5896842974801 2.99360856623389 17.4891355064356
22.9165694741704 37.3375028238263 2.14873085101135 21.7019983687097
20.6899353536017 41.6758811452058 0.199512640479952 21.1875756791451
22.593863788078 38.4535782119822 2.63127975957468 19.3241320225807
20.3978964099832 41.506536547244 2.24707920709625 19.7182207675211
23.1585566513412 46.9577210379396 1.93764219176956 18.1082338960401
22.4967192560606 44.8826552896392 3.64065490337089 21.4264048132605
24.2945085223936 44.9692079659183 1.97733487933874 20.7593502662636
21.8273482864849 47.4277535906625 0.431147900875658 17.6713813431121
17.8822205720596 42.9166260917303 2.64979842980392 19.2583823930032
18.3344521971546 43.8602045887801 1.53684605984017 20.3855780697919
17.1105622017882 50.8263885217438 2.87864982616156 17.3269722936235
17.1611056981735 46.9748573914821 4.99679031246342 19.2236489736966
17.1587919334076 49.7263101927656 4.03349683340639 19.5234139048986
21.6791840681933 49.6281704433913 1.89277935214341 16.5471879839457
21.1628383502491 51.1145276278287 4.38056150078773 19.659213677936
19.7638875911674 46.5084822182574 5.40660528768785 20.4346599103443
23.4810514854929 43.4186390806019 4.60294351656921 20.8841426856376
21.262779078885 45.7403697044246 5.12758226017468 22.2362114984489
17.5243115401557 44.3903638700612 7.78078664559871 24.9624253494612
14.9541954151085 40.7558222253464 5.30496743135154 21.7978624954766
13.5309622040680 41.7698941546149 4.21816201577894 21.7895626438609
12.7564064007914 39.7058562039055 6.49582571187057 25.9221120796925
11.0138940294003 36.8276083528652 6.76382884243503 29.1854304613848
