18.4872536620693 39.9099850240645 7.79057948358843 18.2737665895930
15.3730794283197 39.361882536827 7.1769645811361 19.9853635751591
15.1305956718148 40.2711406305119 5.33602710243544 19.9370998526764
13.6985558074535 38.6592969556026 4.08498260011452 23.7880963972611
14.2469794283257 39.9070467143293 2.82032892572731 24.1370348269892
14.5690754522076 40.5562781817527 4.53415160881393 23.0842407197532
13.7881041381212 41.2191097147682 4.00501372501292 21.3837764012468
15.6723128769250 38.605889701516 3.88861823396162 23.9731527465237
15.8584853148105 37.4341975690258 1.26990521524438 25.6713927660322
16.2815988176122 37.7840106008529 2.021951260278 24.4234721980319
16.5264881353580 36.3432951853687 3.11927649658173 25.7434934359975
16.0056230880075 35.8089050009367 3.40425435360521 25.2156232193527
14.1609907679015 38.2073680074997 4.16394391728872 26.3945668265108
12.3615602730635 40.1879930213205 2.67825869567068 24.8723011528958
11.7598061999693 41.795326243259 2.45096942267555 28.3433601956271
11.8732661621897 42.0436039311224 0.640561594627798 27.2404222476684
12.1151626071767 41.5233211180584 1.51701505878009 29.8923011643093
12.3847042045769 40.2986541861445 2.63514753850177 31.7842283516403
12.8873169685927 39.7063276754469 3.44201672585267 30.0872783222349
13.097839163917 36.4177707004064 3.15552649549726 28.0481099913941
13.0869805489880 36.3083542615928 2.56767697721305 28.2959851398246
13.4576277046677 39.6061425383962 2.72643930716957 29.1865011918472
13.5570869720891 38.3540519928495 1.65282747098762 28.2306479660963
13.0825610163623 39.223222040658 3.03261666810657 25.1598426500704
12.6173637158238 39.9860978520135 3.9761571243457 25.2619107446287
10.9692230292597 38.5144918051009 4.05077282568026 27.4959940655742
