18.8517703527383 40.5404528394815 5.45394043659441 16.9559944628709
17.3357099203191 42.5515728221748 6.02703862739559 16.9314336723619
17.7555949810690 38.7719438631561 5.58230178602803 18.4087598894694
19.9095792734794 39.4332566192847 5.05556437783131 18.5515565930837
21.9739114969767 40.7454072545756 5.16366131524072 16.2530820728772
24.4334905987403 42.30312432875 4.63906562807487 19.0726210002188
23.8575128488027 41.1665478322197 2.38171980985889 19.5916335529049
25.2443701041647 40.4042641112123 2.17324262182228 22.0375396946778
25.285499561929 42.3525692453768 4.76987303440871 21.2766285270785
24.3737576877483 41.7243528669861 4.48409631269603 26.8980058294122
22.0036994826933 36.9584603492331 1.87285923984452 27.2326517430435
23.0861306081480 39.6078487062987 1.41642257690980 27.1331185930709
18.5822920029005 37.0640534649025 2.78263059851529 25.1408016653101
18.7497160030973 40.1997801156137 3.64589806889931 24.588498041902
19.1290685268195 35.7653730802591 4.68512486561017 25.1744241335308
18.8630854386155 32.4438920265417 4.40819176926093 25.0952869264069
19.0063297614723 37.9119026961159 8.16814453258926 22.4330859735268
15.4188944936067 44.0639313843455 6.44672797584722 25.8377504732120
14.9905306376785 40.112720479479 5.02125491841512 25.8487417654021
14.2053997801885 32.5824315838869 7.1635927829128 26.2248894537685
15.6898086142063 36.7479167182352 4.69139001552762 25.1780044653339
15.4267002250874 40.7077344253081 6.79887827884147 23.4333974302633
12.0263460287699 41.2017898106965 7.28422863079334 29.2332809290735
8.75342730804027 39.5792377655412 6.4726327409661 28.5947456185592
6.7526287992544 40.4470408134735 6.15870141761103 26.7528113046363
7.93604594255457 43.3087686374425 5.57943691976094 27.4993704351424
