20.4356685455662 39.3187221395173 7.1221725267425 16.2072236520698
19.3035812089021 39.0444493802502 7.26635995573102 14.5183203668793
18.3877953005493 37.7923762748255 7.26377568436524 17.6174822562834
19.5907668781937 35.5517039072403 6.50985799161673 21.1131765461987
17.4999414555267 37.4377852278378 3.33266785684929 23.2433167812778
17.0824847480703 40.3482584611252 1.62422979427457 22.2409377391814
15.6807367306623 40.1399004621479 2.29545410675928 22.1839837977095
15.7595925479952 40.8418129206683 0.858380642719567 22.8061114228694
17.1299758562234 40.8773625309336 0.493968260316113 23.9211193812444
16.9381377476247 43.0476717178466 0.154246248897226 21.8278787923409
15.6644406269931 42.5104924543521 2.79296666365984 22.1709151133328
14.8492352345654 40.9033617704378 1.56193653988587 26.1379235587447
14.7534879285538 39.9856920443677 2.95100701460615 25.8090122188805
17.0576380302825 35.275319771204 2.12138731009327 26.2338225501953
19.9961058485949 33.1459721571913 1.75986292585731 27.2778558046921
20.1627693012287 34.2504768183602 0.260400731815025 25.7349409896403
18.6424147830787 37.2640403260624 2.49791364907287 23.5049470474466
20.7485365895065 37.9712103112667 1.66285281674936 25.894593147327
18.3527488475020 38.9827148646788 3.93579675676301 23.365667748031
16.3552759596433 36.2144656345586 3.22853417305184 24.4616433389008
12.6369536117937 39.5122529423202 5.6256526529966 25.7213098674535
13.2719587484591 41.7588441158983 4.42383579334152 24.1649437302246
11.1566328883448 43.5082740588700 3.64868295781222 24.7332372216031
9.34764396106445 44.8576402236961 2.25439651596268 25.7196088947436
6.79159719214007 44.4332159961826 4.74550539551115 27.6768129516339
6.58843649640843 45.4693673928678 2.19083457689544 31.3875185858404
