19.0822529565633 40.0798423112315 3.81273802875803 22.3884217529464
22.0971858926207 39.5868193212841 4.24736774776393 22.2061463850456
22.2978711207930 38.6909016607274 1.68989105004148 23.6080336240026
22.7367082317892 38.4670129859765 5.37018204637134 25.8865514383557
22.1309452117953 36.7618737336673 3.64590119075292 24.8452663333061
17.2960612229604 40.3722415491432 1.16899723677948 24.9460335313249
16.0930374241966 39.9560562742338 0.723799139494076 24.8523044739805
16.3188693686921 39.5695246125035 1.69487938005477 25.6826133738579
17.8491336261214 39.2796048538223 1.67589479684830 22.8466748596476
19.0083547612308 38.1944309960743 1.93317701714113 22.8634927510084
19.3469712503943 36.6866511412589 2.8746020256076 21.5686086364822
17.5223294257563 36.2301266248031 2.05512138363506 25.0576067962484
15.3613183985841 38.0126967214672 2.62735081933703 24.187110925539
15.5924736930200 39.0799654008955 1.47206993963833 24.1973317404623
15.8766272495555 40.0484941670805 3.59531222772785 23.5584807739939
15.4490119306963 39.4835273631982 1.6567859273107 24.3280827552817
14.0096299447787 41.0820022286309 4.42020817573007 25.5820649406678
15.4409173303020 37.7931969096346 5.74696990015742 25.1984910192704
14.0332573014048 36.7768034097200 8.49026428977346 25.9435787713892
14.0319374968905 39.979313847571 7.25817473953908 25.4383951696372
15.6358888476763 40.4315773075999 6.44071052116643 22.2962305937699
12.2609737535615 38.761056011785 4.61280069789219 25.9862795854724
12.6076984798212 39.08558745868 4.48768242341767 27.9102920788145
11.7715609023135 38.1248382916624 3.95693435506265 28.6726711225501
10.7940813853053 38.8529574243279 4.2932861436793 30.1175658899164
10.7971570389924 39.6653347172332 4.67959512827745 29.5795175536341
