20.5954168660830 42.0847174656436 1.85891977402403 19.4429352095409
22.5008415363992 42.8610379910887 1.68680689747466 18.3661760248303
23.2375997294580 44.0510882312324 0.0472173581365496 20.2074155108181
22.9230031873008 44.0434201504927 1.90820416831411 20.8724365007505
23.4090545931996 44.5597072112407 0.58778041228652 18.2230716353656
20.6292754719606 43.7833107876625 2.91969899533234 18.4155136902258
19.5173620954728 43.6653920769758 2.29578516937709 19.6727431560393
16.03720089147 42.1090019083648 2.26726388025946 24.4719616613666
15.1198593304133 39.8656604120383 3.59174515356651 21.6547474601621
15.3724764055213 41.4754896636818 4.24047135880305 19.0754389391596
15.7058705959726 41.7230554628213 3.99271627857438 20.5958209020401
14.9558913011665 40.1412677099024 3.06230471586728 22.0405492448563
15.4738932528483 40.6544614303285 1.45452621459109 23.0356392135228
14.839342208589 41.142904626614 3.81187786833463 21.689045421894
14.2698067929694 42.295846167429 3.62714361983843 23.7916499412937
12.3866724446514 41.3834234275283 4.64038082400828 23.3445223122222
11.9503202298754 42.182361549175 5.80153161685474 24.0496543337910
11.8670061547407 40.0605487240838 7.19595655605369 24.2608004361219
11.6154174282354 41.308394232242 7.84031635118823 25.4550241045482
11.0958975599285 40.4202455361274 4.88577927710663 26.2581649660696
9.89576243334752 40.2339761258105 5.55950415871281 30.9141801070054
10.4749582682849 41.2514970302273 5.66119675306778 31.3177216354295
10.1600163501278 39.7400827235233 3.99585420234304 32.4296829992442
14.8422603836805 35.5631643016514 4.23403665112506 31.892800643435
19.2635541827725 31.4680234011885 4.47241353407821 28.8432034439366
18.9697520566284 38.2439908543293 5.11140252301788 29.3852173005189
