15.9643187757122 42.8556000427501 1.74582076076815 21.2176185269658
14.8539748202550 42.4780308050262 1.07617366570048 22.0109180343155
13.6153326960956 40.2754694157841 2.74130709542049 25.1941674953286
15.5884339760282 38.721758599356 2.21161846984484 25.7471941507443
14.7155938807168 38.4004614327091 3.49411050631039 24.1614372332602
15.1385741724857 37.6652957472939 4.52722329069235 22.8753340023591
14.6913272940778 36.7558565927693 6.660653530108 22.5113907217504
16.665090251457 37.2886313344846 5.63994636335429 21.4930842158840
16.9075073538113 36.8738658538992 5.87980940482787 21.4215603660317
17.4230115177661 36.5305207806538 5.73602091390319 20.3427490027146
15.7439348955259 37.4167059745538 6.43474534325888 20.8531604151697
15.2624688871756 36.77726056834 5.40996311520813 23.8420903490381
17.2429906222271 37.4295340772318 5.34658604566594 23.5514079577745
18.7591300465069 34.4095388600203 6.19741755712733 22.9909522778810
18.9946671562289 32.1256248425043 5.30776335387734 25.6688951331647
19.0576375477036 32.4234782823703 6.55621815584843 24.4303007789561
17.6734610080391 34.8442612056056 5.84497860046347 22.5207926919295
16.6637346923937 30.2859638107022 6.2282494624574 27.3440588591231
19.7678514561156 30.7030947638688 6.01819677482455 27.4884047231380
20.7915893188218 26.6726227598815 5.48179442747416 28.4086006994103
19.4365034636723 28.0350737235255 6.22009033462884 29.1317102037579
17.2304817878322 30.6968090973886 7.23403691323394 28.7517262595265
17.4341706079827 30.6933623767774 9.71522671319464 29.07836983706
12.6146664121584 32.7049406696261 10.4599517691872 28.8471204478214
13.2437403523759 29.6784155503065 9.77251279920854 27.5801180291841
14.2736602747277 32.9845034875125 10.1229395338665 26.7718989889411
