21.5356379596727 39.8540882930015 3.84677595213371 23.5029786475380
20.8196077242704 39.8500196194132 4.22766168542522 23.0270742600498
20.0159779859765 36.5878744899151 1.55590123949888 24.359640431003
18.8041938167412 36.232036690561 3.02618353080029 23.5212949855176
17.1354803879971 39.3252002870272 2.63560215883913 22.5649142215569
17.4382719503675 38.2014018915201 1.73998982738703 23.8114656308041
17.5100281117515 40.451538674401 1.54512380040251 24.5172379105658
14.1397515498133 41.0504215586359 2.49835693859495 24.1484815278849
11.9084613952577 41.574331000082 4.25428175507113 25.7724139068127
12.1152726818770 40.8172351951783 6.54764039162546 26.0901326892749
13.7013784761828 38.1626532698122 6.22277897084132 24.4566383905644
16.4338762586292 41.4800156993863 5.37130133318715 23.9445630986179
14.7509390239891 40.0366308047508 3.11636053514667 24.1387266203697
14.0165691140375 41.2395347319898 3.93020865158178 26.5091562933922
17.6053654409281 43.3523045817953 1.44865429541096 27.3083663770631
16.4313211522333 39.7028374288166 3.50131304841489 29.2611911470715
15.9825334835134 37.0739708707364 5.19917809044196 27.2006128622863
15.7322001119412 35.4817418542206 6.19193587027538 26.4022706250373
18.9237803050584 31.6665841059274 4.61053396988708 25.8593358599294
17.5211966435692 34.0537074063994 5.44291861020219 24.2123887424070
17.4451359768666 31.8866020385265 5.55081891049821 26.4553562375003
16.6856934762330 33.7965031503789 7.02296223765577 26.3776292512410
18.1417887157355 29.4116058307838 7.77328438220991 25.665311079494
17.3815022355471 30.9412278681557 8.12889426087475 25.6474600117871
18.9220582349177 29.7245994131278 6.71728317412995 25.8292741764005
19.7711004828985 26.7050473995721 8.14399985872657 25.7913329459784
