18.8559123372242 37.8329739729079 3.64270369204189 17.7092514011495
19.6659565339064 38.3438882748732 4.1578561797129 17.8769689548246
18.6563427927172 34.8325211308101 5.79140508206058 21.0576221459962
18.9420219114250 37.4178382717487 5.69835206664596 20.6331355237819
19.9407909432625 34.9255515366588 8.45267589747403 22.2619532344259
16.1684269285029 38.8742655175026 6.55640844356697 21.0338558498382
15.5308738647100 35.8998874755796 7.84052329890858 24.1454673762977
16.8416005231511 34.3465243754203 6.83764021642003 22.2536139320194
14.6187474409189 37.3425270513858 8.68259545144122 24.9821076318234
13.8698567282512 37.3276712013712 7.90970862599279 22.1693227241611
16.0557742742925 40.0441055818764 7.90797364607642 24.9446783807924
16.0481323469534 34.5663436909928 8.0416265125576 26.6893595884693
16.4414650751382 36.7209843248001 7.2070407289625 20.4098676405055
16.0984677376079 38.4525582743426 4.54920737115525 24.4750788313476
17.3876495009142 36.3962050312748 3.18062761724785 24.8776568676484
18.3126566244143 36.6400710432408 2.90354557517774 22.7731515429122
18.2902552082297 38.0874322442887 2.2641557643269 23.3245063767908
20.2929747379572 37.0118989189704 5.30623639883332 20.8786885709641
17.7503892467544 42.5176495057148 4.20662456677154 25.6928404177678
15.4913394185902 41.9019850566601 4.58419925552651 25.9316898899407
13.9595020045714 42.3661048514386 3.82744234912887 23.4163030542687
12.4047608315201 40.1458784251211 4.74397504768193 25.4561250943945
13.4252465679497 38.6437046721315 5.9843932159324 24.5532718774185
16.4583932296560 36.9577837221062 7.62593854540818 26.0042965326712
15.6771151250645 40.4549642212426 7.24369774056457 27.8597457593561
13.0536255905821 44.3090264836995 8.22185693400845 28.2954691386104
