18.8060252490756 42.2775405602483 4.51798330093766 18.2256442690855
18.9228670495865 42.5647342690832 3.54239815692449 17.8944598371750
20.6823350736280 39.5497244007162 6.22029733480917 17.2700099694199
19.088287289754 38.794762094549 5.83772474850064 18.2910841443232
18.8424998778258 38.8858971433222 5.26252567275895 21.0347152697510
17.9185773893478 39.2323110841283 4.66271729857197 21.2671340974635
16.4911556928637 37.3752689428696 5.35920652150114 21.5398153775028
17.1280539329223 41.7949257578769 5.71296564975677 20.6784165520808
16.5432009372134 39.7652055162074 5.62552200422458 18.8772705840534
16.0438806968302 41.3547356921205 5.63854606381453 19.0938743204466
14.7205221679185 39.1042921341084 6.34096893904788 20.1344427480976
15.0508242127548 37.3159170679808 4.70588302458849 22.9829010236453
16.7516990042354 35.3675205668494 5.95578949605327 22.8718661134507
14.5665972809369 39.3393426482917 3.25612909123514 23.4853562917065
16.7037329142044 39.3549129163267 3.40897707479738 22.0741120031442
15.3282106713714 41.6328888564722 5.98482347677193 23.1396441414076
16.0155549165849 39.1712903513100 5.9162349402788 22.3623954775798
15.7175181737425 38.3597290048775 6.23737894789082 22.0188054173309
15.4597915932622 35.9559202927134 6.80570182059905 23.1177706430721
15.8306824485527 32.5313122687415 7.31030128472498 25.1658290262389
17.3208365251634 30.4230444164213 8.73795192777192 23.8859019547684
17.5344197352456 31.1088489450927 7.98699390837005 26.0146764758145
17.6942659684496 29.4101432304311 7.88745706419337 25.3345580277135
18.1609632108122 28.4321773854752 7.2357018171611 26.1865875869702
17.9123998841297 30.9895481880474 7.02026606400022 26.3727043149705
18.0555431665802 29.9691006270515 6.9730265510966 26.1926231407464
