18.9857871672023 42.4034077540725 6.5999276135564 15.3380789758892
19.5043113308953 42.6537806989378 4.36726387175547 16.11962755325
21.3021486376407 41.8063297492205 2.72091237783688 15.9149489013733
17.1400956393214 43.1656922490089 4.84418884941578 17.0950053249931
15.9834531646595 42.813481806939 6.85389884162895 21.0941637753954
14.1699011808635 47.3881377546801 5.5046101035291 20.9552819216138
12.6720286578313 44.2133918095146 6.22602190237693 24.7589559768772
17.0939533196763 44.9507614996051 6.38524964449197 25.3029121867826
16.6685073970259 43.779338795305 5.54310308580488 24.4913088567069
15.8530339622372 39.7918381053813 4.59020628684401 26.5272767124211
16.8755687275403 38.2214014582194 1.94430124966629 26.1713921018884
13.5480114114904 40.6676258026481 2.17832432777822 26.6185858129532
14.1690955195078 40.8992132792108 1.29541125101969 28.0288259834991
10.9485457339757 41.0157179868447 2.53884453303181 30.2194911141067
12.1713556328708 43.9528986093255 2.94820715649985 32.1837523850339
12.1883974775630 41.0185406207057 3.75202527036890 30.7131536677614
8.28150396626025 39.9692848988758 5.4992579841055 28.4215021105617
7.75060775598569 40.9878085463258 5.69551124470308 28.1343469636997
8.46211862845404 39.5916286961125 4.74634468113072 27.4597357919020
8.35784058232507 41.4086165172315 5.55964342248626 29.1048898247583
8.69623312174574 45.8651977768435 6.01119778624327 26.9404134589759
10.1750604753126 42.9779426655999 5.07186066724882 26.7549231823114
11.6354910303582 43.6975979283719 5.61935279348456 29.1283794797538
9.68239402312085 41.2244823053746 5.64407784531415 32.7656906559176
10.2636292032187 41.3659853628172 6.33131017435865 30.6214943890081
9.60066500261767 40.9207021896994 4.57066281608789 32.1834233234257
