20.618296161301 40.8532140864137 3.96493057273369 17.8435026549593
20.1841729767691 42.6327518996861 5.26666036779102 19.7138848633364
20.0718534356053 43.3079517760007 4.76957341278944 21.4953004841552
19.1703890729766 42.4739516909858 3.12418282516342 19.9975133354635
23.0381883308362 42.7098033385124 2.83082321584266 22.5144501548898
22.1313155330788 39.3038018702805 0.314859740812169 19.840394837473
21.1393728308621 37.1962192927763 2.01671460829675 20.2557329271626
22.5440463727582 36.5367520850844 3.24180101417005 20.1227843581405
22.783844438151 35.5677993965625 2.86206853058773 18.9670204129569
21.4768990871986 36.3567541049723 2.53499649809326 19.6843424002208
22.9342926491357 38.5856639996184 4.9035645771737 18.3896739607741
19.3033639476853 40.3813310141688 5.90476826004686 17.2652277894382
13.5189674175563 43.6313645357246 5.83974582500758 17.2662890743528
17.4793211915749 43.9804242189953 7.66302361650395 19.5413876236593
22.9164309553089 43.9909224577228 9.07031683446326 19.6914232527083
20.5610622544992 47.4489662219155 9.27279413453721 23.7358522887988
20.1167453029412 44.835573861407 6.56237499890336 20.941569980263
21.3391372976112 40.7177183421225 6.20177613114425 21.7563685179048
20.5310056577655 42.2484997474312 3.97590987951913 22.4570784196549
18.5629181131008 46.2261571787022 4.780141051481 21.5774362068914
14.2607450816068 45.8923384700288 4.83510034260758 18.0580500969954
14.295659536052 47.5072331431739 3.90135857285419 21.0018195439437
14.3301070368767 48.0279233188786 6.72592139186035 19.1438325047081
17.1030155139894 43.7292758248232 6.00333135586861 22.6330584333798
16.9843384929851 45.0922202024095 7.01815614558454 23.0662152748143
18.7902163564146 39.2106108967206 6.8499884939536 19.9442085185608
