18.8140662942940 43.7890191478192 6.11525691125892 17.2855939634068
19.9293153618389 43.5741307679101 4.95967399596586 17.8019907269006
20.4425695224233 41.0279707116544 5.28994133707485 16.5018492247576
20.5168579968192 40.438568329858 4.72374918206944 18.3025465327913
20.5189495657139 39.7942544090492 3.15952582319617 18.8926949221308
19.0951283697538 43.1811507967231 5.82764910079888 21.8741287140847
15.9300196201109 40.4570113377576 6.39663265098236 21.9713610949666
16.8697468518297 39.6176437026751 8.12367428478203 20.5119917461254
17.2800275675039 38.9242664040907 7.96509013969697 22.3417625962153
13.9520288278367 42.6038153822009 6.81713295767329 22.9017296432359
13.3923128993268 40.6371415504488 5.79465786732979 22.527081221205
14.0913958671521 41.9640252804617 7.44249437043689 18.9161287002495
18.2183515276105 45.4452597731958 8.3342841294805 18.6271632056456
17.2997646709811 44.6173744416098 8.09627411041654 18.3282537072669
15.0046933010127 46.5190659008888 8.90698711636722 21.0267580974620
15.0929269926529 45.5551759453458 11.4826124225954 22.2017918707575
15.1973132132215 42.7572049602834 8.9305747201877 24.9506657609484
17.3983845333231 40.6301328428733 8.13855805357232 21.5812238065294
15.6388361001981 43.7502279466886 6.91826555637888 23.3573673192180
14.1888241101650 44.0252568155407 7.26893599557004 26.0690710667289
14.2146898243568 40.5882316093771 6.01523934153475 27.706090646959
16.2487352840594 45.4504269447057 5.02593706420258 26.7393549700048
16.5766272720355 44.8352785551042 4.4230911693313 27.0766881528091
16.0178511988777 44.3502257832943 2.97066821734053 25.8673430548278
16.6030921552308 41.9916429299547 2.7474628744517 26.9480008675945
16.9685621837834 41.4609961254564 2.42013394456944 28.8195935585918
