19.2824238142419 37.4731643528021 1.41982832419853 18.2845710419460
21.1883516269225 40.7318386367797 2.7794904784223 20.1121276783065
20.3204408643675 41.1134049466612 4.98739114319141 16.5050475623698
20.8111664710475 38.2317313805166 4.60589335285294 16.5141994248036
19.9751328603421 38.5177545872231 4.37628211182709 17.9274902774844
21.7431083359812 38.0604997276148 3.76882330849002 19.1317032950330
19.3551105720805 38.3855765235111 3.50444207023065 21.3368059781232
19.233868816297 41.9314089576968 1.71967674614097 22.6056468647756
18.9596161641064 38.4285856412047 2.67303125228703 22.1001440317222
19.3276230268063 42.1808516258628 3.55827000428892 25.0994604139440
17.3741205076078 40.4626545120285 3.77007033356104 26.7739687713646
17.0118282048354 42.4637220982285 7.18981545145262 26.7960929537975
16.8446157502333 40.5128205144601 7.56894651014927 27.2989526421615
18.9031058477561 37.7519176370288 8.10839977785484 28.3816920335256
15.4536900950919 38.3311732504692 7.34910496460116 27.5702865712792
16.7741202559149 42.4783240417194 7.61958384253858 26.4662999298871
16.3973807820986 42.1971096527179 7.16653608441066 28.8010965770584
16.1690707642521 43.0552110481423 6.20643558868852 25.0722902415794
17.0899197015726 44.0645265732917 7.59165298662793 24.5163988405608
16.6112999472582 47.4842547108444 7.65738340191256 25.9700386281826
16.8594665447065 43.6551391706023 8.43630931762692 25.4796348679581
14.7617576945388 43.5480091420628 9.97118922256578 27.4718221388527
14.0060944316576 46.9072769699474 6.57256454558756 29.3301239842319
11.8661966438264 47.7436912929521 9.69055307124455 31.0917876744413
11.0018333096847 48.5475827744212 8.42473004160404 30.2361093647548
14.0607697770789 42.6311821555700 9.20873055847317 29.6616950789236
