20.3515236278653 35.5344225121941 4.13487192312552 20.5194329698456
21.7192445503205 36.0303434054646 3.28038278361147 21.1089561735165
19.3096789590672 38.287718483843 1.22144349664450 23.9199305609685
19.1299420607865 37.4064065899142 1.63764839340001 23.0414866865498
19.0497821041971 37.3512002463826 2.34600365835139 24.5933647709784
17.3507167737588 40.3793652864546 2.89500269082272 28.5175855294687
14.8442006235599 39.5287955961862 4.30913326405645 24.0945664723289
13.305126909161 34.8060477473514 5.82457706174538 26.6593817989227
17.7552664168123 36.0355954812581 7.95133463415042 26.777266986191
18.3384416028802 31.4935683631079 6.86056035180301 27.1427407194746
18.5185274323393 37.6301819267424 6.53228110871934 30.4423209607477
15.6673306506071 40.7514394470231 5.39997010753215 28.4236021155367
16.2897342685554 40.5044951960261 7.49441551445708 25.7639888834084
17.4089597072397 45.7945000626895 5.70221190159865 23.9119139911483
14.1426249183659 43.0101240621696 3.04955031914361 22.3725562432657
16.1999216414932 39.9795588543455 4.20925959298112 24.3397628145168
15.1573337985763 40.1163011679131 1.34158852189504 24.6356958180542
15.8495151995311 39.5048442456576 1.63411905686371 23.1280185470233
18.6504846146306 39.0379823014776 1.86262447480112 25.5423805811311
19.6971957726380 34.513258940697 2.74209104734473 24.8272538661452
21.8239617316028 37.0442506968386 1.64867036696523 23.3831839469688
21.1133899433514 39.7784967431209 3.37198170847524 23.164960717584
19.9108555573946 37.7659034509554 3.27481239349846 20.6308264637245
17.744441959632 44.3603751748213 4.65071014957767 22.7201630052058
15.5905467892041 43.3177351029933 4.67913729804833 22.6644638458146
13.0634361082664 41.2692270646957 4.10956961023886 25.7192642453937
