22.9242638591635 39.7624917666879 5.33050534902422 20.9004538718310
22.1731764001337 36.0097324228643 5.64290553666996 18.8186566594687
21.4049763621328 31.6160108409619 6.80347744398749 21.0142401091453
21.9975991470596 33.2133681788734 5.7427049812395 22.2016453386915
20.7351851843154 35.7293624473429 6.25084154097184 19.6814917029718
19.8966142533203 33.2972837910681 5.76710165092711 21.5884917063794
19.2648572162379 33.2505463715244 6.91197169070122 21.8465889913408
16.9993774776102 36.1361968819585 5.58870971387191 23.5311057416169
19.3636134078606 36.4454816129997 4.36225944173461 21.3373211200728
20.1739447422205 32.3159946028151 7.5635802531209 21.7441316057998
18.9122809643210 34.0034808490287 6.52825244312447 22.7131136271242
20.8674396260238 36.3366740151423 6.60504373575934 20.6861177791912
20.3459482252307 36.3277061526778 6.50974761270122 20.8326741063107
19.2249120905705 35.1437477779024 4.47631299629943 22.3783696382978
19.6506387733873 36.8646918152854 3.52824995428459 21.6305177485473
19.3282802213964 37.7268283455096 2.85821560527231 20.5056528331615
18.2669292468333 37.6736546037758 3.6968433271538 22.1644684806042
17.3233840631783 37.5190846701484 3.75219956536233 21.9719442402296
16.6346102416374 36.782066232763 5.85188264336824 21.8148262612848
18.8804792057582 36.7266389614739 7.99639653025582 19.2496681148513
16.5766672309347 35.4813087185681 9.82361616916403 18.6102590814658
16.2438461709626 35.3272904207766 8.97394972248382 20.1231077269145
16.933256881479 36.7077389541648 8.8188183743079 22.3003064396285
17.6233782592973 34.416672323286 7.50277739930866 22.6205914727802
16.8708648580870 35.1586399049642 5.98268295260734 23.3586252350648
16.0664747501051 36.808216418226 3.34518134612246 25.4083658413038
