17.7479910093627 40.1549714756968 3.06146329960300 19.8668181234389
17.1085685964010 39.4313153391543 2.91257591890342 20.6143589596614
19.7906585649855 37.4303455946703 0.788471126453966 24.3009980013013
19.3841065510443 40.2245890160758 1.14855164405890 25.5559802939534
22.5250730791396 34.6647104092609 3.85192633909173 23.3590200051216
22.6338938686333 30.7879332448962 4.07679954910933 25.6506310220123
19.3127331512981 30.3394706538553 3.96095572684234 27.3148674641008
20.457444713168 29.5636145850318 3.94696078442311 27.4692453886919
18.2410378527792 29.9682579454997 4.73452316589928 27.7300988535679
17.5857059567538 32.056649619247 5.50207958875498 26.3076602616586
19.5849304169321 31.5896551934994 5.75388109909645 27.6644396186727
19.2192293319755 30.6440566138426 3.21173951099003 28.8550702519104
18.9139688637012 31.69201677411 3.0748515357201 26.7119307309829
16.5224962400177 31.7690523117372 6.13583655678043 27.3242558544942
14.4138524819070 36.5266961245389 6.38935714800013 24.8038159058876
12.8960634710171 37.4160167062246 7.73557258875373 23.9023163280897
9.73776583819624 42.6307421386765 7.13013930692424 23.3881545569264
9.32577026306449 41.4135207546621 6.76660225800325 25.2855140361451
10.7412513880691 41.7555834797927 5.96746820371563 24.8420603759103
10.5571355999140 42.0003892358177 4.13296946135315 24.8153781435951
11.9450660993038 38.2122753670224 4.70611424019525 28.1568984693111
12.9137576895459 39.662790100236 4.95737450103764 28.7935990102854
13.2835990099861 35.0082075019894 5.82368567845275 31.2542836077776
16.7066394573786 36.1168807539282 3.5830384274335 33.5545674140124
16.6194493523136 43.1173048130361 8.44364856466142 31.3929988421663
16.6037847887993 41.2311842459379 8.49862956267325 32.4721144862636
