0.774994633638861
0.707928394911441
0.806331572601202
1.01450591116548
0.483590443864095
0.523798711365089
1.57725110487081
2.09424948110245
2.5342565018218
2.16660861927085
1.04583769501187
0.882659464566316
0.350146142300218
1.44515694305301
2.15834753267211
1.79853965393943
1.90298092698798
1.58665323918011
1.50780176938769
1.70385667434219
1.88475136257965
2.74749433886517
3.263124561955
2.75837379236963
2.07353459074419
1.84824379239488
2.05059431525204
0.773778686153479
0.591942168602083
0.857945699244738
1.93667014339726
