6.94314402895646
6.28255997942427
6.49278501206675
6.20210254676306
5.82714557887598
5.67567342806219
6.00902627159453
5.43434069731816
5.23369540078145
5.4660861775237
5.48932236772541
6.07947690123271
5.92285289861772
5.80192324323159
5.379123093463
5.75976810325452
5.44145179098055
5.64712530538023
5.71517333272428
5.51180216274739
5.21674458752901
6.14572336432107
5.81046541804031
5.16002862233033
4.78167850625065
4.96378602002111
4.55974258769599
4.09854063003619
4.32518976352473
4.9041421837948
4.96705750104335
