4.37631205629211
4.64825950862494
4.18741443563838
4.57253190662366
5.22590148049992
4.88328171914097
5.38968497674566
5.26643179726441
5.15826417339619
4.35868910696943
4.4074481385446
5.22246287061487
4.81064617188301
4.87273135359053
5.32588511818674
5.95099075973619
6.4451652590337
6.54926156784993
6.68324673661616
6.12329431340683
6.30758628362443
6.47275619950731
6.34283861631181
6.49285798377011
5.92680821518067
6.16297667866226
6.64848572175604
6.51085456527423
6.36357052993614
6.89694366248192
5.74376962969782
