3.4218145285026
3.4033317789194
3.43610319027126
3.06466867115606
1.78068746852014
2.06643063614402
1.65729078084487
1.2572797470938
1.44094200192276
1.24219276166778
0.904527249674089
1.488147443351
1.10352019309498
0.347969375783578
1.17491246830204
0.618348554009572
0.825432767858729
1.47588215651922
0.864188910229132
0.913423856953159
1.12354352930561
1.4305162753369
1.46021513058052
1.48765264427469
1.2032857139054
0.876474276776548
1.31608075148904
1.14468918660202
1.00911263715022
0.776049126996781
1.15006317926004
