2.15606357923565
2.43945455549141
2.31789150785511
2.22271677942803
2.30929334622664
1.87957796894802
1.40851136007555
1.06562337804795
0.428030617667589
0.262180456425995
0.749763433355838
0.770835595903918
0.565437824232504
0.961266166996211
0.874126503476873
0.397835246752948
1.34406335931271
0.705513930646703
1.03544281399809
1.98814862826839
2.06700731603286
1.82763576832457
1.95907631492099
2.47275261067642
2.64650284870385
2.75650272680304
2.34961933618269
2.24269201209626
3.48522649587921
3.16329640335261
2.2301160136596
