0.437522516071595
0.69066362711601
2.15294003905728
2.95902108959854
2.94801707216538
2.05967369792052
1.78336439956911
2.11035506473854
0.78283637878485
0.434087246889248
0.934416071278974
1.83631530124694
2.80134720751084
2.30085236486048
3.29223363590427
4.24317602603696
5.06471827905625
5.22323049721308
5.09741593687795
5.43052150937729
5.79488948616199
4.50327477115206
4.87110155285336
5.60189948207699
5.78770461212844
5.93214697018266
5.92974756215699
5.99786371435039
5.75468486966565
6.21805687015876
5.51034276327118
