0
0.0378799454774708
0.373054563766345
0.839506529504433
1.66093650576659
1.45742640271783
1.47711820923723
1.59387718327343
1.14580237492919
2.06874237325974
2.17135618231259
2.43676589755341
2.75028008129448
3.2733796890825
2.6207250088919
2.43984691472724
2.23294467572123
2.69416215992533
2.4184709014371
2.40762122650631
1.42396225405065
1.15151667114163
1.04136963895338
0.837865476345663
1.40313475622793
1.57250799282451
1.56282942815383
2.2095867870718
2.58139231478494
2.62292467876037
3.08672508530949
