1.30869137484873
0.637588629623073
0.825881960227284
0.418226838639019
0.562798665836453
1.05763552268036
0.632165333023295
0.868752971990034
0.381144332233816
0.95001737287076
2.04512957858661
1.53711764540331
1.0335648134611
1.42673178229289
1.4365815157331
2.65048850213917
3.46474512506084
3.22214798934566
3.23158230006503
3.24373357047135
3.67700512477005
3.86462774665834
3.64699738731416
4.27575376702281
4.2283807967584
4.77487575870747
4.81939454193035
4.73524493024159
4.4820667120948
4.00481961293551
4.19429828294958
