1.05884019027417
0.802460666493978
1.17937746693997
1.6628360436639
0.755448485758732
0.637762061320245
0.774489897768945
1.32676193024963
0.804341785609722
1.1590784062413
0.17535837739706
0.926329695619643
0.3156232831534
1.03891962813213
1.48652353417128
1.27477322425693
1.28667304827832
1.68296736036427
1.18548909970559
0.835741714574397
1.53876239410602
2.05155025655404
2.46063086476409
2.99989048244664
3.49507792799034
3.76869934533955
4.20730730697745
3.38745229381369
3.26431265815393
3.47310845127561
3.21968886714661
