0.684584801397043
1.27508435871893
0.451408512270767
0.673103083935323
0.0740296205829263
0.948795999400318
0.470832732738927
0.982114537062731
1.34957619048902
0.379527307024834
1.04829577137963
1.44630421200083
1.94504227573299
2.05915817888701
2.2021774113203
2.95007750476026
3.5841667981843
2.26210238822052
2.16826055189842
2.93769146166989
2.52411883664564
2.66392750237384
2.55837792172344
2.19021338843988
1.75447962540449
1.67829278963865
1.57121963952915
1.16429084786461
1.64364445746563
2.51240866330139
2.94288902428619
