6.60345095723635
6.63477672405308
6.51597177634715
7.26531104977941
6.86635929091601
6.62161180192372
6.02346015397227
6.50423211479186
6.01120572551712
7.03091630051471
6.71083001457713
6.96238199594556
6.29788502022749
5.85353196388829
5.80961156892377
6.23905684119914
5.65262946668904
4.63950593951982
4.69476689138342
5.10863559510512
4.69900921572207
3.6334502240943
3.29610468357078
3.93467306302137
3.26969976516648
3.08280877555607
4.13082967438622
2.70673095454349
2.73240751326902
2.03109104415289
2.53982106010316
