1.58486353476541
1.4644418487885
0.902269637780353
0.719335822155699
0.783528739586473
1.00602656556293
0.670233616838232
0.867608817918633
1.69173427011858
0.848505823566054
0.91700620778877
1.30717366972979
1.15426137081388
1.27080339902366
2.06892943928303
1.79396763547609
1.05764121339941
1.6218533500685
1.81622939226897
2.31333758305506
2.91819705973127
2.25428666426548
2.24293217943729
1.95363676055082
2.00329243434341
2.54695809325882
1.78654156807558
0.995275150711919
1.89916927177207
1.57470464842142
2.64819380194628
