0.0906172603952182
0.569833203917369
1.70483336993493
2.29455741331913
2.68029060633853
2.74753158120438
3.80497257458046
4.16207826696336
4.27216211170889
3.66209057928063
3.84402821189724
3.01515789190307
2.38492270535789
2.87508071237244
2.83114828844555
1.9151063200552
1.30864484421909
1.61595885828137
1.57421240769327
1.36890085592779
1.30381461295213
2.81303011129524
3.35620644727635
4.05567619566621
3.95122168984473
3.98760043972381
3.97735826883674
4.29588738203257
3.95161396850109
4.11915760485881
4.90244523271413
