3.1218424546135
3.51755444841211
3.21253469605682
4.24391152752315
4.64750708244366
5.00726958690768
4.77791245095988
4.73311813222801
4.44917821942762
4.60596957395718
4.85410986037858
3.62047311792083
3.65821519273266
4.28200970997967
3.69994360476665
3.94554131164149
3.56896973343499
3.41227863834173
2.84695493651487
2.56737735064633
2.07669802930139
1.84122306183733
0.830267585402431
1.73824881022617
2.38740933213275
2.87659577179592
2.74316796513166
2.25960746982027
1.74734626153499
2.3366410792993
1.72607079732247
