3.92229832101352
4.12630350047462
5.19130611929782
5.19470128927119
5.8635686638087
5.4215477746699
5.50352826945223
5.01961608787738
4.98526005165391
4.61001260599792
4.15793055223972
3.45691961746402
2.75085208353326
2.50391780699342
2.70277087271884
3.85503822330125
3.24901802044101
3.83784706795327
2.35410245249718
2.76745460157022
2.35964051189572
1.8097948170986
3.49445572935715
2.93867230343372
2.37287285689004
3.55297363710329
3.96659134908318
4.08702445749864
4.76540075915605
4.56240668727756
4.39522929881754
