4.43186417781533
4.38991946820886
4.53720468888776
5.4585907948275
6.22317456152075
5.76621345594311
5.46604493587063
5.90182245942549
5.04433342980421
6.07158585664085
6.00403304700852
5.83633758383916
6.05010226788112
5.92227618597308
5.7196069282614
5.40903938436911
4.05757105388709
4.79546205039167
4.87406640491479
4.89797904240929
5.00803409578309
5.14470211268433
5.69058077261814
5.6948116630412
4.95695144861036
4.09647799624161
3.37808291209892
3.18033987112374
3.9223150407526
4.27438737839491
4.21433290132352
