1.0488924149549
1.50988135422901
1.61553310678661
2.39304553211056
2.11506177677162
2.75688808626816
1.94477927993372
2.03493239550241
2.23700553044997
1.53884947701678
1.44174556277082
1.74912445811875
1.76581617217832
1.55976028909296
0.746604847548011
1.01621483871713
0.825330896535888
1.86288362427575
2.06512042868843
2.57565195381602
3.11581024749165
3.4948268170744
3.76765850896908
3.10847489454744
3.35123385966716
3.85170079407243
5.11140746099835
5.25881395822275
5.4374370297021
6.48830015017415
6.91619970943543
