6.54308392075881
5.797378295018
6.07103328631319
6.34905029614762
5.80133185689644
4.84266776163437
4.77024517339029
5.4724632367988
5.28019132930488
4.76723279128485
4.35478050913364
5.29694902267003
5.82181721668387
4.56381484492378
4.79791473409789
5.20069084388575
5.01490573401003
5.58126089351623
5.6086791698113
5.95828060458785
5.7229903515186
6.3995621428117
5.99893178676626
5.70156985476984
4.74427116385101
5.09262673675454
4.37345051162316
5.04386994594148
5.21191856476849
5.15693992983921
5.20988100047594
