1.03819532780426
0.918120990455915
1.01618516090775
1.1912584595334
0.703456612950956
1.16345230950492
1.16799877485709
0.760344583955427
0.800951816141605
0.576472423039377
0.607557822950184
0.844306753948331
0.561657194513828
0.506509338738397
0.772547617787495
0.151553564239293
0.937435239553452
0.922427809098735
0.786999695934355
0.731954697003331
1.66790697532308
2.02606652299475
2.65513590951052
2.45883976616498
3.22009392077636
3.42722636106957
4.84482609405715
4.23889830167938
4.59999052080859
4.28958290787015
3.36457711918813
