1.68192522702174
1.91900463620568
2.9859871297087
2.39136792425433
2.80737351308944
3.45821716295922
2.24299331227685
2.26857725283498
1.76385535238678
2.9571918552685
3.58392447987007
3.117243996676
3.84870480708214
4.60992775703216
4.10120027870307
3.25768672823342
2.41035554031277
1.73540253131086
1.07416086745816
1.28203862681421
0.838130921212902
1.86021016919421
1.87939556859801
2.59252862827288
3.91295080314757
4.2010239556841
4.12826071734907
4.16169591978559
4.34262229557516
3.99036151535605
3.80963678836618
