5.36337612818467
5.08284934463451
5.0263605368557
4.53821454143623
4.64779932341973
5.8500901738784
5.397990477611
5.26197700189861
5.12814235232274
4.70215558574038
3.99690021832917
3.71053363664519
3.44211238601688
3.78277675856348
3.15849172070134
4.49589811640303
4.01499844111945
4.403385890438
4.65965717451159
4.58691389441933
5.12182360286111
5.7417465738283
5.8354905030021
4.69712795608505
4.58390144456937
5.19023459300227
4.63267755968453
4.33074864227281
4.81390490051316
4.11484057543756
3.51131500530945
