1.05219538719142
0.377216908379735
0.286640765608566
0.674425721168518
0.105737916659564
0.874257090734318
1.54266536398791
1.06022229022346
1.01635274303583
1.72549861961482
2.11322311999714
2.14848773566512
0.828741635554191
1.7906836808051
2.15240345597236
2.32031601574655
2.54568412597675
2.85621039872441
3.04893683316569
2.95984527383244
2.83836458239175
2.9424464878387
2.91381368321986
2.06370613308003
2.33865346227152
3.20261227202913
3.23672189310504
3.7279000321766
2.93152738477938
3.1980086041046
3.86896825324648
