2.37241425311322
2.30775611770468
1.10987980191642
1.6822921442152
2.55839165247092
2.49891881545121
2.33889763935516
2.21153621182823
1.64534214900853
1.30659701691987
0.428228984819725
0.860272238962352
1.4253388417419
1.64443117915653
1.52554666670039
0.761830036295578
0.227643538732082
0.908449628390372
0.502301538130268
0.864748126128688
2.17691788775846
2.90469839493744
3.80471438984387
3.38435317249969
4.12496583582833
4.41974792350084
4.78091232827865
5.36394769488834
5.21187247288161
4.62962520330892
3.85581807860853
