3.14256130450116
3.8254131529265
3.11435492464983
3.25543794722938
4.00546153926001
4.95727057813377
4.65649904612322
5.63179922824596
4.85165121661369
4.36103776841295
4.65699626271483
5.24907815492691
5.63596269524635
5.58059453907401
5.55572238391244
5.56746826869414
5.41535148503237
5.78216095202514
6.69372876620763
6.99140281326981
6.89523064139211
6.74405404626304
7.06407579271035
7.54455222235986
7.91146079357707
7.60642094923478
7.724728488031
7.31716813444962
6.4592282364132
6.32597234211733
5.02893517999781
