2.87455844474597
2.95729103698967
2.87559360769218
2.44896619822806
1.34603865337535
1.80925391903124
1.88821761878184
1.91719108235411
2.09154258922063
1.05712747571379
0.767352452709748
1.03940444297477
0.729875888675451
0.537964171692375
0.738401544242743
1.05045689987915
0.639843693431112
0.507656892956811
0.302547181723639
0.36523806466721
0.983778297202662
2.21747378376313
2.2201542200055
1.72753666842709
2.01097810956071
2.05497880874554
2.53501689679342
3.54475110176372
4.00203333295303
4.16376438842508
3.49150714197549
