4.33457613580835
4.81140367298362
4.91729260220167
5.62433455775467
6.41937864416254
6.49874980196332
6.60252867297244
5.86527638959673
6.03177688906876
6.41540419178058
6.85567035850671
6.56515594812947
6.34802518829843
6.09042753882846
6.75280366417161
6.0224241018123
6.35057876676461
6.36510739019016
6.42614168776074
7.24087151195729
7.89041412025565
7.84440087815622
6.85879200519869
6.98301950520584
6.06668017552914
6.38272290307892
6.0987174711549
5.89171156989274
6.03798207970199
5.88380390983722
4.82494968730672
