0
0.308029898675159
0.592915691900998
0.759060841985047
1.4558911502827
1.16686136237982
1.08351610051174
0.827978243908694
0.518790029282504
1.1284019141458
2.07489510485902
2.20831603766419
1.37020685872994
1.12260186416097
2.32378706522286
2.2299895118922
2.77373274113052
2.32874516653828
2.05409540375695
1.72594793911139
1.08233763326006
0.0916682197903325
0.174084410304204
1.28039652155712
2.21967133553699
2.156514137052
2.14723645639606
2.458573958138
2.55450970726088
2.81002651131712
3.09977874120176
