2.84322542933787
2.71896576279814
3.23636982104781
2.42855486393946
2.28924684905487
1.77821633013936
1.67324641769791
1.63227703123393
2.08356306565965
2.19073485330718
3.56343704745213
3.71508471974211
3.76468397308181
3.10128266857045
2.87812376654746
3.37909709619398
3.44274015635292
3.16706955809186
3.18882427228654
2.86919957519548
2.62881336341652
3.79493165997828
3.69631720501038
4.08468434614169
3.41047454885247
3.43531025062281
2.45910383691978
2.63292666944641
3.10359642003629
3.68847716158222
3.62545934413526
