0
0.396098192315549
1.22338860179298
0.220154703594744
0.895605493802577
0.621299997670576
0.645597035530955
0.921461775898933
1.58481589518487
1.54789752629586
1.62094899453223
0.505410928511992
1.37129080737941
1.63524845568463
1.87777177500539
2.36021157563664
3.09386318101765
2.97897690179975
2.53235002671586
1.46705569484489
1.64215795736977
1.9199320137895
2.26083539909901
2.68632143707232
2.67682160478303
2.26740149938719
2.26470841598008
2.66103659747411
2.84525711639096
2.13310448373911
2.5888392351592
