7.37950471855836
7.71347122310797
8.12115837211856
7.74789949271032
7.89491563334266
7.94915690363521
7.79702047651769
8.01354880744727
7.67996545203166
6.60076670020023
6.95101691691453
6.65178353504526
6.99143004233266
6.68424476996184
6.15124248234675
6.59304429205254
7.05940907831423
6.89459002700627
6.83120645334005
6.05950666738666
5.47376506899476
5.68088559883639
4.20506780019954
4.20287529363289
3.75995014289386
3.37147807989262
4.29134307110674
4.22647443258196
3.05106123148456
3.30491092319593
4.10707159417674
