0.308412629959784
0.387241223594174
0.754273172933608
0.910894174361601
0.361233913106844
1.23154843458906
0.586674753576517
0.534346429631114
1.40046533413234
1.74401727860796
1.67495333083908
2.36877586210149
2.03257000359709
2.01025332563559
2.48622573848816
2.52199009486476
2.73698709456519
2.49750990414329
1.43921465839528
0.982069517423293
1.26679437694409
1.24442907858909
0.904466117506598
0.300719746155664
0.92253445298411
2.07258173427545
1.66155456518754
1.74263275090609
2.56414461137731
2.41403746327389
2.13265084709976
