4.31010399697349
4.96138871097006
5.16284557533451
5.26888035618701
5.61655052550138
5.37160587808118
6.07356898448431
5.86709696295672
6.77626785565381
6.48461590334056
7.16826314540625
7.25548686265059
5.96459518411242
5.37164950781547
4.85961000869095
5.49562738168723
5.05429519860744
5.32306147025637
5.41732469325624
4.91608507642587
5.07392035042932
4.50667954552983
5.0230904039002
4.94704264393141
4.89781968286325
5.16254123292326
4.57782194615736
4.31040880122616
3.72017019140929
4.29225723903089
4.63476079438276
