0
0.326020995853469
0.254559179535136
1.15680019650608
0.137054925551638
0.920314292423427
0.48551176302135
0.873446236364543
1.65863579651341
1.84686236595735
2.2960464740172
2.55454870965332
2.25348208262585
2.76599877956323
3.20825110654042
4.02437850645439
2.48323525068046
1.82132584111461
1.45188851443746
0.946028677967126
0.765858991059224
1.03120407949829
0.664263342507184
1.50800568191335
1.36320220027119
2.63425725046545
3.10289935464971
2.2036161320284
2.25177550432272
2.31090015708469
2.5954813104934
