0.753086125779693
0.956429465044085
0.581916926195845
0.753567580133677
1.51412146515213
1.61916621611454
1.94408972095698
1.23219386618545
0.709159026801724
0.838724369596828
1.78807881958238
3.02200419171168
4.49413729803092
4.65531550202905
4.63894361578314
5.82088342995519
5.71051810157621
4.65074120333554
4.74274737968881
4.47599304838877
5.60043231606323
5.33220265910082
5.56034495203809
5.67060486471333
6.06831565068156
6.45040034304426
7.02739324431919
6.800507774456
6.47734851028823
6.2953055653447
5.63173195963778
