2.8200026387045
2.14401726281958
2.29345069822612
3.37305059001537
4.15801188416535
3.9332199059123
4.15067484599295
4.7948285978915
5.227818820828
6.10681231177168
6.2410351156419
5.92687554538006
6.34152552301361
7.6276715286292
7.38710509917995
7.69651967307331
7.59377044762264
7.40277067359316
6.42788572070899
6.67582455018314
6.10081933225963
5.40066938355091
5.2029992208955
5.27026003491971
4.64586423812341
4.54582527428772
4.9102347847173
4.87938305759858
4.89044704405647
6.08785440983307
6.18329653075549
