5.56555041235539
6.01421731740835
5.62558966276834
5.09732189967896
4.89263535041961
4.59631016834306
4.08035344823862
3.91752736393961
3.86576749438087
3.59595907882454
3.43033245329412
3.89219096845614
4.43094979629519
4.29252370291057
3.61572172104048
3.8625718116075
3.86411339959728
3.35382287840026
3.78793167419365
3.22505286292738
2.86451231156109
2.86086133591464
2.78548345979631
3.35568273309015
3.17701876614571
3.29357110089019
2.83007906898253
3.72451676413745
3.46991555960246
2.49219927340143
3.09350109109052
