0.499040681351637
0.343831697944552
1.18863441678695
1.95484333927743
1.96251490339637
1.63367765792646
0.981174646876752
1.68245300324634
1.42662534932606
1.15539767150767
1.71490099770017
2.59954701615212
3.51883692033304
3.39903389704129
3.27686566738127
4.14696542052267
4.53118319408683
3.68163070799498
3.8163195219328
3.49768490246212
3.50885867438925
3.63816447527794
3.75803376659466
4.30523635046271
5.27845436702197
6.34620641725784
5.93746469211479
6.43486450654169
6.41459492354631
6.41337567368606
6.14930010853419
