1.68764104645731
0.901170983193757
0.955470416210906
1.03545622106673
0.522298196778016
0.116745614213869
0.295363762415946
0.953962047351524
1.79570244811475
2.46470851637423
3.25186943029985
3.17994442139752
2.7292264431112
2.30750194088114
2.4653791537371
2.31974299846706
2.00755824813177
1.99135730195348
2.21488749504578
2.82979888365162
2.64918863483262
2.65039371036482
1.58559288027459
1.8873885605833
2.19572268509068
2.47240080347978
2.79498688470335
2.8051342802471
3.40519305401244
2.80307342148148
2.6132686244207
