3.28617405957785
3.23664930599053
3.86380195730609
4.09449432321136
3.14436698165965
3.91596204900426
3.83492467781772
4.57509221738447
4.32200180363153
3.83338783119117
3.674352254221
4.2669215986652
4.59806845543512
4.59244686711185
4.60210165150036
5.12947162218895
5.31720139652184
5.37122905145093
4.96072328610039
5.18959451060679
4.81937830046687
4.20667739318621
4.55195720530052
3.79183993664507
4.54344433978137
3.99700994080801
4.48246425519634
4.16708036734659
4.43890783275291
4.1811590016894
4.09994051620178
