2.77682639410235
2.65704453395195
3.16806123157479
3.71337322875373
2.76843404102586
2.73498860312141
2.17738551794067
1.82600308566801
1.22213102931604
1.00552910248265
1.23165722059533
0.39707341673784
0.852700640379917
0.968308381901588
1.55420178284636
1.11469829355134
1.32806760391919
1.80135156370467
1.21977222378133
0.68425229185028
0.310254364905413
1.35487766028382
1.38937562983483
1.16867847042158
0.606439759256318
1.10891401371919
1.06851537292823
0.88603234034963
1.08332291268744
2.499839899363
2.28658488718793
