6.11210527220444
6.27081144340971
6.82961120895407
6.73120846642478
6.57893726552202
5.82586937417573
6.06784264670051
5.74076683513186
6.70233121813572
6.36960726274475
6.0694880296599
4.74173135726078
5.28591498682573
5.07111439035571
4.44847276323976
4.93865424563678
4.33519332233386
3.44641296967434
3.07971868134605
2.5056356860468
3.05058051238067
4.27630719926439
4.39416277233742
4.18767989042446
3.80939677275948
3.79581715014994
4.73452284128636
4.42245490464613
5.19498945248544
5.16587186578299
4.93545709640356
