4.86114481708049
4.64848793169498
4.73559188993662
4.58607546245579
3.86586567120684
4.17774839642515
3.71162150091549
3.65945619334524
3.85787874147353
4.38408845297445
4.39620643511799
4.65942250268918
4.01237803378527
3.59733494028833
4.05305000541185
4.131139616551
4.19994483499241
3.83974119049881
2.96472627909307
2.57141267515172
2.76958292822738
2.43715215993498
1.90950008139399
2.66102714517538
3.16342756275472
2.13519197895576
2.30213596236442
1.7741403231166
2.50497189939396
2.90586715571025
3.07285852737167
