2.60275838037537
2.71789163842382
2.56847221266994
2.33634847661065
1.40944339570174
0.385982330458524
0.628979380242527
1.18594253459014
0.689109857892618
1.1081751168749
0.467603428987786
0.986320842057467
0.845660197548568
0.471892620902508
1.43371412600391
1.61318479687907
1.16781918192282
0.956019305158406
1.08779484732077
0.834062282461673
0.902114964555949
0.789299540920183
1.7060120315291
1.74281024234369
1.94732200284488
1.09559158957563
0.967531384900212
1.93389904056676
1.43695866479538
2.02783419750631
2.17040920387813
