5.17430050247401
5.03201760486752
5.58296137653082
6.2192916730491
6.12620041038805
6.71865183495881
6.84133218772674
6.56342535963246
6.01994994324945
6.11883598096051
7.04307153537252
6.55396018685155
5.67050583260447
6.54863092834443
6.38293216373154
6.10323211686068
6.10810972559579
5.62474599592701
4.9504731299387
5.08458541864843
5.65941087442904
5.9081689543788
6.38541513292572
5.02591697785525
5.36036004668555
5.16385112587403
4.4756206199624
4.96504877019715
4.59109112644609
4.73044526089024
3.76935244655647
