1.42280412924156
1.85453629160912
1.66866507420928
1.71722320920052
0.840713432861584
0.887608563294634
0.386710214894265
0.903686790261418
0.990036584669724
1.20369347832998
1.99792979258013
2.16448148801824
2.94134989493427
3.50853383094904
3.52100937553582
4.00597495442157
3.69527867261962
4.3883215555706
4.72448723029987
3.69601255736955
3.65058815886908
4.19632461725445
5.43810116395065
6.01398843957753
4.94154988706754
4.99289519817279
5.319780389198
5.51006438385406
4.97125430486807
5.52644938009501
4.76135157270067
