1.35301674196224
1.48480360295351
1.00337923287142
0.540941486290728
1.3767005446526
1.51672843584182
0.980765069800865
0.417408296838403
0.278187271673232
0.993741385871544
1.11880940687843
0.391409787349403
0.719025230500847
0.856888381531462
1.46196452761069
0.874581776792184
0.741985029308125
0.4776532179676
1.38561096508056
2.40615451778285
1.15178061742336
1.17076946841553
1.41081144264899
1.12300779484212
0.352169031975791
0.847091097151861
0.67196027492173
1.21413391176611
0.548936687642708
0.381032605888322
1.25149879558012
