2.09737303889473
1.8427182171878
2.86552940694732
3.35542105547269
2.79822090630536
2.99568946113927
2.93135857176152
4.55062057533418
4.87127382367966
4.51850793919643
4.31590154500795
4.84783878260409
5.20160493500647
5.54413483095472
5.74018785724261
6.25558756472388
5.55436331869678
5.5735374944994
5.81311582096496
5.91144991966539
5.61564254362711
5.54939155557768
5.54952799340354
5.91843761701531
6.0399538889753
5.3381355217418
4.53909227636105
4.90404023777156
5.40268695412597
5.26646829431339
5.78437263646557
