3.43327407036942
3.49991723998484
4.03747123769519
4.43646521620487
4.19604801070911
3.91793255518225
4.58492004625533
4.76118057603982
5.17332788147998
5.71522085122798
5.91262815996107
5.45431447097905
6.20550243252761
6.89750640326794
6.03871723450404
5.84874771791194
6.0449454148734
6.35222448557066
5.93583168959627
5.42218256866941
5.67723409491041
4.7766310447772
4.06962805017279
4.13307093465151
3.75963635681579
3.4621097420753
3.46261282762894
4.02543918168554
4.39506575380834
4.03554569635922
4.32422010702463
