5.24717084636003
5.53962968630739
4.81030118340649
3.79471449149795
3.11145968074933
4.21470999639504
4.6253862626946
4.58072962673404
4.56556628449843
4.97702612649672
4.97513098297521
4.83482895144142
3.60983346290767
4.78305462356537
4.76402415782094
4.90242394087717
4.94337214999713
4.31917196679741
3.5858460680728
4.19320019797023
3.66719147815902
4.78949205015387
3.35304145698037
3.98779644278411
4.98707500562604
5.36863386185441
5.57276867815826
5.5411540972681
5.75373970615292
5.81963035176123
5.31291636187198
