4.00313677072874
4.53192996086901
4.52757684064446
5.20288363115279
5.71066568808047
6.1644255031587
5.48033495473093
6.10574660098104
5.79197185623384
6.18517156175262
6.17211328560411
6.70402605479507
6.25514825144381
5.77092993319564
5.77723429668293
6.02047206544847
6.3048979133793
6.22294596898899
5.93060000292388
6.18482791567584
5.54921892336932
4.61690054769059
4.65785508724292
3.99362958111232
3.1382010304871
3.18883905331967
3.86443250002702
3.62953965394189
3.40391450589885
3.64509672001367
4.72440723847029
