1.00215854587798
1.16894052549099
1.73176464693454
2.30595874179919
1.47466510463339
2.98869295696561
2.92658836277035
1.85662829642017
2.708299291542
3.25657678953205
2.70191612326373
2.40154139999134
2.09901596371849
1.88188591644933
0.963756390137794
1.57605464406145
0.864857161173793
1.76748404697348
1.98439259127547
2.77360856066291
3.20229922653009
3.10104961273094
2.55705543722791
2.03134234877137
2.05751213283512
1.73674799178141
2.55869268418635
2.82588039457212
3.40547043133872
2.71505080887462
1.88203438868425
