4.28426543441387
4.56277929700304
5.43140773067575
4.92088033549812
5.04814200859841
5.03153434733253
4.60087776894074
4.05946946458284
4.77910972165268
5.57760916731645
5.61901593336229
5.33852737780985
5.07579199841571
4.97159855894138
4.68973011697967
5.42399976088059
5.27045483107072
5.37924596818489
4.49305525061068
4.3021589325494
3.41508695517991
2.59854996728104
2.84478383336541
3.66914048523035
3.4329466462354
3.35636046307486
3.60413272527371
3.41503177804266
3.27038638095696
2.47337093681422
3.4686364311478
