5.76456801551158
4.9875959395873
5.02244193815043
5.37237318661412
5.78536684587946
6.35853550450618
5.39371078585016
5.22938359326424
5.00845941396171
4.84200931603761
5.42952760851683
5.41365614028389
6.19754013985137
7.09834844276982
6.99676043803545
6.73786784156898
6.0166664249959
6.41548568832191
7.13564263640406
7.56571771995376
7.53451903582762
7.39544305507305
7.19079765676732
6.3662766343842
6.2229482231124
6.08500057132195
6.00770982051479
6.64349153344898
6.68907303675457
6.42925938438072
6.12412262624508
