0.0867439773784873
0.773364978601589
1.18985097714829
0.718919460188031
0.833254632317598
0.605004769760321
0.88576343189925
1.26566110108979
0.491964023560286
0.82970019383356
1.38236063020304
1.30196429044008
2.10180758591741
2.77287110843871
2.90695883351554
2.44552907342267
2.96476965718147
2.72429045610305
2.70674683613878
2.95956905483444
3.76412887283776
4.36630888394255
4.33698651283229
4.71493954206998
4.70711332997488
4.82145164041029
5.39588274476299
5.29237600597734
5.51796024567628
4.95198718873033
4.61702958932327
