0
0.0442751238588244
0.752313097938895
0.599170682253316
1.11432445631362
2.36002743360586
2.47039115871303
2.27208033227362
1.43814305309206
1.46134679351019
1.457991730245
1.60410335875133
1.76997639244439
1.19595707818882
0.674086592392996
0.793411436257884
0.633332127006724
0.93156183254905
1.54057170916349
1.31379343918525
1.32010443368927
2.02011197293177
2.93264832417481
2.27295066276565
2.77229085983709
3.82658698968589
4.19918057648465
4.16697605256923
4.71196938007465
4.46930870883494
4.83132374430402
