0.830559997772078
0.555707331513986
0.351106484886259
0.957850507460535
1.83516820380464
2.48419349826872
2.23715184512548
0.868637495208532
1.05214751348831
0.991044271504506
0.751675453400098
0.5313744940795
0.850645738653839
0.645624258555472
1.03175783110783
1.80186100490391
1.80676583922468
2.73341665025224
3.01760965077561
2.99409070568514
3.16547324396093
3.73979766345006
3.44800712335278
3.4985621839704
3.36497433208284
2.91506775193271
2.54692225604673
3.33621888169442
3.88508798907865
3.27359844480065
3.01137875804102
