3.78282668078554
3.92068669907984
3.55776550956306
3.08265931657751
3.76606031214123
3.9998192238645
3.49962444147331
4.22972049759936
3.76213003145766
3.25049777152252
3.80079016190215
3.71984266450822
3.62757164620056
3.79634980678751
4.1000628723596
2.68958243735328
3.57253270440928
2.66263322260424
2.27983784124448
1.93814920292429
2.055634033477
2.75724669227569
2.90346751881956
1.87060577057495
2.31643589081436
2.51622776612356
2.29314052192211
1.99805839098706
2.83748774458371
3.21139187547095
2.79002584302514
