4.38159180834742
4.34899388888704
4.36356041773075
4.42995824368523
3.38277280500012
2.59356363193916
3.07779741922246
3.0627725586001
3.21373160841728
2.62890531664567
3.26467489923203
2.88539474370742
2.86305892916249
2.96287151176335
3.00279994059207
2.54900328635091
2.82160497067349
3.18374024105111
3.1244198841295
2.61000191264514
2.79000886164334
2.65859091964278
3.23121522420745
4.33513546020452
5.29916238349591
5.22625814501856
5.88815782109935
5.71128292258469
5.83842535980916
6.68866986746839
6.9495599578408
