1.06587466428338
0.709324636201399
0.211982059292495
0.935923081589863
0.539981510257348
0.828895272454247
1.3687409972772
1.8220104156062
1.22578054550104
0.907366609666497
1.14099366101436
0.762969028670341
1.29656282873317
1.27449271656066
1.63932084353134
1.95715710674837
3.14096175614238
3.42200982701458
2.69910400724463
2.03635314773261
2.22045355933212
3.24802396949805
2.56828536829404
2.26865638853475
1.62614908433012
1.26773119592532
1.0241527486635
1.62165643341986
1.6433455506075
2.8395705034226
2.29313344435913
