5.56446606469842
5.68393213362003
4.84957869504148
4.18083097333423
3.80274331443347
2.93428076956756
3.10752344866618
3.837753613846
3.83884639073498
4.01606120881028
4.88628496219739
4.99890279271043
5.71620412137694
5.77772858065745
4.65628054553835
3.9759752277956
4.09380481929711
3.70298050509027
2.99012812279746
3.24761190388002
3.33311048761592
3.97872841876582
2.80626974959508
3.03293617905528
3.0271682287328
3.1380862483982
3.43118220705018
3.6698857429199
3.04150706736781
2.32477942735367
2.16374242978581
