4.63424720245
4.77140406451706
4.75310060830795
5.36541680695497
4.98491349496887
4.96503709100195
4.40330687381335
4.72792814957917
4.42405626417146
4.37862620718785
4.29462184321143
3.01341090474286
2.37339234870867
2.08643020672732
1.88859743258924
2.06256700686187
2.42133627628916
2.86094722158284
3.39639667358257
4.72058300983169
5.54038541002207
6.06579660351396
6.08346513525591
5.77870912670166
5.54124291294262
6.41142991913491
6.31348960573793
5.9241125282901
6.30171223050678
6.35432645604709
6.43772468409265
