0
0.643281249329448
0.256094888783991
1.4580490377266
0.517827878007665
0.828478238545358
0.453665168490261
0.0631450254004449
0.426838026149198
0.703333371784538
0.750385096063837
0.169891102937981
0.121200078167021
0.978731504641473
0.894185969373211
0.957237019152768
1.36354062212204
0.63954617427235
0.36319010076113
1.37518186074195
1.60436475648059
2.51456935166826
3.40483589841498
3.93371372784933
3.75344313097631
3.40938498660436
3.98869979474146
3.79171093180228
2.96833820104983
3.14326616562355
3.47691808756825
