5.72184892816196
5.98856416323881
6.20685433901574
6.03662423140097
5.54115946174327
4.77508420061177
4.48220064986354
5.09825110930806
5.52339127479909
5.32873736610669
5.43337825438972
4.42800436993162
4.87806341713327
5.34892751225331
4.95336704067946
5.84914022074141
5.52483219392658
5.36135368999154
5.24450055109397
5.17956425664075
4.09668633546741
3.91519169062436
4.21962055652463
3.58917310084277
4.27270905226529
3.92083738506832
4.09118429403812
4.0518291270832
4.51309248521053
4.43148633041479
4.62517935195998
