2.34437463971986
2.0864566311167
2.15649848318858
2.40810004206574
2.61501699526994
2.28168073514734
2.0788893609706
1.78222694768828
2.3003138504855
2.1556414444013
2.08464507827823
2.32432258058627
2.761125947808
3.07885629566674
1.94469387242382
2.38109882357342
2.57224795543401
1.07736070588974
1.29068185221216
2.0759736843854
2.44540451229362
2.0162551796045
1.78085587983763
1.23657051236181
1.23716450827008
1.79420296540296
2.61852930085545
2.71882979473842
3.17170456140114
3.77408438101223
3.42242858740313
