3.33698032761605
3.42301007930802
2.67107131274098
2.3151548496695
2.10291690693849
2.20632369315864
1.54881606402488
1.05021389934847
1.82852853683436
1.86551644082794
1.95832881180251
1.85890936467478
2.39353264065141
3.68389962066577
3.26322939491512
2.8872158938335
2.42302284657636
1.58603922987969
2.11687490486419
2.20425277345693
2.4897519334021
2.38065405821307
2.8484830814681
3.44757149929991
2.55246585982731
2.34547044642149
2.79352062500892
1.81197007003119
2.14988108909554
2.09428841666183
2.92331346216476
