0.875183227155716
0.354953458914891
0.673965625697747
0.869920895900577
0.245436022058129
1.10948812542483
0.732689076336101
1.72473498224281
1.73598610074259
1.3352993868757
1.21293064765632
0.837431219406426
0.420355177484453
0.911980423843488
0.328653844539076
0.393684823531657
1.23112780577503
1.39491397631355
0.951058835722506
0.997812209883705
0.849931918550283
1.32312994846143
1.32667078217492
1.22789966898006
2.00830740901609
2.04451043372451
2.49226847527958
1.26703766784108
1.02274112756773
1.28730866364646
1.51055793655548
