4.72755806558264
4.68113039448355
4.29123818632645
3.83157415586022
3.57392446408478
4.06365384525118
3.94825738403444
3.94158481052575
4.83833951983099
5.43830528450628
5.98014512085505
6.4232261924878
5.38163506624888
6.67183164589706
6.6060581319812
5.61278411963351
6.38211453760371
5.92011742131728
6.03151915851924
6.0637265706988
6.34518624843041
7.31286181603502
6.81553336367954
7.12256179978151
6.93240619492729
7.24570069469477
6.85902857229079
6.39343348921242
6.74708352990414
6.94613654616254
7.0629011165161
