4.69558559449554
4.73485529840157
4.37195499938146
5.22470821904183
4.62716576618307
4.78196505288844
4.96810453822156
4.59569395048795
3.64009944367473
3.74206575885666
3.59042367939157
3.43413876597089
3.58452597138723
3.26558605366637
4.7584074425443
4.86111293215555
3.81232849270356
4.60270186438476
5.1874616108301
4.92567462119525
3.5472352918635
3.66774885653769
4.11828951276158
4.38290345407342
4.04695564479818
3.61787738203322
4.84362411284139
4.58385946787173
4.01402140338184
4.04203568775812
4.42404943406256
