2.29043734070603
1.37841187204923
1.32068174655307
0.768480641504189
1.98653462642561
1.87725952497441
2.70632202058788
2.5542437708633
4.12450496313851
4.36621662109848
3.66013254198935
2.7201931336591
3.03263454881254
3.44082603297885
3.40861864128839
2.59404619407598
2.32229691298436
2.26410288370967
1.93882370863863
1.62444724569897
1.76331799508872
1.67209949864874
2.4368467769291
2.16169359308516
2.45550039440242
3.61260149075498
3.0724993064705
2.44350696384755
2.37097849330713
2.15040826151927
1.74779125195668
