6.31975740929143
6.02021812846893
6.02610527643943
5.93546642189854
5.76487283607954
6.49152254652241
6.51606495039547
6.33678399831066
5.81733257988477
6.13933996962392
6.52041129315281
6.7246818743994
7.07748335030614
6.50310003653853
6.29599089886746
6.26061226649894
6.39868002700373
6.70144819760448
6.93885120855397
7.12316473772502
6.79682509148246
6.00353757863617
5.02504422295592
4.71781911713756
5.23887304671793
5.84194171255207
5.56681142620495
5.72623230832382
6.84003723518676
6.31385754849182
7.44288500127734
