5.38970203380079
5.20188874573426
5.19007209859767
5.27197767429964
5.36082256477305
6.01934742337867
6.10535844850197
6.04089065754305
6.10857440970357
5.66215145212117
4.78904854293432
4.42968136487979
4.76618942738421
4.88886813077986
5.38759497905992
4.59990554190151
4.39739676405586
4.23983733359635
4.79526167576112
3.90485948746934
4.19723468487061
4.43033538063898
4.25940122598692
4.93309359814882
4.63872059601269
5.16501036848783
4.54477762853637
5.0221392915482
4.83040937389157
4.30031212888568
5.42861933241509
