0.140167568436997
0.351655028294772
0.953068393515423
0.623999153962359
1.43011545692571
1.88300313008949
2.23562906426378
1.42053464287892
0.388141233474016
0.517881132196635
0.954160807421431
0.243187077110633
0.30171336280182
0.684735466726124
0.715963156661019
2.04325169255026
1.5487065508496
0.56094531621784
0.827917880844325
0.857787445397584
0.96907782575628
1.15063048291533
0.765770794102459
1.54365622927435
1.22264479589649
1.4628519830294
1.17338956543244
1.63943801308051
2.80094978585839
2.85058444412425
3.36397411697943
