4.64638189655024
5.2827979767252
4.07196210730116
3.67580484980944
4.7104109826986
5.3010801282734
5.43577210009324
5.44333432531211
5.68175011137727
5.58577032839174
5.05192745150943
4.87115580817155
5.06207412081241
3.93048923248827
3.65531332041539
3.81714420784666
4.73966125511035
4.85090904729636
5.09478669832473
4.89735477822845
4.1359025878833
4.186448350642
4.08960298388277
3.51992215458316
3.76431861924951
4.48285386045476
4.8006123102737
5.07770481365745
5.74318359289331
5.62398205148068
6.32636205139582
