6.4871187058587
5.9702983291198
5.28142937504057
5.27896615092945
4.47710872323554
4.86743925510276
5.15248591451276
5.64060849904385
5.47991881913808
4.21830287481029
3.75900514329154
4.5208364254639
4.79761445869994
3.92481605171528
4.17730693284724
4.12042499890853
4.63006493936595
4.20117331341211
3.81416786507074
3.34234429475222
2.6259360036191
3.63282177572441
4.01468627618928
4.47413046190817
5.38693227594089
5.83955528911505
6.31384685959969
6.51348859791946
6.17675264713657
5.47157544454862
5.04638294501532
