5.01194697522434
5.29632348284933
5.35190259524979
5.73347050579622
5.9006100913918
6.55342738422923
6.6334773006326
5.79745370504081
5.09495000865783
4.40005800662104
4.33365356641363
4.25604630912196
4.15208623207647
4.26361067940954
5.03467064186472
5.00519020062413
5.32868125730667
5.37038913460921
4.99471909691121
4.8310658988647
4.71656006352154
4.0645617671415
3.10069929772166
4.16627515979221
4.24627701110316
4.32224963871872
3.6180656802479
3.32588165333604
2.25582135246245
1.82801335897406
1.61062655375449
