2.02314222481762
1.93973044789125
2.81832765293037
2.06768568436344
3.10084925818917
2.44040854851444
1.1860830645888
1.47331200115112
0.218663335777819
0.497315292945132
1.06252520135604
0.751267126528546
0.384120300302345
0.497037757653743
0.530068760829498
0.0858272109180689
0.734126586932689
1.38814243162051
2.10468875290826
2.04009535466321
1.59305029268994
2.47750829881675
2.5555573168645
2.53088291664294
1.49302110750846
0.909000235373741
1.39760449644796
0.851298091697162
1.74513585748768
1.0093144017706
0.883791010125195
