1.3150474821265
0.701040487135868
1.10056638960272
1.79521699399232
2.23965731952133
1.64499909723902
0.557776987224612
0.307624247390777
0.383426326327026
0.868550314102322
1.99660948733799
2.38692558184266
3.58687828900293
3.34215526259504
3.02013647393323
3.25254262867384
3.44527240702882
3.6048476533033
2.90327017032541
3.91291484818794
4.95843720040284
4.9353230970446
4.2729418433737
3.1684812461026
4.31005108146928
5.45868423487991
5.71995577448979
5.7367000707096
4.89815392756337
5.07233184009293
5.93217487485582
