3.29021326209574
3.47226881249032
4.01492551820509
4.07686154908563
3.88079299280482
3.90956537882859
4.13252855177099
4.44442165029297
4.79748140639687
4.6287998854282
4.51599360947559
3.97923594285796
3.10366451405982
2.94120737482856
3.97096660189392
4.74991722582901
4.47698562188136
4.57777302424485
3.70100852536099
4.0806965356792
3.9969782595622
4.4133350266243
5.63330778494539
4.52429374066243
5.0226708877931
5.70966907908271
5.74919388298334
5.26036237594129
4.62534660654531
3.90467090387286
4.56800597086006
