1.48819271470961
1.41605467275326
0.936056391993362
0.913546374259341
1.17215227308293
1.21173700057511
1.83294391162303
2.55655301590991
2.2848134359399
2.8884067984352
2.46398548079264
1.47903204472345
1.02881760472042
1.32827738458832
1.13345999061318
0.994185586694645
0.975802369417639
1.09325762652733
0.912322896035565
1.77299296899344
1.72868040573428
2.32069298960296
3.48805685606813
3.94537524492507
4.45203809589175
4.34041249598404
4.37318016365198
4.00181775371865
4.3210199849619
5.07418262720429
5.13657093718927
