2.92719475486703
3.39002534076027
3.14479240429975
4.3551364054849
4.05247688437268
4.9827452702859
5.5083885449396
5.10761788309066
4.56657463692575
5.00322931244484
4.57415154910161
5.02358261783122
4.85452233495637
4.6199686947137
4.47016658921241
3.73962173502407
3.08381937265842
1.92752856629415
1.85894783268197
1.50577629155925
1.52736057209297
1.25936308860294
1.50668849361575
1.50627671492732
1.35300867057851
1.87024660136997
1.62469377702548
1.72483918195105
1.92743632601089
1.55448695000707
1.60824701547137
