4.95265494595274
4.9761911680083
4.63877511449151
4.56931373435997
5.36542082141146
6.10905734315507
5.08815838565111
4.96758976444595
5.65059335768215
5.3493485940247
5.33960690274534
5.21649481141639
5.42900621955914
5.47669193958563
6.20604006540551
6.02009401553831
5.74413514686338
6.5357242307119
6.05490288338213
6.3490990976762
6.39905463437357
6.09343656655977
6.65837197602372
7.0708296707889
6.92440154806276
6.41997480795284
6.60645327351553
6.64984403721016
6.79348402407911
6.06018451375846
5.73030030914466
