3.79624695566987
3.32598074272779
2.67442129555662
2.77237722001542
2.2152211575633
2.53316367001777
2.94931377054696
2.80872819040474
2.97177041581404
2.71023039755915
2.86327677363102
2.59736605736931
2.24128693857734
2.97835706666616
3.15165565515441
3.50548924276178
4.21060180504379
4.80549423004073
4.68379141899238
4.4683297620755
4.00808851836662
3.70512308898795
3.20840037983324
4.38375241469073
4.29573489698994
3.56799257566634
2.71824380461569
2.84106500153729
3.0749861317251
3.32643867250928
3.7910547134413
