0
0.826521859038621
1.54526486969553
1.89888406707905
1.82292337715626
1.63728722736004
1.83910344836066
1.81064182814906
1.46020671383674
0.557522205403075
0.96147393821993
0.923487486227164
0.176109533524141
0.717371499864385
0.239732349524274
0.265645841136575
0.217219665413722
0.864795692730695
1.85455446038395
2.5574053324781
3.6363603644095
4.52496239720132
4.18892695536125
3.99501929865438
4.15308991414715
4.40799313099343
4.38558239317719
4.84607728491757
4.83957617557827
4.86960276789252
4.64509264990738
