0
0.0587735532317311
0.802380486158654
0.836285214405507
1.20055789779872
1.44766949862242
0.944633263963698
1.16517108200067
0.775641006650403
0.480552131077275
0.957495238631964
1.00711530796252
1.04711582278833
0.904541038908064
0.748481610789895
0.688007653458044
0.402915283106267
0.832246295642108
1.54660915836984
1.78309033016966
1.30005346818188
1.82317273525813
2.06286916390353
2.03896192877846
2.15763783359261
2.24844579363128
2.28280316863096
0.989394689787908
1.27619295135958
1.43594637291393
1.43197620228751
