1.5337762451561
0.737817438162656
1.20634827677326
0.53333044052124
1.06502618407831
1.92439175746404
1.2993271141313
1.9933872751426
2.25174178206362
3.24555113865063
3.57202740362845
2.69551783846691
2.99815449444577
2.42012712336145
2.53872065991163
2.71951352548786
1.7811628493946
1.19057560409419
0.943677055649459
1.24133373470977
1.54338478879072
0.463032643543556
0.730787507447868
1.03275390454817
1.71822972595389
2.16729912627186
2.22581829782273
2.47440398763563
3.03643341059494
2.5992121743008
2.37595039186697
