2.3550593167081
2.15667340331744
0.849140499579117
0.112639422994107
0.25546574103646
0.635926338145509
0.904698950005695
0.410833331290632
0.695259993663058
1.51194826071151
2.55331591540016
2.46351093030535
2.10940610733815
2.43419067185693
3.09330852093496
2.20893061017938
1.97767420272663
1.01072789096594
0.00282687321305275
0.362512554740533
0.648125452687964
0.640054350253195
0.945068411994725
0.616972748190165
1.05593694210984
0.792279673973098
0.604960238793865
0.654108977643773
0.620591860049047
0.781970337033272
0.172305444488302
