0.602051234984251
0.387615817133337
0.846103930613026
1.42386586195789
0.381739312084392
0.918687352444977
0.757794977398589
0.998292606091127
1.20321762142703
0.960778144421056
1.65634395251982
2.5497710891068
3.01351217832416
3.06919961771928
3.35204311273992
3.60365510126576
4.06253752554767
3.78946984279901
4.32867380208336
4.50883788522333
4.3359735077247
4.52999103814363
4.18477173661813
4.20295336772688
4.644957464654
4.97079584817402
4.43025452434085
4.80367543525063
4.79622908588499
4.9757332962472
4.99218621570617
