4.8501695934478
5.2707320973072
6.1338846317753
5.98807041414825
5.46023481732978
5.04604597271232
5.15315269350817
5.31167881235292
3.87335434623806
3.98842016046679
3.5563548868317
3.68890898253581
3.23146504115125
3.90111737789398
3.65695351965537
3.81868084471485
4.3415468816906
4.50048526658984
4.69588328784639
4.26474175093072
4.2986555688859
3.80262909204075
3.47919006322818
3.03913477927754
3.1996223468178
3.27035008583525
3.39327215872081
3.38353943781304
4.2457066839871
5.12954429260763
4.84806699471856
