3.28109394709477
3.51397844121688
2.91240433180355
2.22246801918955
1.52999342368566
0.600679153070086
0.851950023090467
1.3758092734497
0.347065219655633
0.258275976637378
0.818832807941362
1.50499881827272
2.23534041480161
3.06578923691995
2.39377076248638
1.82488185493276
2.33181694103405
2.80945134488866
3.16708115744404
3.03623660258017
3.82560001616366
4.10128355398774
4.4766061224509
3.70261375722475
3.59553313604556
4.2743878045585
4.81784571753815
3.11730972025543
2.93078166688792
3.03547733020969
3.24579756660387
