6.50758969066974
7.45010674610113
7.01390962121387
6.96521609836832
6.98021095084601
6.29257402803392
6.64777883562834
6.20948727460826
6.74869526884766
6.41133240409443
6.13286283667447
5.86051948493594
6.73752679521465
6.71761465640055
7.29927812396772
7.43040142982245
7.22940124134511
7.17745608238704
6.16636213993854
5.71711394850365
4.82681183431498
5.23826351909167
5.58863032360761
5.87571620273604
5.44118532615914
4.90357734469192
4.1140806618748
3.97012235640043
4.5452001259798
4.5880198548218
3.52857577238658
