3.66195269998842
3.60907020535068
2.40397497893991
2.98890702378684
2.84746051206002
2.18465265164831
2.39979465793566
2.21463724084878
1.74635303275408
2.67129033802757
3.33426888169469
3.46361058506863
2.91384543034928
3.18561302939178
3.08549964403482
3.33613388215871
3.89349435082385
3.66958828232882
4.23523375959767
4.16147425011432
4.00871915146408
3.16704660012396
3.43196179206045
3.68904125225292
4.44222516287611
5.08743833541432
4.88534949883381
4.22851854563253
3.98222672567265
3.83100885293008
3.6395854535562
