2.14275317859644
1.87893333483296
1.36033904330613
0.690912441926022
0.664837552810033
1.43448755924398
1.62482761812205
2.40388697646558
2.67222155798227
2.49142207698897
1.97120109437965
2.00434827257029
1.61490775656036
3.0130016446308
3.43907502304844
4.220205144606
4.77730408415517
3.49954017216659
3.11218302615306
3.25926160032249
3.29318982537224
3.57155076658672
3.97233288118003
3.0244625519248
2.70230640971421
1.78895472257717
1.80880033166467
1.64460706093668
1.13340185081905
1.43352593260205
2.15444389975017
