2.55821080476712
2.45224166213269
2.45169261821746
2.59438923306032
3.20762054647519
2.9168110334055
3.85385589746027
3.81417729059486
4.15520515252156
4.01729111938058
3.77232772280714
3.77774862791911
3.87399017168709
3.26620433768757
3.24632176231161
3.53999166596249
3.72530471031123
4.10697074616828
4.75945132817642
4.89480753182933
4.71793914945365
4.68115073172875
3.81421262501307
2.95004239175968
2.98058328921635
3.67469779557544
4.03924929156895
4.00686415748252
3.79912007853901
3.68447121835826
3.1813151668529
