1
2.79334394359174
3.0711468945129
3.2740148040606
3.22381931205517
2.95686755384208
3.12306144587763
3.33010740788918
3.26857288566481
3.12449106879374
3.24602665828814
3.16817439314331
3.30657481127296
3.39361645566127
3.3899715043388
3.26343986303326
3.15606667715121
3.36427416132463
3.29449330038676
3.38913271578409
3.09176525436712
3.37313584858118
3.65713243832937
3.69876229504262
3.81465530599085
3.73753269212022
3.57992800463628
3.94183340116711
3.97573057695559
3.86665336653868
3.90921401680845
