0.1
0.644921386399981
0.834502431686157
1.08581138872062
1.15511701183686
1.5948894066128
1.5427872783637
1.59338359884617
1.5165251472055
1.5220271182132
1.51517811338375
1.49768633558126
1.55789263775483
1.48899078236849
1.50804580321829
1.45505991202391
1.48858777398978
1.49373448246935
1.42517977195922
1.4285643623659
1.44646034356213
1.40471570435945
1.42606401425508
1.40257370600563
1.33019622864475
1.38845033715537
1.34592164002282
1.3826032302154
1.39476677524017
1.41021866946625
1.35254943506182
