18.8222110274807 39.2197626718926 0.314553759282081 24.0034384555458
18.1406898599439 37.871758144037 0.0705816203575064 23.9663729738033
18.3227743033037 37.7706651010679 0.0803822251850431 24.1726594945005
16.8625052257774 38.1835097032603 0.66944799455814 22.2249082061983
15.4372813844455 40.8921835230218 0.262128737447432 23.6680056534863
16.2648338281659 40.6505068435591 0.0123998354210163 24.4308035704633
13.6691726359649 41.3802966030101 0.97247234936322 24.0711182031527
13.5835347218106 40.7300957009914 3.02860328368843 23.6964570471764
13.6274648904978 40.2086236335377 4.58049273385253 23.6836091157702
13.5110451971957 40.7772247011037 2.73032544284646 23.2206830255747
13.9250060384027 41.7334882866004 0.745586369527101 23.9857489827809
13.7450029118931 38.8655701109602 1.87131300580464 25.6184057251621
13.0385566254687 40.4424134087559 1.75771758139418 24.8788928410164
13.0923731768113 42.2425026562832 0.651814906625077 24.9673026319219
12.5140503650240 42.2221178423862 0.800042800772686 25.5750955216212
12.0929589570906 42.2599188293761 1.53410153419837 24.2760667292027
13.8434035406854 41.4635423786324 0.890149269020185 24.7013173397439
12.4818542116727 42.5198807870928 2.30769895180129 23.9368024563968
11.0704180972125 44.315394998686 1.69438837864436 26.0046269570097
8.79784147795571 44.7246712815367 2.27081212140038 25.1131445833101
8.70508869160248 42.9506156560693 4.0251540763398 24.9028044011434
9.11058077011539 43.4864965951729 2.31471536942770 27.3745204390948
13.2261591337649 43.8991070608336 1.63991849387701 24.8456271583204
14.1484391408069 40.3376721971709 4.87425186096395 25.9307783849939
12.6742033248795 40.6540697872567 4.64361017740036 23.6482720643683
13.9038090555025 40.2365967528996 2.85430080427493 25.2658830115973
