19.2143841411160 40.3120233513302 4.95000472144347 22.7876916323460
19.0361558732188 39.6110860573946 7.6011005790544 22.8065428910695
16.9657808922977 39.1498525688694 7.07841937244205 25.5288486778654
16.1560552575440 40.8259855137476 6.40434616942212 25.4282072932315
14.6847154476925 35.0318280711108 7.47952395187885 24.8410050618318
18.0234137664770 34.2275875321040 6.00691274524176 24.0833795703299
20.6071263349836 37.7764424866447 4.39271949714491 24.0086381621011
21.2096786846095 36.706751089395 1.43514860648172 26.6731415259935
21.3248439222355 34.1590384259725 2.99780460673826 24.5891367858640
21.5646768344808 34.3906239802854 2.87271605868334 23.1237824755154
20.4897194709118 37.4253564063365 1.80169969727285 25.5237275893233
18.162669148245 36.4906736114899 2.28344686073251 27.3024506690084
14.6979922763492 36.3916883907186 1.92647374374792 30.7419979209183
15.8115390948440 42.9310402060764 1.35950790066272 29.0555165317012
17.2329072097059 36.7788386187421 3.82952753920108 25.4292380558430
17.0115393653254 34.1754644653665 3.23583649168722 27.688983277428
18.5060193521644 30.6211677152569 5.70545829785988 27.9301532935454
19.4813039034347 34.3006776488291 4.65512140143851 26.4190822355552
22.6875611368309 42.0952110794278 2.73078719644996 25.7397946417435
21.4800891506020 45.0804279377589 2.88799403677694 24.0620884839548
23.5116298357848 49.7764041359442 5.81547209783457 20.9605828337474
21.6846760027934 46.691353014754 6.61441938950305 21.5176147970884
22.7239033506144 51.2279238855371 5.89460973460398 21.2539448997457
21.7601067896372 49.5851857881898 5.25357898015453 25.1539471441191
21.6356009512579 54.9242524500841 2.59133107571946 25.7280701373946
21.7476411345803 47.7465593657362 2.27628337475471 24.5737790943366
