18.1781567028951 39.2215256365632 7.87013914462325 17.6701581387248
16.1313294089627 39.0854056933873 7.71431658980501 17.5130185412642
15.6701520720536 37.6669123358201 7.0864616636802 16.0125813603585
15.1243070398419 37.4283100964424 6.25052316087862 15.5203489515388
13.3067417078413 37.9249392599798 7.60791406163112 21.3962411017546
12.9484269105591 39.4492687140739 8.12530024209606 20.8518430085439
12.8834757994579 39.0338247865586 7.20975941954726 20.9612526462931
13.2074399966466 40.1650774668408 6.56000961549195 20.5340668230835
12.6846912115531 39.7857724515227 7.44403852289157 21.5209673095872
14.0922969312921 39.6202535385704 9.66540519846218 21.9569980263936
11.8059127621607 41.7914216959355 9.98270380779194 23.0717591164875
13.4618491438235 39.6101158678778 9.77953449220421 24.0002961034196
12.3060121509264 39.1576069157178 8.41497832702498 24.8610614022481
14.124353843836 37.9483766648902 9.69825295518028 22.1713653855267
13.1753367471021 35.2023822749018 9.28758824356708 24.1168884612861
12.8845588539320 34.5966775244266 9.73206162343149 23.0108497949002
14.0970930480095 34.4283150593258 7.77493596648627 24.2236421059049
12.6113394419359 38.16449346584 6.50907113677328 23.8540775521822
10.6864113765465 43.8140440119639 4.24842192669836 21.9765737501137
10.0663878111797 41.6341461876615 5.82106797438552 22.7340203390620
11.0500510264816 41.0168365791648 3.63235353067954 24.9683918093495
10.6218828095044 37.3749148497206 5.30968615849939 28.3415869425214
11.1183141488286 37.5850507812476 6.38561696833436 25.356768537981
12.1375232468579 40.3687950824289 2.61685727368546 27.3392052750267
12.3230138085071 38.8743815789832 3.47147685097967 27.8488979023427
13.8416932997513 34.2598789366795 3.97677600425174 30.2686492018879
