19.8528711917473 37.9978556379492 5.41032580648805 21.0843827109286
18.8779396227874 37.5575672405625 5.01323791792873 18.6710835247734
19.0534340512471 37.5513347158062 4.70292876208457 21.9366301611729
17.2252878608646 36.318877787691 5.46761829675432 21.0061118573081
19.5129789613651 39.9568909304922 7.09146220972087 19.9964717168491
22.7185210796537 40.3236374366803 5.95063676651824 18.8779729239773
21.3429710221483 42.5777564755744 2.90440509504895 18.9618858069312
20.3017975333153 37.2078538508257 3.52880421527363 22.346648244014
19.6848708775018 38.2041409769198 3.02704236902930 24.3914670299869
16.9544413119678 37.5622766976348 3.25006632345079 22.8420631250497
18.8091163246085 35.6136508397931 1.34901698819643 25.7510190480962
21.3226868083824 34.2542001442226 1.02945543802343 27.6894168208416
23.2142932560509 38.6152246301236 2.19073215639219 28.0579062092181
21.205044841974 40.3276950419122 1.65269649960101 26.9544190873455
24.8303237617804 33.2449483080009 3.71745490734587 29.7723106822993
24.5688149180626 29.3398492294537 4.43660164786308 28.0243414735414
25.8603041457375 32.2844534367496 6.33923656748413 28.8729593529725
26.9041759763515 33.1124421388485 4.9886519997268 28.5548632842847
28.1543151708922 31.8911389627126 6.17446013888149 24.9352650623196
28.9436403941965 33.1152139899885 6.71079027884445 26.2112305107885
27.6055787485969 30.2890558352326 8.24091633780665 25.8154711508551
23.2309952947591 29.4338837818067 6.60247808414316 26.4487588172206
18.9613159896155 30.5999145864333 8.44445520824046 27.8582417182052
23.2417925429811 31.8164246820971 7.12170643311218 28.8579974602335
20.2176475917269 33.0073143130294 7.66878233638817 29.1704629705646
24.3654862233718 37.3423120102971 7.7122848601848 26.2926393439421
