19.7996185175729 38.5975366615062 4.96348057767398 23.0048490684692
19.3555329255768 38.4453321013033 4.71605256381311 20.9856698136989
20.3550931774088 33.9497206883869 6.20342653146811 19.8646188467953
19.8545916156159 34.2545389455675 4.91808033441328 21.2214987040456
20.2647078736932 33.8842572466801 5.23186168608364 22.9439525853051
20.8706090321080 33.9223037734645 5.39693938962292 22.5069975991384
19.3527210355983 35.1421129722166 4.74982987598624 22.2048364149988
19.2411947602044 39.8873768718931 2.01346688360796 23.1272531141177
20.7002413121621 41.5506041683274 2.27605776970164 21.2640919778990
21.5290774812560 40.5991638129948 1.22295874277013 20.7566608405234
22.5165058740226 42.3679435261896 0.255937421461567 22.377287901056
21.5960125394909 40.929930657558 2.44923142413609 24.3800690612318
21.0223409247396 41.5571102246438 3.63203650689684 23.9988403814407
19.210869739212 39.2427225497348 3.87982366778575 25.3720585079828
20.6942184003144 33.9382456777323 3.85709878462054 23.9602043377200
18.5666394960302 33.7819199966714 5.02597664165929 23.4257007686224
14.5079740677196 34.1151859154441 4.50452816212327 27.4205646531459
15.5218406934458 35.1663692476675 4.06298215902187 27.2212345554144
15.0736793819982 41.143831313289 0.949089179334792 26.7006701205421
18.1079519670624 39.7745019320893 2.02952040173113 21.6330561267707
17.0675647684999 39.4474173693481 3.17737171472982 20.9948629869643
18.9373804785006 38.8541034328744 4.48448812449351 20.6243603632349
19.9747872024469 37.7632805016144 2.20603214367293 20.2971959237505
16.7526909073509 39.1973445802248 3.73703427636065 20.6864366731837
15.8804004730351 38.1779517310091 3.40175456204452 22.7134600044459
13.8099321208589 37.7743791285563 5.01537014404312 24.0471943565875
