18.5850096860758 35.4295289294151 4.14004232261162 18.2303008634311
15.8427951581633 34.7114874665913 2.81700108891186 17.0687331575204
12.8712358292049 31.3595342050594 3.49631450387482 16.6558762126837
12.6025018332383 35.0599603928913 0.840958018088713 17.6295389082347
18.5771207251503 31.499123757827 2.20955679542385 20.0209801295836
16.8693324561148 30.8149069145669 5.21253052144311 19.4228685280011
18.3456752902284 36.7021096760587 5.41043046768755 20.4988778825552
18.1832777640238 34.8061864368797 6.66241775499657 20.8461839483524
21.3716779292017 34.18607741801 5.71374033764005 20.0605985085884
22.0472175425583 36.7553962522366 4.58095130953006 17.9878345725873
22.3522953905768 35.7866850176074 5.80052411695942 18.2297228358501
22.8543432974342 37.3417676763789 5.09492557193153 19.0642723485643
23.7892440228213 38.3711312731907 4.27402851521038 19.5194751031512
19.7667391618929 43.2042521696717 4.90483234656481 20.9429822245428
19.9721270261548 40.1661690205515 5.67293974334812 21.0837146060356
20.0860168665863 38.2710142342553 3.36850706694154 20.5300899369457
21.6336919117934 43.1318126164556 2.44624218946761 19.9958464808577
23.3949149573515 47.9389001417153 1.20161631773226 20.8730821961352
22.1684534862931 47.8465025101037 0.53572892351076 19.8380804460311
21.9328403404276 47.2800467222426 2.81796849402599 21.6212158359357
20.1572996989186 45.2100027146246 0.725524776382372 23.6370968525192
23.6814104156862 47.3222136421557 2.53932576184161 23.4177314811280
21.825378696091 49.1541154976561 0.934864240698516 24.3238049647665
19.2916042885105 50.5338124198966 2.18787933054153 27.0372760561189
23.5002431540112 49.3818368093186 2.82179103721865 26.2696851887634
23.6197629642035 49.0892692619078 3.58601636323147 22.4247536272636
