18.695810438638 41.910273353818 6.01873881334778 19.1526278226360
18.7991017482584 41.832398419664 5.99420789888642 19.7910705019227
18.6134801255279 39.6307314056202 5.96503523248178 19.5468418770043
17.6763691790142 40.4215379300758 5.91687913363023 18.2917680820685
17.5985366170966 42.2374275768406 7.04803868064812 20.1074377192419
18.6727363686373 42.6759706688344 7.3319424120353 19.2263149783250
17.3843629724163 38.811011772314 10.1950109291000 20.3702329114315
15.1800606798242 37.0962648699685 8.53717681529163 21.5093621310082
16.2100976852561 35.9704586236543 10.1415477652251 23.1163213864204
16.6328495720262 37.6844231014832 10.1611061644423 22.703045677976
17.6302997942116 43.0456389145686 6.6153424334395 22.5347338758506
16.6335809066235 48.0121948261732 5.4709475106708 26.3676881251953
14.3453562439913 48.6090963944718 6.06858668463856 28.9921097794644
15.4107532934904 50.3191070613376 4.44832765857309 30.1029992738835
15.3249567528873 50.9292596477009 5.54734767964167 30.7695920283071
16.1176469601377 44.6179261063277 6.17430783566145 29.7068528022714
18.0063393717318 47.8089335570163 5.55300670689961 32.5441681712202
20.2837393717488 41.3613021867401 5.07362228320038 32.5705686535022
16.828482102195 45.3593073618780 6.77120060324727 32.3531503020542
15.7703019050529 41.3819767479966 5.44550012658036 33.5954290148559
17.3465003292656 39.711394207465 4.29628570308594 34.8873660932051
15.0139181805423 38.47390265335 4.38154620241382 32.9650574504202
15.5988335494113 33.4085941458181 4.16190431389966 32.0329471863762
14.1254198268217 32.5268208245384 4.81088970514954 33.0136586558030
13.6058350210865 33.3487207815620 3.63494104642429 31.4989749711098
17.1594543686516 35.1358616760611 3.28839527905557 30.8103377133562
