21.2214527069781 34.2221586566409 7.6480086425992 20.7839474875968
22.7691383096580 37.8072046713894 7.48076879221223 23.5855701027926
17.6580418949206 34.1250999917655 6.00096902978596 23.567971890096
16.4122448668602 34.0594598356082 6.05447537053303 23.9465320591243
15.0173798606518 36.5711385802700 4.38025158780553 24.4072677377971
15.9329402300088 37.3182800313792 4.14907527502553 24.1979128696384
19.5270438150062 37.4113068266810 4.17219137455311 21.064019272498
21.5458614674484 35.8192729872632 2.66275109615151 22.8547711944423
20.4963431288016 34.0925647771857 3.93345287590262 22.8129896972544
18.4866294706699 36.2987399014584 4.22554279592794 21.3122169360734
18.8543105176178 36.7794636806413 5.87549314372237 23.4099202066876
19.0613688588601 34.1287313986981 5.98291740774731 23.3251730337955
18.0746895162848 37.1875732656769 8.0466646500529 22.4467340264685
18.5810244655695 39.6287348120674 6.72957606377464 20.5599237088464
18.1091364438845 41.2969737344412 8.0317664835268 17.8982666287921
18.0356546911423 38.5727285405612 8.3874760250523 21.3963809306152
19.4057711019192 37.0151569385073 7.23682465053946 18.3838630629898
20.9613590828155 37.1704975385823 6.41916740964018 20.1340685452887
19.5136732303664 38.0095915883452 4.4568781889867 18.9924643126869
18.9950133597526 35.8621630524889 4.28578780194595 21.0180497122984
20.9848351576547 36.1738220747233 4.86556441452205 21.2688322842588
19.6187255182484 35.6086040163085 5.54445752314143 20.9014972329607
18.4617312700764 35.4225990414178 5.7003055003255 21.3177151998972
16.7965861741225 34.4729502734761 4.30008476532692 25.5505874637193
17.7238531668513 34.854101035561 3.3516740615263 25.3199294052344
19.1623647601105 33.2947440400028 3.80846287922299 25.2250769676771
