21.5370658490308 41.334132333531 6.22443634797826 19.9045396550429
20.6962766261628 40.8622084057545 5.54829368893995 22.9694117392284
21.2377984342953 41.0156867175949 4.63008664828925 20.2091543974694
20.8342511848104 36.4399175413539 4.83055174887381 18.3708635412496
20.1601007970539 40.3004639095692 2.53927301313928 20.2210106619041
22.0318087906134 43.7446742270207 1.64265946950763 19.7881707343478
22.0119744711866 43.208621609543 1.57796017010696 19.8190290744392
20.7757496941214 41.1788599786505 2.58478165743873 20.0494746550529
21.5371493652391 39.7673907422921 1.28380989516154 19.8853072118079
19.4303695365715 39.0694676178362 1.54486563359387 21.4251970857447
19.9392873469668 41.1931780988205 2.68973068054765 21.3172373533314
17.5402260452437 37.5592399751425 3.09551417897455 24.9705682708016
18.0960186283964 35.2305803880752 2.06201745243743 27.4967311242660
20.7395247111025 37.1444513075711 2.25462593743578 25.860601333349
20.888167387387 36.7047142148143 0.396032514749095 25.5022250699107
20.8499852998115 36.4871864684937 0.063114059467237 24.3470639145363
23.0428172158982 36.5040398151079 0.491578539695399 21.4841417434056
23.2353109439338 36.9971545685887 0.679013177985325 20.0194285974268
22.1620250364269 36.4613036292664 3.39122044388205 21.5048891675089
21.2086746955574 36.5899636231421 2.81129919108935 21.0683895392705
21.2996773108171 35.7785182325962 1.94566112360917 24.5834923150379
22.2362512092369 38.7101435224387 2.26394577277824 21.6471726537112
22.8250272805774 35.1037512489400 4.672755842773 22.9747435411574
21.3341950495699 37.7223453349094 3.92715727582177 22.4557067386941
22.0007414110907 39.8990882031095 4.91858949952362 22.0684532903270
25.6460582791799 35.6123991013299 6.90532122922665 20.0577630408244
