22.2498618362862 39.8456941292869 4.26509848765904 24.5693186510887
23.5312957854605 41.8936497922304 4.58181574277807 25.6742822256472
22.1294286270759 40.3351140726233 2.73130036600162 25.2393828097600
21.2247962365992 40.1722596649616 4.23004368111668 26.5172395191956
16.7098171842418 43.4625172255165 3.80972275621002 26.1934255722780
16.1318834991073 42.1166043219692 4.07498272548931 24.4542494162643
18.1393161545386 44.0180391879926 4.04769521858656 22.0511035181308
17.5695509006148 42.2065528986218 3.87154004420266 19.6206156041199
18.1003365750978 40.4046015926274 4.72747703315803 18.8773055139655
19.7344261657951 45.6860811615560 6.85196748585553 20.4651594485813
15.9916132221503 44.2721898498211 7.89413784979955 19.6256488329819
15.1279744161583 43.8822135136660 7.19887463702002 20.3346521976492
13.5856724458910 44.266212838992 5.28295832569824 21.3105669517188
15.3039095497853 45.4332919892030 8.5012106637016 23.4859253002448
15.2988603686146 41.7136358826528 8.63402259772701 24.6957353569685
18.0123814831651 41.7760332718598 9.56817338270193 21.2162529874711
19.6437309899530 40.1896678607001 8.68410529479442 24.3997647447629
21.3565965754143 39.6276496077909 7.36635583475158 26.0148285377888
20.1964553998015 38.1974964702498 5.5486360804543 26.8572213316454
20.6024830963650 37.0888852730389 2.80489323310480 29.1637054031832
21.5797367308476 38.8473879808556 4.92187073662803 26.8429644985242
19.6900976410323 40.9852519228119 6.22467622462586 27.7697331693141
21.0684146022611 40.1983060903843 4.51893105799259 29.0367151569014
22.3802204997472 38.7625136340033 5.09999363912112 26.1814328258244
19.0531672573842 40.7292685776014 4.89603520506835 28.8949913953749
17.3136565712474 41.2001456252295 6.34306871072231 29.7502100293843
