20.1203208808690 42.0103184353541 5.47360732749112 19.5532287128868
20.0662997888718 40.3471788713393 4.12816719052389 18.7177821931096
19.2336964590791 39.5149073264629 4.8731964917278 21.0866730874854
16.9280166738760 41.0872511373901 4.34728188226473 19.4463609261888
17.6233424220212 40.2921444531551 4.87379740593497 21.2934137387651
19.0054210044421 44.5867286105146 2.85203242227908 21.9516276070954
18.2230664661132 41.1634354511713 3.57155865752612 21.3250719044464
19.2570081941761 42.0463297310722 1.57647895738956 19.8168919809269
20.1904805248581 42.2946518365731 2.06743647088297 18.0977226501437
15.3075883464865 45.7883856987404 4.17106951726601 17.3021104322853
16.9547531252705 42.1572216159487 2.67791841367874 18.8247142439814
18.7604992838554 43.1008492219473 0.576921998290345 19.1895695712527
16.9663856040664 38.0908918315756 2.91802685251908 22.2880281165352
14.8255293892520 40.5681678359608 3.44342639004329 26.0300181323772
18.6408008422526 46.8022216358434 2.79949418278860 26.2535544086358
14.0858139695423 50.9116235748145 0.585394026343539 27.1090692750181
15.4225667418735 47.1874195900957 3.10982774896547 24.7362653234045
11.1842194927680 47.0318858495669 6.47523383516818 24.8472976147200
11.1525828989046 48.7654099886939 7.65417530969717 25.3670005596246
14.7642897350537 48.946420846384 6.56883073132485 22.677189079393
14.5013693088489 43.7032650977162 6.90094577008858 20.0823309778239
14.6576949890526 40.2057931736351 6.07863132376224 20.7041237289147
13.6066114056679 41.1197387058662 6.9296160810627 22.7976847924353
11.6723956970321 43.7246066973918 7.23209684109315 23.6267178583946
14.6511744588437 40.5868152737991 7.09625574413647 23.1308834789377
11.0009719349267 40.6164467166552 6.06981059818488 26.6397275229972
