20.5828924710349 39.8805534479148 5.61320972302726 17.7657136693362
18.5479196124197 41.3032591955676 5.12137106805838 18.2499520666663
17.8983002194649 41.0471779407702 4.78065483537178 17.5125436513316
17.7884378825760 40.7608884999189 4.32781925494846 16.7631333899316
18.0217926629495 39.2597695032727 2.13886714656901 17.2187343113468
18.6071794016435 36.2301113798835 2.34591656259947 16.5101691217357
18.3178994128112 35.5477902090729 3.22297544672840 20.5756312732781
17.8898788507660 32.7300546767742 4.11788535875023 20.2158581841001
16.9220353144784 28.2035497979715 2.98546297405846 19.3358059148046
20.1354643743117 30.9632249389298 3.27565987145279 16.676317995854
20.3091679675136 30.5533413033455 4.10789074884623 20.4608388705852
20.3370412472277 33.4635129695281 4.22482700040083 17.4915705262425
22.2805273372494 31.1838990017691 4.02354621560763 18.1415217169302
22.8960073565753 33.4123059345761 4.41986884199533 22.5854428172785
23.8718586446294 32.2536150927075 3.5712296666995 22.1220230874347
25.6418833996678 30.1135960165575 7.6067898061544 23.0798802165988
26.4851782328073 28.6996419499859 6.62783757452581 26.6800826816617
24.0589817191098 30.2961228624538 6.76461270982128 23.1574184261991
24.7080227913432 27.8087774095677 7.2088211734224 21.1136924643798
26.1949667645715 31.2692684046544 7.73525706831402 22.3727520788817
28.0852546257995 36.6991911711723 10.2833017710507 23.5544803823141
24.4257568899483 37.9327379376248 10.5807117443908 25.8641823809564
21.5168279964417 36.3938183402263 11.9039511401579 23.6113628065183
19.2668336002097 35.7192830256738 10.6761372378469 24.9889387888804
16.1918644035176 33.3987660882615 12.1637067515678 23.5972843840688
16.3394844779685 31.530441334316 12.5845609894297 20.2608566796377
