17.4927331995218 41.141015271841 7.18333791107072 19.5502505691402
19.5423794131725 37.0563800225019 6.29935644664003 19.5157015069999
18.4578759929793 36.9332263484344 6.25138627195718 18.6453313320141
17.3089765849220 31.2615310271017 2.37621820057111 17.8464891281040
16.1605498212086 31.7072725063512 0.78765250579454 17.3488840520443
15.0636213942127 32.0610286279697 1.16437665070407 15.5858629883307
16.7526537728192 32.5655002605515 1.64879289013334 18.4197279342491
12.4353358930605 33.8090541598910 4.00453987740912 16.3829804646823
11.2363273241241 34.7909459456393 3.21496139885858 18.4158764935139
9.1422463325795 38.6891063282789 2.31480007153004 18.0673399028688
10.3586962079641 36.2426189407955 2.87835807236843 16.2233134211361
10.2342051597693 38.0548193864271 3.76077047386207 12.7708241521700
9.50123341981403 37.262133138243 2.36994021758437 15.8784979471325
9.85835170693777 33.7207680079042 0.360140113625675 16.6251096763968
9.6281727109485 33.9421882317288 2.73599918768741 15.2355417647719
10.4428769465917 37.0380069301351 2.17887076735497 16.9324222469091
9.82388388872228 34.1198420288041 3.33646334940568 18.0091034929588
9.7883333506205 34.2974664905371 2.90025831176899 19.1227678601950
8.37471855880254 35.487862920508 4.62459933757782 20.3797918391734
7.26480833237552 37.1126364214609 6.68023530975915 21.4698164073139
6.72605739609831 36.9913148954549 6.25318316563836 19.8968063780426
4.00533367117428 38.3215532119613 6.42728512817991 19.9046683341117
1.54232900496572 37.7495371325168 5.10631208438424 21.9378801977114
3.7932911105454 36.2077130017098 3.73333247837009 19.6187739699931
4.01842601745376 41.9883906970028 2.79675459213012 16.5106122858674
3.9120561337004 36.2550565920066 2.29800547819691 15.4161134068582
