21.1133263973473 43.1731768668839 7.6280043343961 18.5253449494855
19.448210867676 41.8859866125961 7.4158796642389 18.0268227497615
18.7712956402405 43.5676921023508 5.92295099781375 14.9235977290698
21.5798055535136 43.3722779848133 4.88442477942925 16.1414088977421
19.7153027213113 43.6873078260068 4.89404133674917 15.2147835266865
18.6303302391367 49.4366174640563 4.46224507496167 17.7117495999760
17.7493183079110 51.635712311895 6.08209260266681 18.3971737927845
19.0493913403364 50.4936617285138 6.0306577942561 17.7553546230397
19.2872952594074 43.7032698484262 7.07580994421815 17.1829068360007
18.8880218461739 44.5049596538892 9.01165736795602 16.0194402176044
21.9721233829587 42.4544755241958 9.80876102697303 19.3165411108262
20.6631124799559 42.6510420402636 11.2913382833167 17.8646928521249
19.2575385425597 39.9125350753818 8.98111748437347 19.2581153812263
20.7418564901121 38.8846142765176 7.69231484642202 19.5752771563275
17.8231870828561 42.9242650543381 8.03919074566053 20.2778512063814
17.4769695166863 38.7690143969883 9.98894690195267 22.4598475882230
17.7341919615718 41.1355118493998 10.0642114945205 21.8007472503377
17.3809884609508 39.0149942815918 9.30195157582606 24.0449170778883
18.1021989120413 38.6056889306879 11.1727572533182 22.3505155138118
17.8446216219024 37.784825475832 12.0659437391787 21.5027255763523
18.2759377312765 41.1068760617092 12.4010893484463 18.0493025130815
17.8482264903293 39.3240484967283 12.6533696847853 18.4097002659499
17.1295229474933 36.1157091422393 11.8351259237040 18.5497235676316
17.9478647782386 37.9298381800219 12.1449147610344 20.0955957120327
14.7423935326667 40.2603813600182 12.7041903728039 23.0329371366692
12.0784225430229 37.5888364756867 10.4232343796991 23.2417548952666
