21.8876724213706 41.5752792112603 6.4655000844182 27.6205533614213
21.6258588804276 39.6054952322579 6.31692582365624 25.4036175573076
18.8627266519116 38.7298821296497 5.13259724547654 21.8318437699568
20.0728027902888 38.1730930896876 4.55690138550974 23.6602327244696
20.8288376245505 36.2054066190896 5.27217220395371 23.3282660793853
19.2836537685103 40.1381138147255 4.81050973504586 25.526848834787
18.2534898498884 35.6562153267143 1.74549844793780 25.0149559592542
18.5829864659200 40.2586652185723 4.49359972759111 25.9906399966862
19.4487565459977 37.9368927419141 3.74900404767094 25.4144391968675
21.2749147221739 40.1463183081664 3.66374457960909 26.4401317683674
21.8651990948538 36.739328534431 6.16300872511191 25.0709213323586
23.3027236966709 38.1806495167270 5.67441181659659 22.9453236719288
21.0251605429048 38.1561727864623 4.06695664984135 23.0825514223121
20.6686795845135 40.5005339669019 6.49139491080267 24.0881022454865
20.4553287324935 46.6373931202993 6.38313768811485 22.1979555314734
20.1367577470347 47.1138832159249 9.58083783772735 23.0038457858305
23.0195465923726 42.6735756029283 9.23927922018764 19.4693622163647
20.8537694776256 44.8894550530148 10.0359576505884 22.5399825287202
20.8692595639022 44.5319902353500 10.5261816096329 25.4367608682403
20.7245974258315 38.8879977577878 13.3484571201563 26.3959554315369
17.8541183822584 40.0092283796099 14.7340458337311 27.5616914315905
16.0635532398504 37.9827832841826 12.8480862829928 26.5954847794782
18.1545410210431 34.5458973740739 13.9544873982663 24.5320319396268
18.2668594073669 36.0563011110341 13.0139874446796 24.3428979853924
21.4814741917119 28.5820888198493 10.5017233407423 23.5147687301796
20.1108513035045 34.9837194287682 9.19101899725573 28.0206331296648
