23.1905616042756 42.116966097418 7.99408201880557 19.2854022909915
23.1648279247426 39.0527066320999 7.65666500824716 17.6683596861577
21.2789532344999 37.7208433858143 6.05571911992718 17.2380977929598
20.2121421205967 37.7749786140052 5.4952436708494 17.6246306368323
20.2978866573458 35.554292542319 7.92400773458612 16.6115848949093
21.5383537861370 33.9856473746888 7.47720716680565 19.7362674973819
18.6123838933439 38.2710497015335 6.46146409340134 20.5153808141642
19.1661663629369 37.2352982431043 5.69098142637563 20.6942208963030
19.5110122398902 38.2593623128357 4.52339070137282 22.9343008748651
18.8130159271378 36.3060484712189 4.9286539755824 24.6490666299199
18.3679079093730 37.0493155398583 2.69791775090312 22.3522347985839
20.2315656313775 39.2165281170842 2.65448062760447 22.6402380483831
19.1615107901497 37.3750308285330 2.49709692304646 23.6970016275207
16.1605129087447 38.6038109770839 3.38781044432585 24.1814021671797
17.3359799337055 39.2686386788964 1.18428104091436 23.5200477054949
16.998747433164 39.1731236763999 4.02434525010176 21.6664924788920
17.9268310271211 37.4563972585177 3.42036177660339 24.1563132065060
22.1648073225501 35.2078437585654 4.17017625854351 24.1998618174988
21.7322456269053 36.4194148609898 4.01390354095855 22.2112538912046
21.6084074173582 38.5424022957135 5.55357748659225 19.6631814962896
20.8906957818375 37.9347353679125 4.83207847823286 18.1801751323383
18.7078541604982 40.1000994034685 6.41341091290013 20.1139072098176
18.491249127704 38.2631483683936 7.08555339409358 17.3250246087428
14.7273181280301 42.2090550778075 5.96692331011727 19.1170969654213
16.8503628976781 39.9173817165473 7.15307765749603 19.2855950072392
15.9596373200828 39.5875422806756 8.7437569500631 18.9744329154476
