21.4253326141028 38.8387713915189 6.70562998720106 21.0566154246328
20.2311972229494 37.1272343186182 6.70229857447902 21.1377720268720
19.3935791605888 36.1114636313565 4.17083539823415 21.0558879577938
19.4549476725898 39.2862389843807 3.23026637269364 21.1124126303393
15.7806325782553 41.1073484073231 2.38072915906286 21.2733247475081
15.2809383407698 42.247535891363 4.13585807541584 22.4639883949088
13.3738197772295 41.3521010219381 3.26229289006641 22.369624589334
12.6714138662905 42.2191755983454 1.67413435027100 25.1308187765505
14.199117628345 42.329725711117 2.51772473019644 24.1232395917082
14.3919915933625 47.4202008577757 0.391385022905686 23.1872763112092
15.341128294775 40.1723218736932 3.07428110553883 23.726194787761
17.8715503483084 39.5307184146846 3.60629004053771 23.4673600115204
14.6858074196619 43.7390843430663 2.93083711573854 22.2289518352920
16.6207768506529 43.3398687126426 4.35234818443446 20.9722781372815
13.3254304368668 40.1040790156451 4.52653657107161 24.0228168233857
13.9754022921812 36.4141998676248 6.0662849361311 24.6149419700354
17.1514160830729 35.8103863499609 6.53143018825996 22.3703315803409
17.8463981041754 36.5205005683128 5.53663586654785 23.1468493561819
18.8886874459753 35.6377603310283 3.39196259269 24.5455591134354
19.7378593890066 33.8389541722025 3.41271569942626 26.2917961581257
17.2714812636445 33.7688675881340 4.02729575280395 25.8506052373555
18.9108088530670 37.1843835977488 6.47289437139701 28.9200104838815
17.3601975023816 35.7158843952624 6.57997614007825 28.1925663212893
15.6691141679953 36.7106318059714 7.02963386198888 30.0004518721831
18.5465347061003 30.7375388522969 5.66233702471862 29.2568674838193
16.6965087784524 34.4743612683714 2.73400644448036 27.340379190261
