19.1700108734006 37.5838344273911 4.61440314708533 18.0655210841289
17.5994429218630 36.6477331826285 4.61474068151642 17.6722290783870
15.7631351140375 36.3181880775675 5.10888530394483 17.4673076083633
14.2416817251762 34.4342103878779 4.82806638122361 18.7227365400391
16.4672359287908 35.0817247139714 3.59099154736717 17.5866489752876
19.2892351508310 40.2225249930709 4.12337574017105 16.6057911839111
19.5948887082234 41.7583439570291 2.25671497805846 21.5614091584233
19.0686951183200 42.7905791547521 0.966238471948179 20.6802386984003
18.6004796667442 44.8546417133322 3.04708958510309 22.1967219354359
19.8322949907852 43.8144521605253 4.99841149966232 19.9856905087603
19.6624574414564 39.4897706195671 6.07987589717675 21.5690006257741
16.7280522291658 37.652143403881 5.66644519128243 22.2748704783393
16.5933145457056 38.6040761227768 4.79521679741668 22.6038762794582
18.0434899297652 38.9194030431354 6.18461176593194 23.2312102641685
15.9055984768757 40.4568144427867 7.10757174974645 22.6914354150889
13.5982475787141 42.4517835341891 8.76231178458186 23.7765892676784
11.5668644042426 42.1615005605246 5.91756628037768 23.7077254492564
11.5078117487692 40.2850310662153 5.99283694644269 24.0059703912360
13.4886543660179 37.0050812796081 8.99786708718907 24.2304221194012
14.8170789422706 35.7488328911687 6.84717322309312 24.3879208320526
13.3262750989065 37.7495710863123 5.30335034156029 25.3950730094461
11.4993312126612 44.870878275423 5.01579257176068 25.4364991213901
10.0407232968723 43.435971365715 7.99201577581276 21.1872901076225
10.4945127709548 41.8426546843247 9.17586916722573 25.5202895773349
10.4338481795753 37.7789140844397 8.58478840920358 28.2754753490684
12.1375753522630 37.6807295938633 6.13985827393114 28.1538426283273
