19.5708411829063 39.1849428414605 4.13233451994082 18.4738274709034
19.6240923403741 38.9609341299812 4.16173547862044 20.1943802450496
19.4536992815491 38.0986152503737 3.0921329714937 19.3604726445573
19.0220799456519 38.6717857356519 3.71517257333005 19.2220705671879
19.1683359882345 37.3766190445794 3.96862448278772 19.8518855771685
18.5302373570095 38.5151452107548 4.98308475856353 18.5269569509599
19.6598523038144 37.2498931314058 5.43907607910838 18.1495607064041
19.1221442076082 35.6007606002695 5.8370257353548 19.8379570382583
18.2369393933564 38.086965383182 5.21535169717523 20.4197538436326
17.1076622646302 37.0179221585046 5.8574491566017 20.6362025092292
16.0871687860845 37.5660898449105 5.87599100020524 21.5677706177282
13.4913609406545 38.3605008122984 6.87391358615267 21.5732259728882
14.0096210852830 37.6104854189333 7.57330072326999 21.7173957509807
15.1935864050506 38.1803099720934 6.37088091851483 22.9959175495317
14.5833708519681 37.6093035246756 6.51881340369084 22.6998743174484
14.3294408678019 37.4206596811815 5.52911868260905 22.8597402747414
14.3460582304992 36.7446750017012 4.79463953792781 24.2772275039620
16.8056224906913 35.6627903864728 5.89135904174803 22.3478560305998
15.0997099025271 32.6485206740917 9.6601347968219 24.9353163082019
16.6537324133934 32.4481703430863 8.48875981108876 25.9261576481477
17.5898172797701 31.2075981266314 7.40582755003715 25.8750820964888
17.1849051636371 30.7997343089337 6.89264876242883 27.9137082783818
15.344454661561 34.9059468339973 6.5421074110599 30.1929810261605
14.7529100865031 30.4246395258078 7.5741438319491 28.5412368718786
16.1132446477095 30.5717172124268 8.36519477200264 27.0974793937309
13.0809889757911 32.2919645174251 8.11667638677673 29.111153939764
