20.6131157215795 37.1474853152349 3.49424544127417 20.6652472177
21.0346802969920 37.4100319877348 4.28535216228297 22.5183330873567
20.6883919655476 38.4111071782268 5.17991426862968 18.2553530620951
19.919837992372 42.8851206690640 5.71810866043211 16.9091684222172
17.5242447142620 39.1146239514099 5.42417806469144 19.2538399333085
17.7906575693879 42.6933393871048 4.77259675192886 21.992691224436
20.8899009672124 41.199882253223 4.81330262230017 21.3241236554410
18.2187601547995 42.6860861784415 4.16949093493873 20.7751034116323
14.8953734129974 43.5053363336818 5.79636872318478 22.0175155047278
15.9885726902940 42.7603308450357 7.95807921972925 20.6162491533856
14.1040806608581 40.8172177718727 8.94410356384324 21.4061822872560
11.9274842903324 42.1227652220761 7.12326321921121 21.6580837620373
14.0466149455243 38.7683987421689 9.82436519123424 19.7136081382583
16.3501506900721 38.6207219735201 8.5465825019199 22.0374560188453
14.5100793192469 38.301682962146 8.38021157114842 26.3762090746264
15.4876823310115 35.4319317988533 8.47652350529812 25.5106785651247
20.1492664978214 34.7234010161314 8.60744529357895 26.1570761110584
18.7632698161834 28.6497402908693 8.28232691647269 26.3118206886525
19.4658496758267 31.6418436230573 7.59413275356188 25.6845195125739
20.1149319071620 31.9428752386424 7.74310162384778 26.8488955758463
21.8248736258894 33.9230517871160 4.60779249110043 27.0711221881162
21.6513952153101 32.8460707366879 5.24707561219826 26.5918505778487
19.8635980250612 34.5113094621751 7.21726697125256 24.9245098130728
17.4581332186574 32.3046105276275 8.14824226180099 25.4942499529521
17.3976108252849 32.1887819283124 8.63657779393725 25.1909210691179
19.7560657399963 31.8441455136466 6.57029908739969 23.1818699716476
