20.7962117607341 41.0202168459058 3.85491479214775 22.3604273310053
22.4653550961157 42.4376969864298 3.19177331478944 20.5658869871991
18.85072472601 41.3165335413706 2.80505726446321 22.0208206007379
18.3457344548670 40.6365198622929 3.91641073820123 22.6298991756636
18.5331572863377 40.4812857764313 4.36518190308847 25.168578906742
15.6912830389208 36.4276906968565 5.15654595123045 24.4315208101767
19.5702903355575 38.4722302522981 5.12368309121951 25.2794594502198
20.8403656213648 39.7956066252203 7.50062508481927 25.2332560371729
19.5051422231934 40.6535738285441 5.88019741625898 25.5183693038421
20.387173801764 35.7126042677831 5.00897487924807 24.622778170568
15.4776398076845 36.3349370404888 4.49909667271562 25.0867294297244
16.761718082538 37.2015381657778 5.93287112653628 25.3919975709843
14.0698698380200 42.4272245389669 7.25800509863906 21.9339685169015
15.4283102848746 41.089741164565 6.56410849160887 23.8361223944846
12.8195996913306 40.3562578401956 5.74988153759763 23.484481751864
10.2153746880669 42.085189053695 3.65274548053102 24.2594773061025
9.84546855130084 39.2881737997749 4.49299410082305 28.4265542970422
12.7779411091819 45.6727572194294 5.57061493920411 28.8628613650251
14.5779148168280 42.5722347031341 5.26472126308146 26.5620618852868
14.1336754062563 44.0371190411032 5.50210666742842 26.3416795413091
13.4916998870089 43.0832089217373 6.7050384165972 26.5652012128700
15.2750595468446 36.1363558805564 4.59744297426860 29.6698014449646
16.4864798416733 39.2785429990866 3.69814614665430 27.5707376016454
17.1972606447875 35.7989795337447 4.35969225223917 27.4551989970878
16.7216498428374 38.1258082101050 7.16457568178694 31.4572772750781
15.2481665364816 39.0878939833421 6.81463252845961 33.0236484635771
