18.7592666455518 39.1494645568878 2.14001310522278 24.0496840908363
16.3854958237122 39.0875443985382 1.92262502441822 23.056165931464
16.5901050069789 39.6173716051162 2.57342391461134 22.9401701927031
14.9615022991432 36.6537949846507 5.826753227273 23.5523168141206
17.8035498349575 36.0287891587623 7.52362676976543 20.5428861877134
14.3563461876122 39.3532882547418 6.44302602759826 21.1275327924607
18.8226771209968 38.4528019148207 5.00169926178905 20.3446098607859
19.140290441422 38.5241088182346 4.34657755466441 21.0302539187897
16.6810890701247 38.7026494578585 6.35410912167544 20.6828627325077
16.5965271875842 38.4898333288855 5.92255374156202 19.1902240076516
18.0568765517904 38.1677656744502 6.47177396617162 19.4743918133382
13.9823078880666 40.5331696005951 5.96103055838471 22.7445280970488
15.8920485287459 38.2880166704138 4.45609274360327 21.5437189125869
17.0742985092996 41.2744779955672 2.21237600611498 23.5146520016197
18.2427324973326 43.736744235426 2.44693368829762 20.5167569517828
19.0646881679352 45.048909923915 2.54857334744161 17.3729870849959
20.9893219645733 46.5327310486847 3.82174703355854 21.2271934570483
21.9119724317198 44.0909696744692 3.61341039690165 20.4196466319001
19.7953201432457 42.1246386819456 5.67181723278923 19.4288146588690
16.1395112902602 41.9805687029783 7.01606754343865 18.935643525768
18.0144228947094 37.8228763553251 8.41901532658917 17.7012954150112
21.261373374796 37.1792740489061 7.50853591627051 19.3622257222746
20.0808563504354 42.0920521610121 6.10693776705843 22.6272693096984
20.3483887443532 44.4112505454274 7.76339155044947 20.6191322037343
21.9830178626095 41.2347155942024 7.61300234362093 20.6107089077876
21.4978900941302 40.5437496312867 6.93859858995194 19.7714509133753
