18.3590632317640 38.7615139035377 1.26042241959477 18.9651590328128
17.8008806169085 38.7635695546022 2.48021110519767 16.9017098996252
16.2507839021879 41.0170523722744 3.00260467850603 21.4161708516464
15.1677140812995 44.7038065277128 0.0703147903550416 24.5008291055844
15.4305476151081 44.9037270553498 1.84075676626526 23.6223300251574
15.3322632867517 41.8869321800856 2.36094977357425 24.0850405870808
17.071832794291 45.1730141376707 1.50731445662677 24.3947468514585
17.5085159154283 40.8303131682429 3.27278141397983 25.176731278471
16.9032456749724 41.0361641144942 4.32975572092435 26.4977350824543
15.5737862573611 37.2984602183665 1.34745194274908 27.1439484658682
16.0009621675732 38.7004720110077 2.88055872148834 27.4962378324981
16.4752103272500 37.4856547454934 2.94749253778718 27.2576258735772
16.2044630856859 39.7640924544635 3.26484655961394 30.2891425606801
15.8715067064064 42.9246961271952 4.75153771534767 29.9327107523458
17.6610354013415 40.3710541932762 3.98358706923407 29.4238127893659
16.0512448293762 35.8268753441900 2.69202310688068 28.6053106503951
19.7849576441245 34.2208454784292 2.2884522457907 26.3761347993056
18.4107771199577 33.6427347271989 1.18302089581266 26.8649845155666
18.1757894559212 31.9646316117893 2.72435261565261 28.2000538431818
16.8998517049857 34.8826213766175 2.56811211048625 30.0560038016423
16.4652703768023 33.5729060949112 2.05293512530625 32.3488862869575
18.6825642334678 33.9537150801767 1.21536938077770 31.6950165977723
18.1017304798968 33.920130473343 4.76622214587405 34.9810736769832
15.0129382238172 31.7533194136483 5.65906655509025 34.8039294289203
15.5420539426066 35.8631583096136 4.90120435575955 32.3302399845572
12.6153359627731 36.0138770565709 3.83115352434106 32.1737275779025
