21.5642726014621 37.5373531568839 3.94060898173299 20.6953072976439
21.2549081643053 37.2529096173673 4.2832323761813 19.3597609540566
20.9544507455145 35.3141131473728 3.51863158248942 20.3606776036440
21.3771052969684 34.1364795577735 4.92614454391058 21.1133745085007
20.9182817679826 34.7637524290605 5.11763015493278 20.5181404070678
21.1912347414831 35.5213911018767 4.60100621507962 19.1018319911978
18.5873371308038 38.6310360149913 4.61087842273053 18.5124058713859
17.6633632960916 39.9466880687945 5.17349769581568 19.9247434343865
15.4135030075430 43.5456108327456 6.862602573228 20.2154777599221
14.6699565346806 45.3266411654152 4.9680673988675 21.8109929319194
17.0600464013858 44.5101339907818 4.74291200550732 19.9856820003784
17.0954070729657 41.7979454382516 5.44111320037853 22.1462536323538
16.4716454089571 37.9591774976075 5.80378240788072 23.8280030470064
15.3632419926066 35.8043670112461 7.38515412847863 24.4940251843825
16.3032832185748 34.7862779091774 7.4939327746748 23.4150402674741
14.2944041728144 36.1744095579452 8.63183265233898 25.7651341891206
13.5763963167657 34.9573830504633 7.45549972456434 27.259109294816
14.1502406512471 38.8955715078591 7.26930381179342 29.0950305143661
15.6516843688758 35.7971567985333 5.53902344702504 27.7654671972497
13.6471407151864 35.5373073829069 5.42313937138527 25.4679031843199
15.2932954830201 38.201616641014 5.86798257211916 27.3261106802030
13.4612090634655 37.227969066502 4.70642991870403 25.9617572673025
13.6475503024694 37.1493308781984 4.07008290354855 26.1779405581194
13.6765503165361 37.7051324868854 4.95667643220802 24.3215690417576
9.81305830078687 39.0726761871219 6.27281406921973 25.0661866585358
10.1362890264999 38.7017791224331 4.72555069233929 27.530279474762
