20.3672866484442 40.8502007547449 5.98862567202971 22.3879105225181
18.7565440012433 41.5180263725724 6.16166510239658 20.2515946449688
19.0294312469117 41.217061869472 3.55607150342999 23.4424268696433
19.8226634373344 43.1478486432322 3.40787759457467 20.1652543116337
16.9695104749329 44.738982764408 2.6875447464337 19.2652290620643
16.5077870942108 44.8754417322204 4.25786868633455 19.4902151533204
13.5913298351146 46.0295598491654 4.12769229930578 21.9465550928178
18.1738078787378 43.9335196217150 5.03058846212676 19.7371027608204
17.5062444915450 45.008705236353 3.87070255993618 21.0583767051610
16.7753766903109 41.2528805358894 2.22072912903255 20.8357890824589
14.0847898672722 46.4052563867159 2.04652750554111 21.3928333827096
15.3189276454426 47.079908688888 0.337745059747249 23.6898997250410
13.3291484217546 44.8385118156299 1.82537123397924 26.5872988366919
15.0532756764419 47.4621178702079 1.57508800690994 25.0152743450763
14.4813397806115 46.5630729355477 2.46522194953396 22.9127842878388
13.2578958058707 43.9911728406218 4.03310506665839 21.1510299892561
14.9972021179251 42.2700738839698 1.85185681507683 22.5616859264137
16.0878071922380 41.7842396765841 2.17063673344201 26.2399144481333
16.940469406316 41.9986393733775 1.94244513535632 28.2000860358985
18.7270475949663 41.6695157240969 3.74614245188423 30.5603801246198
20.294987015197 42.3964752594834 6.119401083095 30.4712192063616
17.0784051136616 40.7079975621668 5.6094399356612 28.6171098203795
17.8811317661348 41.3481537297261 4.55987285229871 26.3612582547688
19.1573167077768 42.3221863692520 5.1869809370351 24.128584865863
22.2631150602865 43.0065120886453 6.96479664708981 25.969254500615
23.8167289400044 43.7759446970111 7.75966602390194 27.7468882076540
