19.5852385127961 45.2983337621898 1.93640372006851 19.7303174711850
18.4776033444374 44.8703858456336 2.24275938434224 17.0378604527649
16.3885469612572 44.9416090058856 1.78302558350946 19.9575123298999
20.4916385392565 47.9512334247803 2.74781062616967 22.5044256771069
19.0616205380205 46.7739273093149 3.22733031213284 20.4298499285966
22.5841703898180 48.2851567721537 3.73017785855551 22.1835336452218
22.8867520511988 49.7459955482355 2.82847508386691 18.0773184215518
21.5941459637973 46.0982263466886 3.93550669673269 16.3669748613479
21.6530193983484 47.9738863391413 5.44266733076794 21.998623347828
24.2690853805666 48.4334677203138 5.5394050824986 23.2139483736696
20.1792565866758 45.1444865922954 4.16261161878418 18.7469340450930
20.0603821448435 42.0788287195888 6.79797061733614 23.1961884265634
19.1789584114478 43.4700230062437 4.93949554083582 21.0604551791197
19.0379033853562 43.354868798094 4.00356811788577 20.1850911967535
18.8003175706864 47.7939675422815 3.87605250865123 25.2567556083281
18.9550677874387 49.9087956059222 4.33271516795172 25.3679603200485
21.7371038118327 48.6173256928025 7.32016305561079 27.0410705806766
20.3807687576809 47.0287358270882 5.95112147262139 22.6804345093747
19.456567877252 42.6952782086881 4.03888350711954 22.6325792718758
19.4636028482584 46.2346124095396 3.30927160997694 23.5942650942211
18.4724245824856 49.2616830800949 4.54114991917541 20.1438134640534
19.6784998969180 49.4149908868134 6.06001659903942 20.0667858433057
18.8221906897617 46.1504635511382 5.78112969512436 23.2222577202008
18.6690234876243 44.5628392750813 6.42195843372083 25.1454691857905
18.6822537958431 45.0321695877006 5.39171396594084 24.9006511623845
14.2305082736346 44.5258489650381 3.34932281312122 25.0217127230824
