19.0729391970552 43.9426747724483 9.33073700363453 19.4889792429473
17.9309506085582 43.883615335084 7.80137744666713 18.2839927479815
14.2993987844686 43.6533924276213 7.32347036369728 17.4048603739857
13.3880736643340 42.631038503939 7.08862254464378 17.4165694679422
13.2807298077586 36.7507551359431 4.49808618179763 16.1506759796951
12.4710272642168 33.532306213438 3.59414902990925 17.9200142163921
15.8530927140581 32.7335884167073 5.26551334592755 17.0800445646185
17.4358239014017 34.1617050458449 3.00289718047957 18.7835845070097
16.3163146322275 38.1645886193732 4.6366543354025 20.9542946183782
17.138924485227 38.9340231990128 3.94270824050894 20.5073143133622
16.0539389228431 37.8640732894995 5.2886163412262 20.9941276634168
14.9619360066933 37.9996994579554 5.21427604897361 22.5778983539026
14.0654652778690 39.4592856340454 7.29681294729415 22.8895192524474
11.4604778595899 40.511642499749 6.62194280597582 22.6486707644883
8.79238641808527 40.7306883434191 5.37046312253191 25.6195990050557
11.127738015603 40.5341390102528 4.83483705614894 26.3168715255681
12.080542095057 36.0280970899746 5.93607608732968 25.9743518624853
10.3415948860862 35.2473416158926 7.360821335029 27.1363577041967
11.0478585130119 37.2233940975737 8.18189743967927 26.6229969104944
12.0452154870374 33.0455531187352 9.31767186478459 28.0429042894586
9.45798542213122 33.1710026690733 9.93107846102424 28.5548400893936
8.10706167251299 37.5250883487050 7.19024413477376 27.6020848840637
7.65551787587783 38.4693668287244 5.32695727448657 30.7789793020276
7.47610239005616 40.1577317176673 4.17236670179039 30.2223576639010
9.16419179989925 36.7087918196853 4.81628414502114 31.1891696276302
10.2225854151972 38.8643458180273 4.83540787890429 30.8558383379254
