20.9883766625357 41.4820023143909 6.78401678494705 21.5365564364088
20.8158645820153 41.4337131376593 6.90023472181627 21.6021115313206
21.9215682622725 35.9019419690809 5.96535946240754 25.5073276943449
20.0830853868956 40.6904304311826 8.47344579848567 22.1062961284925
20.0430613605985 39.0687436638615 7.01557226472727 22.2666045538072
21.9036692016507 39.7252209014474 8.2802309642663 23.8672088914473
18.6871028038422 38.9948838467179 7.36412603055366 23.0281616968291
17.9943496807227 36.3833087524656 7.40161434527812 23.4879307334499
16.2777457161555 39.9873319128785 5.80278527841662 21.7713458945231
18.0176642107526 39.2832074714718 8.01940578834713 20.1556732515428
15.7636978364298 34.6861600181913 9.42593098676029 21.3890822241638
15.1019558970565 38.7083396568842 8.6873379726286 23.7089749225557
17.5942382485354 33.8681603513605 8.9061744348486 20.4388548047423
14.5769286284903 39.5448524115554 8.77088251258438 22.475900621431
15.7992898997599 35.2551988490805 8.74638048224343 21.264789724894
16.2088928819007 37.3576364160463 9.25423473269715 19.7148722281532
14.7968592794166 39.2077121705026 9.03785652457281 19.6978182255814
13.2014744674341 39.5994240312141 10.7731850094644 19.7192341604793
11.8373913309847 37.9090806400964 10.6894984021813 20.0163935677672
12.5483431472753 37.1075641421561 10.8087434851266 20.3968776515170
14.4943285362174 38.8971284606454 9.72310363745128 20.7315925307988
12.7267763001223 42.488398709051 9.47351518687743 18.6201138106263
13.2033317861945 37.5818021289964 10.0646736061836 20.5266895190815
13.0875880680845 40.0249522081159 12.0438645266632 23.2466861753727
16.0848016487301 36.8869281089256 7.45723399298098 21.5846151531676
17.4874682520069 34.3545475298862 7.79799895814452 21.1417815507017
