19.887742520942 41.0420454852963 4.42100126687138 17.6335155191347
21.1455130248131 40.0289120798093 5.25818011878027 16.9388713939562
20.5143433034127 37.6578643239707 4.89609286009165 17.4451548194204
20.4619473618177 36.1378794769609 3.81610792835074 19.7632540870091
20.8825656878853 34.5991119666744 5.75306007365527 19.1659240143997
21.0020379801006 35.5674034231505 5.64656573219752 19.3053714997893
20.0965291629270 40.6438952841812 3.64635302055292 17.9954802712252
19.5256790290312 40.8635837355645 3.81612262920142 18.4378413382744
20.3340006223605 38.5264726471172 4.90052584625784 18.8468746537501
18.4786848579258 41.1856009777405 3.85062895456333 17.6733109501912
16.5441659482250 40.5789996215588 3.29519797439691 20.3990697785397
17.6243497695009 39.6775693821581 4.53953747215685 20.4881004453162
14.9079025416031 41.6307637666954 7.20475036787804 19.2477905418746
15.0385449631609 37.9880159764186 6.97960642908703 22.3256085090362
15.4134450592570 35.9545871603763 6.5890656367131 23.1015420233853
17.2007721961014 34.9130618310285 7.38507868020799 22.3803690618878
13.6097571989991 38.5350867104639 7.20006868240427 25.7502222134284
11.9442362672200 37.3825994412046 6.286510920357 24.9731794817857
11.7537345810344 40.6363351769819 6.81272818378176 25.5436543979235
10.0754608156641 37.5611643498837 8.43053615292558 24.8583068389930
7.834788407061 40.0768700461908 10.3099983702015 23.3829899019114
12.1613114827798 38.7279336839797 9.89287987254293 21.2488487808518
13.9408452166528 38.0946042886261 8.65931893438765 19.9121213781516
13.6136823427216 39.0372921370304 7.23814587788807 20.2219937912057
13.0365126645476 39.7067480233479 7.75893822689692 20.3650949842165
11.1733347308174 38.7760190168393 9.12156341649171 22.5502873794472
