21.8379547432164 42.4158167967734 4.2953553889003 17.7862110555497
21.1088158873941 42.2799775195290 3.85136387314946 17.3664620658979
21.4509911871407 38.6684706481156 2.52868381426037 17.7364735268652
20.7876638910153 40.8197612990129 5.37776362844299 18.8736244379291
19.8417497285720 36.9736846484095 5.74515737461206 19.8939335397193
20.3540420110892 38.1307766296752 4.17098904618342 24.2313763848255
19.4749348390130 35.4170833941401 4.71261530633364 23.3299764976585
22.5570205210922 33.3395365623062 3.14522836295236 25.2320846172593
22.960171989466 32.3061088488674 3.8158133003404 24.6544804016672
22.7740406413094 30.5352570523744 4.76142179421239 22.7089733856342
26.0134291574821 31.3710573438791 3.76524978610131 23.2148143167220
26.2350689866991 32.2843156296226 5.53521031177978 23.6692454938389
28.0454988686530 31.5723272783148 5.17925548975975 23.2733297278815
28.5303407909511 31.993409776717 4.65633244699487 22.7352444552874
25.9963163241907 33.3284222687545 4.20897882016064 24.9904781165590
26.9962203537424 34.0106269800055 4.94057091817879 21.6989478194212
28.1338915971418 28.9569094808723 2.92694941758486 23.0739146950712
27.0595411870008 27.7523017542868 3.75987603962515 26.2447496576443
26.6649888304183 29.7699193581494 5.52652698061522 23.8642801967930
26.8643958793141 29.2298774104121 3.9068124841908 25.1482984515129
26.9550524673904 31.2376753570999 3.38028376600798 27.012654854752
24.477252176542 30.7557282694777 3.74155915974503 27.3362980213239
20.6496819989273 34.1152159556528 2.05119815577353 28.7130954552664
20.5896950089821 35.6863943984513 3.90998174987333 26.9382651908474
17.4315036364085 33.8215306088110 4.27155706687229 26.3339051412569
19.5350380148125 33.0061166844112 4.4337724014634 24.9447648501174
