18.6224886109010 39.3381843986345 3.72891399793573 20.5813332908785
17.1621094909385 44.5080972095375 4.21842035342254 20.6467250642365
11.5651561044976 43.5751500947491 3.07908362213768 19.4529829431839
11.5290567097143 41.3328318857022 4.12690798307419 18.4522836937482
10.5136779580145 42.2376357647956 3.96497741046031 19.2662554338626
9.52551609790866 41.0589145567624 2.67780653417711 19.7188583301243
9.7551537403903 42.1549106488361 3.35078566458677 18.1511479655241
8.64755678885347 41.2011860799351 5.99353776855995 16.0264852412006
8.8426613468743 42.4460294767590 5.03062269680802 16.2716611532511
9.28966940623438 39.2624324624733 3.60098025442701 18.3012990281239
8.53744337578035 40.4833205392891 4.45546207476275 19.4991157967851
8.55658146932803 35.5657417088647 3.65520167087073 19.8415201569281
8.79189494353932 33.1803871168655 3.43848744772243 21.0492575524679
8.92766984985813 34.4044881687256 5.24037004059826 22.0218552384561
11.669917581283 32.6633373393165 4.52899875351393 19.7767768489233
13.0364702825029 30.0989365089591 3.98788156476037 22.882969762761
10.6627109792609 26.8390886621456 3.60275695168834 23.468238012135
9.28678515624944 27.7105611600820 0.299068966414779 25.0949470561146
8.38662089167636 31.8028773005027 2.07002999936230 23.3733570000305
3.91999494918718 34.9111123603185 3.17369578359649 22.6225378273204
3.23775259553760 38.6322601131511 2.93994785402901 22.5197165116816
6.17175436913341 38.371172526882 3.39681778568529 21.9207639090865
10.0604134123710 35.0356522229141 2.54565870234211 21.5133822313181
11.7683658651945 30.3894022843643 4.62726306625148 21.0965045145384
10.0706472597954 32.6849979842052 5.42869889306342 21.583589503043
12.1294333241817 28.1519303424255 4.74174095679512 21.5079448609284
