18.9149599380167 42.0409278175682 7.88364082039974 19.6801965733535
15.7146578112103 41.9465338394429 7.4521174961765 19.3986014985298
14.9879407144569 42.1416938745417 8.29384917363955 19.0291636251663
12.6924143840976 45.515919966437 9.47814423258847 18.8348717699577
13.6261125269763 44.3611357554746 7.811534484089 14.5626236769189
14.1923073708994 44.5301550531712 9.96524834247081 16.6672946150233
15.4752126578525 38.4415364598808 10.8499322858094 17.5403155309695
18.1682601636559 39.5823760272887 9.72283565380232 22.1100102725985
15.2757004434526 37.326337183169 10.7548323371126 23.4968153143335
14.7765318006560 42.0658582442393 10.5376680508211 17.3436111321706
19.0929607553691 40.3595890019041 8.88721921024392 20.1416107311878
16.8762537846625 39.5165816091885 8.17600412666445 18.3632190048728
15.8308430325056 42.6177667149295 3.88152565504071 19.1953812206331
14.1309783711846 45.6616909315762 3.95231069530939 21.0972023794595
14.3697405235658 42.1031808054958 6.46302968364433 22.6149135094303
14.6464168300669 40.7774194290814 7.84945389403254 20.2837307185102
15.3122636752020 41.5851011635124 8.84033926939789 21.0469306523148
16.4624298949315 40.2831026324328 8.64643587256048 21.5684648158196
18.5676452525481 43.0472938183257 5.98383071124751 22.5628090726379
18.3003143303617 36.4810285472804 4.00025158701803 24.1169486066494
20.6678344280048 36.8291984677808 2.75965059898201 25.6067783089522
19.6143876399616 33.3503758481266 3.2911563848611 29.2632953936402
21.9559698292756 36.1390161488698 3.74290879512952 29.6035049149934
21.0058030850956 38.3171068977127 4.47233958588728 30.3245198644865
24.6311201405246 38.6941449163849 6.42986541078241 31.3627998495642
20.1456417449284 42.5041735392431 8.349316944832 30.9442541275341
