19.6709528074928 39.2378478977822 1.16218035946032 20.7482367893906
20.9596168681376 40.0351572669687 1.72491313889623 20.9750151960404
22.2183439560819 43.0926512274536 1.23908091592602 18.9946387978496
21.1864906415928 42.6915102085928 1.59535024431534 22.2041634563582
21.3002647065211 43.216177708531 0.202422177884728 20.3386713382959
17.6784780078221 42.551229718203 2.14650700986385 23.9658891256138
13.6574853022236 43.5867896606832 2.01288883457892 23.3659882197154
15.2153711464841 41.4833160893025 5.6942883215379 21.1655233871189
17.5479837094087 41.2405589793774 4.36916706617922 25.7703246228395
20.1705141874615 45.1858100814710 7.42824069899507 23.6609942601991
19.6097362205971 46.8192393111961 9.63775142258964 25.8534543808547
20.8351731492791 42.8193974730524 8.80844337539747 22.7901537926865
19.4249589626331 37.0816318362916 9.48709118342958 21.9987169649450
17.2946207762349 39.0236894868279 6.40430073766038 22.9446515632791
17.5033252934529 38.4649468181823 4.57408693106845 23.420430088043
17.5507490911125 46.5463303868827 6.8986762097974 24.8176533622665
16.8987008173967 44.1701274328901 7.97300473083115 21.4647002896292
20.6733661050925 45.7695278610139 5.96759519627622 18.966806274466
21.4993930318409 43.7298578141293 4.65494122979536 20.2268705112857
18.3804526430571 43.5167158708012 2.60481200245514 20.0064938785319
20.4077852060104 42.0472101551517 1.39292528917386 18.4775242441351
16.6408969889412 47.002229567850 3.23459056662297 20.0154266719724
17.0821245181391 46.475091211531 0.70257266331464 21.5939963300730
16.2662823730165 48.5659401463677 0.643470243550837 23.9067450546677
14.9243181961605 46.9934035921802 2.57686383510008 26.1885632638837
13.8374755168714 48.6674357024354 3.15337790783206 26.6541392614896
