23.1736669090817 39.5046713167613 7.24954489307026 21.6985007717607
22.498275287194 38.7236122614581 6.25276662866133 23.5761739180756
22.0340142393998 42.4047291906279 3.91266797567265 22.2773501349015
23.055029267769 42.0337749858115 6.16615199614795 21.2723066932387
23.2417765755637 42.4410823233154 3.94689116618144 21.4368918142147
18.640326785711 45.3195436851781 3.55861537595935 20.5311767407558
20.0028177423825 42.2902914556055 4.51348730614133 20.6751484644116
22.1517048942348 41.2984911608822 3.54332004831258 22.1086580051558
19.9577133067375 43.9901164113856 4.23302483866669 23.966100376703
22.2717339879324 46.7189141090731 6.099736827479 21.5644631131069
20.1235486744803 49.3387833966645 3.8914920248159 21.0745394114853
19.8222290390071 56.2669432785134 5.53897778869583 20.6319386342957
18.0607820228574 58.8991797896452 3.00700045107386 24.2278854184269
16.3227288789016 55.4159030909068 1.21498646620183 23.6062325572194
15.5530326935363 53.2532252189087 0.095644240998185 22.1787879129471
16.1010322709287 52.4178841596024 1.33441061619669 22.9359327915655
16.3390477254298 50.2258704542104 3.40826968825422 17.5374524833234
15.2162855151471 43.5661612288016 5.19266924704425 16.8258091013478
15.3662622585810 45.7905991004057 5.07686508318753 16.8144740343669
15.0736608886290 42.6320184813199 5.85417437285529 19.866677976201
15.7032503929306 41.8441609003899 4.01538930332632 20.9584834463771
15.9788877271433 40.5101199233291 4.34796625410551 21.5309379120924
16.1958328789417 39.9293268535489 1.98759221320385 22.5734174942233
17.6538972590436 38.7970539306493 4.4747110508603 24.9446699052685
14.7571778722424 36.554099090697 6.49915044491255 25.8002443955365
13.3526153225769 35.7337268590675 6.47001174969675 27.3427301597867
