20.7291639242737 44.9953231796683 4.66136333539607 20.4160129577417
21.6125793974947 46.2078674870249 3.83936061833511 21.2353313800474
21.9776730273020 48.0930441875648 2.89160173219346 22.6578906590645
20.9385680468854 46.9753123405913 1.72212323216438 20.2454058455829
23.6941696466979 45.918232987509 3.90677111665718 21.1966803141464
20.4584928654235 43.8180524081654 4.02344440847018 22.1638489582171
19.7575320020419 41.3118609361082 2.79377066172973 22.4514200894688
16.5450049001824 38.1119847906484 5.65034827418939 21.9599140996640
17.4956638474118 37.5035649546153 5.96488847016671 22.7652433656682
14.5905933948911 37.9272167021963 7.81897931817302 22.8690123430048
17.3921162179417 38.5138129359666 6.86494134143307 25.3638260096838
17.9499043995252 41.9621769209016 10.8484592408439 24.7192153467392
19.8816397959103 38.7945079953033 10.7556924345934 25.8362325513380
21.007814476799 42.7718171012211 9.78755990454931 26.9070529583486
16.0029682485124 38.6196661945987 7.86389219776731 26.0585861838998
15.8113157652056 34.0104980427395 7.20791657447819 23.4492985065671
16.0413746459577 35.1655823262963 4.8490593961161 24.6227387077750
13.3396990483794 37.1813510326292 5.06393180710268 27.5166905186714
12.3776000661943 35.1435139878276 5.1129763097689 30.5440554283203
14.2708770835939 33.9267745158259 6.41101602091283 29.7421813368278
13.1913500892165 41.9667852130342 5.11583435022101 27.5774345719787
14.1939324371684 40.6891460051384 5.39543640379623 24.9800304794284
13.4479533953759 38.8407502621967 7.56982894659803 24.2981798234927
12.6394710455257 37.141846061274 7.09737075267499 26.3789191437486
15.3478114631194 40.8844223744791 7.07086344965005 23.6748619643572
15.3438794859131 42.3098582208809 5.30306283285113 21.3918015878248
