19.3514594555074 40.8674042990903 4.15179547971038 17.0067456912884
19.9278585322374 42.6884850400972 2.83934219834318 17.5113012388983
19.1697154601974 41.5481648383373 1.64101856667548 17.9358566215897
18.1125831693377 38.0440112505959 3.06692008130829 16.7326702718814
18.2308074220605 38.1999766722683 1.46847270002233 22.5811452326556
17.3186542682554 37.877696913375 1.75044088088907 23.7963329005246
18.3491006958924 37.2412961665946 0.210418346570805 25.134769612981
20.4421910792284 34.9359790285369 0.561742377234623 25.9465505226004
22.0315347872369 35.0424234026157 0.798700769199058 26.4688833046912
24.0297944447897 34.0889557681531 0.592653443047694 26.0578389629469
20.9061964810654 31.3862364715394 2.38976151729003 26.7992997528733
18.9417557311073 32.0169362808556 3.96109256552268 25.8768102332245
19.9061988997101 33.8040904446240 3.08950286390152 26.0974230920796
18.1634177188217 35.8269655114707 1.23753725303229 27.4171393966202
18.1844800072550 36.1605917923892 4.20365094020963 26.4124535793338
13.7606955268249 38.1992881499039 4.63976776041090 28.8730360200528
11.3050272497177 40.8969293831366 5.82264868193306 26.4647186366741
13.3727462781730 38.9664645844320 5.53536612843163 25.3950730781902
12.6474193358931 41.4494383383724 4.78048974451961 26.7540050452475
9.70069084001214 38.7150225264201 8.4787607655337 25.0135111294897
10.1504708087209 41.3644540237444 10.1028700196681 26.1582942205620
11.8613541457939 43.0998635098519 11.6645611043119 24.4922311027673
14.2502781288835 44.1846381598552 11.6013252942854 23.3847659836662
12.4162208946559 41.5284627508772 9.99805308627276 23.2750557857704
10.0087338691607 40.228304868604 9.78368168858954 25.2367094029811
14.0801266903087 39.7836050005098 9.16117820355069 25.4788198416260
