24.3452233407243 40.3943868774790 5.68969152419891 18.5994078433646
23.6451986714915 35.9383412857409 5.07280746852062 18.3548297525705
23.2177172226712 40.1257485474329 4.6573597684504 22.2611909878762
24.0836373505627 42.6678388614076 2.54082080121166 18.8388204285646
22.5328004734969 41.0224963391069 2.0381848706211 18.8067678222204
22.7427268645173 45.713114810815 1.84086655371814 20.765617793403
21.9241409993178 42.3881205013494 2.15854747276748 19.6874096039454
21.3946536352586 42.3570542680572 1.59458124451339 15.9074784731263
22.6939249892205 42.0012842678353 0.217638780595735 15.2666794005552
22.5910858601749 42.9706652486585 0.0870182323269546 14.9122992280021
22.0547218729131 42.6340485663042 1.46629896922968 16.7981910892844
20.9816582995 44.082519851688 0.856759691577646 14.6963635572314
21.4278814611887 42.5969929510847 1.42104210473850 15.2505109519988
19.6482206577376 43.0923496251564 0.911748049146261 17.1974695380443
20.0546733598023 42.3483968552278 0.998936903865896 16.8921845081577
19.6315560972517 41.137464933225 1.05919867102057 17.4097488502222
19.4040669951423 39.8637896823597 0.101944530485129 17.1614571940586
18.8277622688397 39.8836055449303 0.275776394832172 17.4749440431830
18.0375869000508 37.4838302475493 2.19259971845895 16.0587792184439
16.3479991710457 40.8728678280178 1.81655376730487 15.0299974816827
15.7231781759012 40.2783187453325 2.12261241744272 14.8905168936563
17.2633620301444 39.8500151358383 1.39306217897683 13.3474089537723
15.0808456222306 39.3285417145888 4.21611153124832 12.9115315402834
14.1694225865098 38.3776168854746 6.84066342841834 12.4543554621724
13.3025526023152 34.6808968269935 7.00335313547707 15.0359977508871
15.8228211952986 38.5631348819959 5.81093432088126 14.6848076662956
