18.94344019111 41.5311979983157 5.11266367210882 25.3514815917036
17.3702053871354 40.1084973440661 6.18969948989215 24.0516398357025
17.2191458360009 37.1809394272200 5.88305039303598 23.271161688844
15.8860274514218 36.0734250217245 4.97944161953345 23.5661460374311
16.0333591595214 34.8565520385781 5.53203024813846 24.712897647062
16.6196487432268 32.4501991698087 4.92276824103282 26.1173793905513
18.5797254663233 33.5547000116238 4.78302847827398 25.4598829044989
18.2886801308701 33.0059814753511 4.67047940459077 24.7469837539187
17.8005825411811 35.7073454579839 1.83249533021797 25.8162291968177
17.9011991303929 37.7555952125729 1.64754534233361 23.6806741781468
18.6919622393839 38.4369965826662 0.744059393294606 22.2456870944027
16.6350978203632 37.3753645125714 2.89834012242079 24.4725321194876
17.4378239689909 40.5106300258947 0.768461419362127 22.7001793911828
17.6343015447266 43.387853894749 1.45869410410523 19.7520199377237
17.349805201032 42.2919103786196 1.29942442802712 20.512645034693
15.7692784979947 44.1386700508963 0.233912640251219 22.3857546035348
17.6215006288557 45.5303134558569 0.635398208163679 22.4416955407856
18.3500259749182 43.5021566221337 2.46100557292812 18.0603042153092
21.0146437722780 42.2757914872471 3.26818288606592 18.6788630579980
19.0166958582982 42.2235147654507 1.55434612836689 20.5261206510429
15.7487270481348 40.451746881209 5.46273724478669 23.4796770722558
16.5922847582141 40.7285565665509 4.1182281577494 21.2300993348424
18.9071537419456 39.4769021260138 5.99313703668304 20.9475189228494
18.447796351817 39.6640508055273 3.2414735367056 20.8334068334614
17.8300486100656 41.4883002818158 4.44795244862325 24.4121891311322
19.2104845129337 39.8335442307509 4.13138562720269 25.1463297833641
