19.3916321527314 38.9104185199965 4.24868515435922 18.7865441171624
19.0708206016671 38.5217256826687 3.84589961403365 18.8087911041871
18.9404204008903 39.0395460198492 4.33615306278242 19.7293347636655
15.6668934500319 40.0848888643708 6.3946830001653 18.9368603037269
17.0213921135789 41.4593521800406 5.72896790294841 18.1922099165217
17.2684213368568 39.6332762871252 5.35447241415433 19.4185421479465
18.1493669202026 40.5132337580072 6.10043811555834 21.1191583577142
16.0649258730407 40.2315404022049 5.01539510688627 20.1325797060103
16.9199410246544 41.9942447233882 3.46896447655069 18.4985709035368
15.2512606808775 42.486066864963 4.07427695667627 23.3188461161749
15.6127595256873 41.3035424641998 3.73845973605546 22.8401775847719
15.4281407955893 43.2170946892879 2.20436037908564 20.9687345385150
14.8027061277860 45.3369747017483 1.85795578756370 20.1307936500357
15.4494427244969 44.6148498914178 2.41555927382722 20.217260782008
14.4274494803364 43.5925961364034 2.06006384657250 20.6236608152808
13.2138837498389 43.5813793883632 1.57891108025797 22.2190484566213
14.8601600761504 42.168613356908 2.16444721241932 24.1763016604217
15.8882594694873 38.0576109563905 2.31150629384603 27.5317284804168
13.9582493966981 36.5923106594916 2.80283746997986 29.3354356106701
13.0082782517637 37.0990523833900 3.34001121985886 26.7924509182903
13.7221570666153 36.9539942241392 1.90336861986827 27.9321435356344
13.6910710585508 38.9112401612221 2.98785095465530 29.3681012419112
13.8739365478251 39.7749362573788 3.18256931424726 27.9092139141815
13.1335546217189 39.0501465257086 0.393947388731203 28.5957202774363
12.5922405992900 37.8345211836404 2.87835181248374 28.4283170336801
11.0608556357478 37.8482692399988 4.06026104371995 27.4697579382862
