19.8923899188342 38.5365036537608 6.354536984626 14.9429986222992
21.1783144792246 40.4873518923035 6.26576251238378 16.0700548987249
21.7482439297347 43.8934953536575 6.54214664995463 16.6802124481062
22.5354699567472 44.3699777864588 9.15692597166428 17.4623804417128
21.5554679707204 44.0245231822371 7.72626846963333 16.1730790574724
21.4385763944953 45.4057328555971 7.96993535917495 20.8472636210421
21.9151825546445 42.6308245779253 6.7477577398276 23.5943181448305
20.3871186436312 44.1376343825138 7.93229446661372 25.8759192301581
20.2167296170784 48.0679658715851 7.9620917803486 26.1337172089765
22.2105003291337 44.5863069056908 11.0432713221171 23.5854891136909
17.6576081964714 45.2988744948678 9.86003936560634 22.7409488047947
19.9241912070257 43.6331802311040 13.1721790809072 24.6713996037384
21.2373679553686 43.0157424744837 11.3882709433212 20.0406861371835
19.4381960317088 41.7471691820813 10.8205509273223 17.3733268549209
16.1978873632444 38.7017176862849 10.0223309200273 21.3997796747376
18.8942907567663 39.8109518754339 9.88878252408628 23.8853362250616
22.0753209780497 41.6813634581906 7.4503611566515 22.7731488711675
21.1331373158438 38.629096064162 5.7840563406676 20.0688427324881
16.5759240634335 37.5620822684864 5.39280938831828 23.1179663046737
16.6138765414772 39.4665659691232 5.36495536211397 26.2514246088927
16.7897926746496 40.4554011240135 6.77590087772797 26.2139244593223
17.193560866695 38.4688760752761 7.71928343008723 27.4658526332592
16.9535583024086 43.8515942122758 6.827870886023 28.7145196806182
15.0249290279285 42.9728838571318 7.14742518312428 26.2110209835014
17.9337799054743 40.6916350450338 6.44406118852217 25.3085487004824
21.3788347830237 42.4540411087656 7.03654793257024 25.826784688466
