20.0842317462885 41.9020256151536 8.41824206420176 16.0752936175499
19.0203106162389 41.2494643580260 8.42874724640991 15.6591402894344
18.418193255941 39.0689508310935 7.43582605374526 16.2102945248123
19.8083909502426 40.0529236548041 6.91948424875285 18.9330837155219
17.6400768124390 40.6643394514057 6.46972924647401 20.4663429489817
16.9520527590890 38.5604305344137 5.20582863104084 19.9503571941623
19.6165623358343 35.4487993693649 4.60226898085567 22.6034337329784
20.1935874820579 35.1568612432387 6.46199436699281 22.6158697689989
21.1796817910750 32.9164503103383 7.08154949363562 23.6927600802028
19.7089826875258 31.0159783184789 8.6907905170625 24.3623646144861
17.5195575292114 32.9279351888745 10.1807876495110 22.8068227266067
17.9360764688704 31.9044189774052 12.1079502376193 24.6519676284493
18.0800386267606 29.1117472308898 11.0081047889426 22.9301956561954
17.8403929342408 32.2572332476755 11.7764728862479 21.3002560994452
19.0658246041117 33.4585031546211 9.15777255703353 20.1399887901595
20.8656226699082 38.3348295768281 8.99183254647087 22.9625675481609
18.4859378947718 35.3533314858443 6.06451900261472 20.5667072133026
15.9412415173995 38.8961375826849 5.26296515790764 21.9088466483033
15.9545758196312 39.8040304319387 5.75316387466173 22.9921478199637
15.7114667560035 38.5232592898756 6.23868828381787 23.1452667451328
14.8838132706532 35.5612935711033 6.89422033647704 23.5951071650586
14.8673564710716 35.377202253636 6.47433639471116 24.300744285634
15.1766798657426 35.6825737028006 3.25374582074279 26.8778418645395
14.8692119729766 35.7155506036576 4.7557415728427 24.8088131396232
14.9852952503660 35.7403823911604 4.5338982836313 24.9124891162769
14.3498699062565 36.0781504801866 5.69566559968213 24.9758232167272
