16.1712811486400 39.3883691604661 2.99127604110133 16.4153165462941
16.0838774926565 33.9861432502458 2.46785918990167 15.2203956713716
14.3203962519369 31.6385042245565 3.5596292654317 16.5169315852041
12.4594726083653 32.5739373105457 5.8063214297671 15.6970887869830
13.8440219634997 33.0442667069724 6.89039881036469 15.6778359789878
14.7819085269862 30.6152376846290 7.74797251609006 17.1631380137533
15.9429403403469 28.7516287496388 7.26755733692871 14.7296066223190
16.1677327500352 29.985671899382 4.72044746582808 12.6207597847590
17.3780646901273 33.5462897416279 6.08451333523775 13.7214209703290
15.9172672163391 32.6256690422148 7.91650329046017 14.5517464983770
16.7284660087594 31.2846999695599 5.8803885765846 11.8041317000674
18.4888875763559 32.477331214685 4.98472204832426 11.9117462630031
18.8316013337740 34.7991897855338 3.84955502888254 8.94868818806682
19.3051330670827 33.3696571072186 3.60716048027455 11.0890960194749
18.0262646991872 32.4261352643913 4.23476740350081 11.8515291665328
17.1352352593207 32.1651302543110 5.12308327090061 14.6775637965253
16.9477581316718 32.8796643557934 2.6279135968222 14.6761253604269
17.5421100929492 33.111825849409 4.31889736234794 13.1780151564231
15.3665907167233 37.8894522291296 2.40098950454618 12.5356304633456
15.4229842204922 35.0069418646083 0.656373828649521 14.4231179074409
12.6569669613936 37.4189783412651 1.61392276897095 13.9492038184316
17.6133691365221 37.1960744233809 1.78867150330916 16.7821766867773
16.7140300316515 34.9238524851396 2.05615655751899 13.4110422017532
15.1401952221768 34.2359406812135 2.91695444814436 13.4734357653595
17.4615050941484 34.6881732574764 1.33910558768548 14.0345674122161
16.7045078785868 34.821578015745 2.71204456826672 16.5368368870056
