21.1169728511306 41.3911016132393 3.45577839395214 21.6114045779529
20.0422899932894 43.0896058590793 4.11789371591244 21.7519255427020
17.0901170834725 42.3946930467886 3.33267295557395 19.13565003102
16.2000284684658 41.5565072879397 2.91667624555583 19.8570347807678
16.7876304436147 41.6205096574450 2.64633030459484 20.0666110112328
17.2351144046980 39.6085701158147 2.53007962784429 21.8403736173898
15.1874525945159 36.3826334976468 5.1287800048334 24.0122106697201
15.2349950491908 36.1465753542136 5.30645456278665 23.9947034667976
17.6678887845474 35.8459802654624 6.382094611821 22.9959000495993
17.5407235144138 38.2662458409718 6.87136831990187 22.4135422216166
16.9569161056041 36.9910731282247 5.92520263746621 23.7915571113320
15.1929110750988 38.5727458325377 3.94090591678678 22.4378877673130
12.6928458368838 41.2522191321536 2.94814019375763 25.6186124666651
10.7152362686082 41.9736140030495 2.87197947576924 24.8284193680679
10.9982734848841 43.7651436580156 1.63645278225004 25.1402619539817
15.3671291521846 40.7988217416283 3.49037112378333 22.2357245742400
17.3487429269685 38.9013889943313 1.99956494589258 23.6699556590115
18.0222711214786 40.7549857929913 1.96423369366676 22.8864637364125
17.0571179097508 42.8858726317722 3.01595601299778 18.9471273476200
16.0120725815853 40.7132539693898 1.90063419245423 21.5600946096645
17.8075773871671 38.789065435592 1.78598133520386 21.9269576145278
21.4215123017485 38.7438750472552 0.442850319436798 23.4091341260762
21.0164490143935 39.3117416846694 0.760111736599356 25.9831200779738
20.6297938948079 37.2015444924472 0.040538779925555 27.6527047116578
18.5126328043221 33.2910134440046 2.95958909508772 27.5151941009134
16.1985087332829 32.3732828609566 3.61164978775196 28.8631115123898
