18.6908307121624 41.7148195561596 4.86986485268883 20.3353598689395
18.4897777409781 41.8472178620861 6.13239132921174 23.0217047169539
16.8204124436530 38.3728791061928 6.17852551884077 20.5078061328268
19.2781684283915 38.0503821236531 7.1240786160162 20.9109958422368
21.7693750669065 42.1415974363612 7.94784582497611 22.7547024658879
22.5611306986229 42.0247800461494 8.62689521348163 22.7714655336922
21.8275898467649 37.3713227796523 9.07576917989078 22.1623860376885
18.6091642599452 43.9615926029522 8.67522212948549 25.0081875602649
21.9601311642576 43.9086250168633 6.85695583302746 26.0121389747531
24.090409746011 41.5316763212334 6.98234405437702 24.2886103344084
24.9686353620916 43.4005012907449 5.95392274413476 24.1640467894198
23.9775372042835 45.02103575998 5.65936170789411 25.1201339155475
22.5922447636307 41.1927521175613 6.63085431015117 22.1338483901734
18.8024939138025 39.314953124931 5.05532032871617 21.6780935158992
17.2563787184239 43.9939181856019 3.88230020428074 21.7733084127244
18.9468212628320 46.1656015532552 3.94185909920945 20.8800728898256
18.8889768507279 43.5910768921948 1.61251475488408 17.7818896369769
19.1366709109343 43.4942454444527 2.73863296229096 18.6634906963233
23.8392466159485 43.1845708699249 2.05381514078987 18.8171143349979
23.2518649615295 41.1900997483454 3.73831257526763 17.8990318444345
22.3157641963981 42.8458572421506 7.50234092376195 19.1059749326456
22.9315352376498 42.1272810865477 9.0217335477937 18.3786328988869
23.6146760584734 42.4482374233477 9.1077819422353 16.3441951707724
23.5403365168668 46.2595971284793 9.47545203633205 14.9132307921324
23.2959828574158 48.3280322057249 6.90019396083959 15.4384648383674
17.9649426575697 42.1472744577618 8.17861199003242 14.0546076741610
