10.7683707156527 9.15563198042472 6.1394459436382 13.1692581583194
7.75990020924537 9.96525988824104 4.90507148659926 15.9084713939957
9.59378479504393 3.98566203986664 6.35130018286545 13.6774122883814
9.4390397963751 8.36466669015025 5.4704810617226 14.7302246746856
4.63450241160429 13.9163392489161 4.76203819678303 13.2495204369786
4.85072803289479 17.9409983670655 3.7675739823575 13.4686832857567
4.0971571968574 17.4515657010805 6.14108904741843 10.8082211782473
6.5721089288298 22.1611708054075 6.85005743743059 14.9746767795893
4.97091927681305 20.4311837625324 6.74133290687714 11.4860546515572
7.67122787818499 21.2188828598342 9.5853948130938 11.0252432470459
7.13515902612545 19.255892097634 8.24880402728198 12.8905936471435
9.75398244824447 18.4345117808885 9.9937001562885 15.5029701833862
9.17397124435939 14.8910406512774 9.32225627833855 17.6927667590980
6.46641092211195 18.4449557426020 10.0738271322089 16.3577058144507
7.6053461565096 19.2873135126761 9.28215262972404 13.1626822554169
9.14514335733094 17.0258261884197 9.04282693754536 12.6096955972386
9.38307842914202 13.0879933853564 8.74856719005508 10.6909322837961
8.24085584275097 17.4769946272415 9.01880222655487 12.0354338983667
10.7556030032379 19.1721825968404 6.99751755179492 13.6308253227395
12.2656136796963 20.7407853157189 4.88983515909528 11.9901777108672
12.9655202337694 21.7442972162668 4.47371196284545 14.2337334522518
12.3670854930919 18.0645206627366 5.11038302634322 13.6091582797009
12.1534410155532 20.4510356663656 6.52271057554655 15.2949424575555
10.2155425119367 18.1359466189449 9.63704177510127 15.3997798341799
12.9512406521630 24.707517176487 8.02266190043785 15.9731313514995
15.6754236527872 21.1532442421582 8.23763218004083 17.9351110056661
