10 30 0.1 10
17.3497362549393 40.2595479769583 1.36985607847714 21.4883923184213
19.4076382749569 39.5955368550206 4.65253047723398 20.0189442796269
19.1273597012047 38.9369161307577 4.68787823495415 20.3043879383463
18.8249209606855 39.9418053419886 4.59279093368715 20.3265904485546
18.6092961907030 39.5418786433036 3.95238103701708 20.7548056087242
18.9687470841879 39.7801460051816 4.82667803917919 21.5137468824508
18.2115093860549 39.4457237086232 4.51809904794721 21.1338892935534
17.7595852120141 39.3117507625880 4.91031842605982 21.2015523185127
18.0847084162775 39.597513353864 5.21731451648821 21.5411421347105
18.5071466998937 39.1666930984805 4.78689641833166 22.4639115626750
17.9915265402780 38.3783660560591 4.61324865534022 22.2761638123943
17.3295002726098 39.5247340848849 5.11731874533691 21.8788381310256
18.0952502274131 40.7024103920645 4.57765266033121 23.0767967850081
17.4772509362649 40.0865777709750 4.73865525177833 22.878598328295
17.4469674505843 39.900114839111 4.41855653922345 22.9634401168328
18.1332172024408 39.7007345755091 5.06059522651986 23.2665119126567
16.9690188522206 38.7432242079554 5.05805050222715 22.7628198970820
16.7013335970566 39.5563789281845 4.81350955361714 23.9509531620865
16.8409196223528 39.6348855219849 5.61562849065816 23.9355049486975
16.3496273982242 39.0985713787719 5.33996718513524 23.9681315859120
16.4674760238503 39.854183761376 5.49911213360564 24.2920494097257
16.4555784075114 40.0812317865371 5.51865650838078 24.2556464055082
16.2010855823462 39.9262467629243 5.15462415258004 24.8892682909528
16.1679833499401 39.8825642051283 5.34616501459602 24.6710740820789
15.6321171653727 39.2655944537373 5.3970878882228 24.6169179285436
