20.3065066764238 36.7889731754938 0.741278703530697 19.8683360003237
20.0678184765087 36.0146177551167 2.37146064522676 21.6160000821878
18.5664199205743 34.1340001757395 3.12975127535721 24.6229422745487
19.1217459679277 37.4613335040763 3.8426036891233 26.8684833479306
17.0752727023022 36.1996921292872 2.56677675526589 26.9846836461127
16.9850568102887 37.5201753513941 3.27151381247677 24.6001330430061
16.5619055041198 38.0228690571205 4.18641323992051 28.5559667848879
16.1724691837180 42.4749305297612 5.42507885968084 26.8255162273431
15.4583259825862 45.7025848876676 5.96861427220288 26.2243854015594
16.0020712721429 45.8436340245409 5.82145629752116 25.4025200198864
15.7006510929472 44.3957508016525 4.9759459630462 24.8929892944728
13.0407795724726 43.3445297202648 4.39334409799116 26.6114250680988
14.5531411362148 43.3826509274164 4.92416493523555 27.5871393297126
17.5006547249189 42.4458850787574 2.21952139259005 29.8911026081329
17.9523131163127 39.8549539123283 1.02340171286344 28.9725009283682
15.6286678511402 40.5496219827415 0.915856254519895 27.9003761966412
17.9150335240862 40.0998011895077 1.69362573930994 26.8426177163308
17.3331246824688 37.4733180648269 0.169429638655856 28.0264591537342
15.2785900702453 39.3798413185956 2.70077040279284 24.6741432743073
13.7403027677661 37.8387520222546 3.02071923064068 28.7140039075092
13.7288865182331 44.2116942538501 3.80116766388528 29.1528972636602
14.8882452022066 39.5642485262448 2.06376436678693 25.0533340189300
15.4641990629738 38.6464083562223 2.21787337283604 26.7700467517293
17.21643160151 31.7205358538395 4.10735740279779 27.6625006885893
16.9580529300278 32.5065207612388 4.11162693472695 27.8138648539475
16.8474781974932 38.7493999214530 1.92153356247697 30.3778974523342
