18.6366790424887 41.8903699067462 2.26777613734203 17.7265322933945
18.0414363312892 41.4848544142477 3.60885482834106 17.4190912041145
16.2042500195987 41.3409103665122 3.72093525150245 19.4498777742761
18.6276390262086 39.0901710142003 5.01416188527769 19.1297878642545
16.5959726836781 39.4166739762382 4.99108636125861 21.8004499052554
16.9479810224210 37.897484413849 4.81958488168134 23.5021442848160
18.4384943564717 37.1713146227764 6.0522537660127 24.3272459388613
20.1360520125662 35.9983661021458 4.8152425263816 24.6477877791019
18.5077556784354 34.9061101884933 5.5861278374487 23.4341458575011
14.3660307520158 37.1017276393922 6.68892055286965 23.8795785353662
11.2636071753777 39.7342073785724 6.24222267235568 24.0028969145343
14.0089192337535 39.9394186005965 4.48610204836330 23.7379542163537
12.2227149534218 39.7455957035572 3.74441856989614 27.3882289811997
15.3710111298777 40.917086541377 0.330251491917064 27.7979689594015
11.1118601731203 42.9905077890321 3.15483793230139 25.5006613684475
12.8076921378441 38.4458567148628 2.37220241911596 28.0184392304747
11.7582771489895 37.7544757419514 4.30435962546504 26.8108237896723
14.5117434729389 36.5298003348291 5.10583415935357 29.4669899873352
10.7996022152282 36.1947904982373 5.11362023636905 30.4724673030815
8.48092992236237 35.2234524589733 7.12304128552062 32.3435402892447
9.35029464210586 40.0500882071212 7.73446501024558 32.0891303234197
9.37044783518104 38.1087395664287 5.59003158678686 31.5525580897809
8.62345639825253 39.6909951655951 6.35612311854613 31.9474645827143
6.59805273181301 40.0476653248958 6.64727400332047 32.4835510702981
5.11437428473038 39.6405705385726 5.94441927862013 34.1462250938422
7.0033903664735 33.7960221907008 5.52918891624969 34.3990678435527
