20.3160575448081 39.4313386764009 3.57925770830024 17.2469615725383
20.0491175046795 39.5385470848815 3.53427074735513 18.0401899405934
17.4557716306903 39.0159105821985 4.08809844616329 20.5974389259882
17.8556992579856 37.4473967869308 3.99362962410364 21.2499276934215
17.6352089948740 38.4026141823820 2.01840881022203 22.8245891405425
13.4633152203422 38.3280025707177 3.99606745089728 25.1111848455077
13.7397208483932 38.1890011519111 5.34868628559958 25.8513937870196
10.0705527467696 41.2078682836994 4.37929968132036 24.9793696535789
12.4530565934298 37.6129670130006 4.60558210882635 25.4589095966936
12.9902414387501 38.9793624609695 4.60844819976441 26.0503155828893
13.2362815850249 37.2615802130839 6.27942467674105 25.2979884406059
15.2789542337297 35.0325486376178 7.35361802491783 24.6145426754299
15.2856195977876 36.4881105408171 8.51114957739487 22.1313183328528
16.1255581713269 33.9635009486183 9.44289896946289 24.1249160740915
15.5819594412098 31.6805146872816 9.53948023670049 23.8026074052132
15.7725622429500 30.4691688941606 10.6828698340321 24.0497709331616
17.1388208513410 27.8685961219057 10.2676841187274 27.6334758573725
17.7253765473377 31.3243272388866 11.8939874448331 26.3044286521371
18.9892264669996 31.0402511879242 11.2592108183524 22.424511190674
19.3169249898699 30.8814643484534 11.3499629712895 22.0204302639801
18.686457395449 29.2399628957216 12.5581012386955 21.5358490067635
22.0424651465264 29.9162248831 12.6590352285565 24.1967865199883
22.4425848265064 26.1491548302536 12.1530209176693 23.7619229461167
21.7233123664484 32.2054749624756 9.66094673239442 21.4211975772966
22.0676538433540 32.3403518386877 7.98698259448449 24.2917677871052
20.3264563131738 30.9562011378993 7.87104574987481 22.3083031493340
