19.0531987271214 40.7494488135573 4.49767082382404 21.1512405770387
19.5006983646134 42.0373022673313 5.27301838006208 21.5436367858689
18.9911082703657 41.8696534504794 3.80236114248948 19.1621559905376
19.9178545288778 41.7519177620496 4.9761044533396 19.7937255909293
19.534109770324 39.6578671943071 3.73321351189481 23.4794143594428
19.2598793795369 33.1343795933436 2.87368862344267 25.3805427064746
18.0373083194754 37.6977445687819 2.35800429982448 25.6573289333811
16.9478789613692 40.0871075894562 2.84923354992027 25.0421060462451
16.4129141950158 40.7309781834361 3.02049518832320 23.8708165529579
17.4687498678946 39.7123835622211 4.8867689803181 22.0360322351963
21.311325525076 42.0001266882633 5.95258087195042 19.6887075052992
21.3953300250255 40.0632919985679 2.89197632433432 17.4343640719936
21.2589031155440 41.742335247795 2.2157219697405 16.2431928840861
20.8929665549599 43.7901264929485 2.73846607469022 15.2477601045158
20.7212617802375 40.4858235361996 3.74689633667641 19.324498112866
17.6761730736994 46.0199795811448 3.02461855800994 20.1433465467703
15.5827880720549 42.7747037391752 5.16830628389822 21.6365372854898
17.6641651834302 36.5397779908604 6.79566715445226 21.502460858407
16.5560272424423 40.1141619258202 7.42335306873402 20.8976487662592
18.2305415936898 38.9471055436521 6.84030900048932 19.2260701829517
20.2488889481365 38.9019837737657 4.71901916967115 22.4428896089965
21.033616358344 36.1745488298699 3.40722414500422 22.8674928076515
21.2293461907581 30.2577822334209 6.04856223448521 26.7455085617987
19.6214847659618 29.6937526464539 5.58760798627852 25.4116114694191
18.7851779611707 33.7274425905274 5.22931909908882 23.4335405953013
19.4722368580879 32.7077209469939 6.12884916363626 24.2339570371783
