19.9215199945337 36.5335631863503 8.52710400556984 21.2044455903409
20.7234047202235 36.8096184459804 7.60813238343994 22.0818226524455
19.5394344262621 32.4133974919221 7.94827457882129 21.8305227379067
19.6906135105403 31.3545111995152 6.79380405366714 22.9426428652121
17.2475364538716 35.8009084049891 7.60864877414095 21.4939548617021
16.3637944669338 36.2348038182872 7.38761612855918 21.5306284785828
16.1877035139935 37.4031153108272 7.00444709639153 22.6379478242805
17.1735388138207 40.674668717319 7.57509346179753 21.2004306581428
16.5485981455879 40.4226112342227 6.10360312517761 18.1789755233668
14.6294859406245 45.0072472961407 7.83120537628449 16.8881724801951
13.2066177706639 42.6157663864803 6.77744720443181 17.4622840368294
11.5815538353692 41.9929873570587 8.96743662990659 18.8195255966031
11.7938404119979 42.7489799568217 9.30781311201892 17.3246555645905
14.2394126094351 41.0443533765898 9.64371684879222 16.5410215818278
14.4697751383702 46.0029901759514 8.34164758173542 16.5866944762833
14.3424805541928 47.1828436126682 6.80741953469005 18.0749152098737
14.8480994206470 45.2617332168604 6.18363179987887 16.7837242410473
16.3510942485731 43.3477421430042 5.75632094638081 18.9992221659936
17.0371685222339 47.8085218643872 6.74547374155032 15.7279327829323
16.6464705931570 46.5504714442895 4.66303108795205 18.7090665317095
14.517639310899 47.1660713788102 2.50488005485045 21.5474670874841
15.5978519904795 48.4320962008769 2.90363579336213 21.1366761299736
14.4327469940840 49.1941901262598 2.01156598445959 20.0046824525065
10.3985117895140 45.9599120895127 5.90317112160847 18.5579402456946
9.57148755039863 45.0976431598246 6.65051115886308 19.1000319226600
8.74021097622655 47.647712152946 6.32710167928599 20.8702213327355
