16.9271003529248 43.5568585749509 1.88877681491151 19.2295840018171
16.9101170514429 43.4368951996681 0.99030571372434 19.0041084672532
18.8693014568368 42.1444066078451 0.477632083464414 19.4552428459528
19.0157459374488 43.3700697759273 0.995929647004232 20.0041541132721
19.8645265983389 41.813195610887 3.3376654163003 19.3169339310022
20.1603161296061 45.1353048882471 3.67542889527977 22.2280154909583
20.0838727833888 44.9387727175046 3.59879930823606 23.7892266811182
19.7024486215555 37.8439464750838 3.95305930444535 20.1363934521874
18.0784802037992 39.812861193451 3.86503263556895 23.4141147631531
20.7356875763976 41.2822681138348 5.79659744252947 25.4057329602472
20.6327175044381 41.7565843513354 4.56982172204678 24.9450425103852
19.8859465737049 38.8434778247768 6.68757548689407 26.8339281164791
21.4257979728435 37.0188136518406 5.63240878161539 25.9005342711444
21.5385776972552 42.9024251176449 5.71631495229465 26.423003730246
21.4072357565318 43.4118191536250 3.32885506021355 22.7445805360313
24.8538054873881 44.4867749504479 3.85210495319714 24.0813574873592
25.7392430569691 43.4060089384871 5.74113843840112 23.4425193424086
25.5761637321096 46.6189199236084 3.94070907792573 24.0600069843914
24.6630492693884 46.1153784606309 4.10837615531434 26.2254584346647
23.7093432386545 42.4046626507255 5.65267799276423 24.2362153845589
23.9690465474327 35.0808212945188 7.18642802074448 25.4268889779906
23.9056421056215 40.1546822965095 6.98422351669417 27.5566931971098
23.4277378186723 41.7074003421652 6.33047213828088 31.6639347680594
23.3077717233589 39.0656689769626 4.18229539882288 32.4255292749713
23.8342963065589 35.2517146296837 6.3280937082962 31.8670355834748
20.3918298752615 33.2945610304401 8.34694507395745 30.0987417016859
