17.4468155830839 42.2924567144316 3.98382756772343 19.0647981280176
18.5771377861240 42.9284838081689 3.91099099980201 19.0368772467511
17.2043923009733 42.173824816698 4.18742285973858 18.1554847991055
19.6807520410509 38.9035354706155 3.62826535457279 19.0535843864045
22.6831646303178 40.8652191267045 4.79076619122643 14.8147337825930
24.0029321967156 39.2527271717344 3.41881275132764 14.5606955814834
22.1137793467571 42.9534887367905 2.65824800988193 15.5894083179261
20.7888631109815 40.5481698498176 3.07309406672139 17.3552388999338
20.9231287831101 41.9133516046264 2.42332212256425 14.8721915151651
22.0405625365253 43.6978497932711 1.07128538517281 13.9452627718946
22.3341208226243 45.003953872303 2.71297111152671 15.9065240927538
21.9706597611258 43.538116275853 3.00794917205349 13.2518836603066
24.2557836569796 39.2099785083518 3.03565271850675 17.8154086646190
23.7442676065195 36.6961669257731 1.61963297543116 20.4996555604538
25.4726304005537 39.7626176385098 2.13910675467923 23.1629782718173
24.1502438600812 36.3971592925378 2.00976436282508 20.9620956283560
21.2622416195983 38.7148860106885 1.18912900029682 20.5948926189244
19.7454205303977 37.1732014274980 0.66278508072719 22.5821854791289
21.0054757243098 33.7505603061813 2.07275394815952 23.4383853914524
21.1007309250610 31.9142676136015 1.82714275422664 26.2570640918175
21.4022252487095 30.2723116372270 3.70151089102259 24.8249478959662
19.3491676330643 32.0813053666328 4.63426534522554 24.950951240862
17.5459364861313 33.0383916754920 5.46764173003143 24.3672388586199
15.4988086929605 35.0002200144057 5.30507435100929 26.6240082406011
13.4655034577534 34.4431328453843 6.35962172583381 27.0434623396127
12.1596134531356 35.3876271716234 6.88284988366926 27.8078631198137
