16.9528663991405 40.4469608298306 8.79130954839716 17.5692719176900
16.0619480204223 39.9456148330091 8.8770645468911 17.6123998764086
14.3582620121924 38.0104935971057 7.91425897352824 20.6085534012711
13.5687622022269 38.4857249112279 5.85590614852922 22.7006036025307
15.3161784908189 37.1070164968229 5.09633921168279 22.6919798969625
11.5147727862386 39.7156652533418 4.48663791187573 25.1340265434145
12.2538411805400 39.0781920858123 4.35803778923582 26.0151099937744
13.7913339981493 40.1130167399170 5.7785786755806 24.9975794680570
11.3868810351761 40.8126755255834 5.87851185053775 23.7336041719501
11.8336235297667 40.4144904073614 4.46859286311271 24.042187798301
9.96671011800036 39.9911613664876 5.20507804728301 25.2026545922256
9.62200166134254 41.2222256252158 5.24389338738512 25.4945336165822
7.13324382654474 43.0973388529427 4.36671458616148 27.2724263924158
7.22797443031819 43.6898177801676 5.8495767436758 24.5083972387931
8.13512972398505 45.458864234923 5.08587306400988 23.3659470174718
7.778287119023 44.439582543712 6.48346139316674 22.7741761377174
7.81638535148486 42.0558126425485 7.16490647063962 23.8366574348974
5.94084677695319 43.4631341620986 8.46503885850263 22.2508915012063
6.00803733560279 44.0955966044855 7.43694682914012 22.4850427723781
7.34799663918565 44.3283852441287 7.82411017837479 22.7243691836853
8.69347694624959 44.7838517556096 6.71772152870438 22.5738978433365
7.13744657436886 41.5654132764916 8.79702263587157 22.9457271973199
9.7478830783228 40.334343476979 7.27304188485149 23.4459656643278
11.3503893312598 40.1864905672764 7.06112536582083 21.9273919451405
10.7838683421532 42.1825939345789 7.76761242681101 20.2070701119845
10.5012063584441 42.1667675679146 7.07633752053522 20.4547366288186
