22.2000507439678 37.9683050693907 2.65284611825728 20.4629922564893
22.2355695015357 36.6922487854579 2.54711359200637 20.8414516647042
22.3321081315454 36.3843170084979 0.301025883216195 21.1103754642115
21.8909341161426 36.1248888684944 0.279681236017495 21.7241565094025
21.9020095038256 35.4350973792243 1.33165702579676 22.8190985343142
19.890552406109 34.944117661692 2.23331731790677 25.9857740497871
21.7886754358949 32.0308616731679 2.72608355479315 23.6955305191411
21.7117184158778 33.7100118056303 2.35700172120652 23.6227063669546
21.0436490951469 32.7739143645976 2.48828163896098 25.7856411406226
21.0024339016890 36.3148753475052 0.510560000173565 26.6173091020768
21.0425503731363 35.680858728182 0.187905638013035 25.4461533177976
20.3187186331003 34.7881819953665 0.0934807538936491 24.8355475340371
19.5340392435416 35.1088314134151 0.451092486712413 26.1046478543905
18.7723642768785 35.1991876962744 2.77695954660885 28.1899434207481
19.1645660625293 32.9970978468450 1.31585655332341 27.9153740983930
19.4875029042069 33.1104735911617 1.25975187578661 28.1997231530606
17.5452600499321 32.4203629900485 1.86589146545157 29.054427388741
18.3260167000390 31.1440232787557 1.90014641429298 28.8959322230423
17.1169700722270 32.0007968116828 1.84195830618532 29.5564071213359
17.7118544063591 31.6709917685834 2.12239625165239 29.2686039287130
18.4031887838560 32.4776133503651 0.650315555976704 28.853949123388
18.0732962488503 31.9203505856967 1.35286661842838 29.5622580796604
18.6107956382142 29.5078493331457 2.27136668332782 30.4817461909287
19.8782488170529 28.3366407684880 1.93916792744125 31.872860942917
19.6004359843035 27.0582031354206 2.03716691932641 32.7121476008986
22.2382729481732 24.8451611425625 1.16447946662083 32.3857568519062
