21.4766494102584 39.489945939718 5.9122712066024 24.7011086515782
22.8240341170349 39.9412027708945 8.1015945690311 24.3201244821472
21.0531657238048 36.7539654974585 4.33718129769894 24.4154255030377
17.7951602885535 34.8292474194325 5.79347445140701 26.0741187816525
19.5978919245338 34.7308428564005 4.28329922701443 26.5045058483298
18.1461183182931 33.1225467074558 4.09757500584449 25.3408093525136
18.5500703321677 33.8146130492803 6.1547069172396 25.0210286786819
18.6335862790688 35.2904294579182 4.68346819700885 26.0721868045411
19.9321395754337 39.0607859930742 7.14166722097645 24.0343579847148
19.3682894790068 40.9000710557002 9.10378582310143 24.512471963816
22.0872114011540 40.465740001816 7.52737789058637 24.1670115330971
22.0744198837211 40.975508050583 7.8479777967329 22.5749976767010
22.9964061148854 41.6435920252089 8.47742913679731 23.0636877167753
22.7106748268191 40.206672573052 9.59602134119147 21.7069952973879
21.6141000639830 40.3470369662679 9.66063909515166 25.6749429723031
21.6247209270764 39.4479317875187 8.88783045442203 23.7724310328967
21.6561499123741 37.9020664149458 8.31904301353158 22.4958623071915
19.6032329410098 37.505385813461 7.71612328457074 20.3548123158297
18.4430963987268 41.45275329302 6.67315742842281 22.4264897496606
19.0899283470369 41.4748011894238 5.25144611046077 22.4717233178372
15.1799848617645 41.6162523017061 3.87118754003556 23.0488075751046
15.9391855828123 42.5392713723501 3.50818013100313 22.9238656439985
16.3313450047406 40.9565839925719 3.72942659727657 26.8154497209172
12.6585784170436 40.0102287991053 2.57564937303202 25.197317586949
10.498677814159 40.0637269415042 3.85586207945259 27.552608011959
12.6920950065957 35.4789305491453 6.17313151902878 27.6825546777974
