18.1318047367115 38.7190365948698 6.23127369860535 20.9939219048474
17.5973996552084 36.2197216054652 6.02787505973478 20.9147560713185
17.3810087965910 35.7047372654644 4.33564136946744 17.8117803153886
18.5416038640308 32.7482921250215 5.72901227242804 18.5301596713556
17.5516702335792 35.2664818468159 3.49528034647486 19.5218353007036
18.5147585420402 33.8863973091833 3.51032864057018 20.1985824303748
17.6486264363395 32.5285191500752 3.96145152963257 18.0593663268616
19.7918720840009 33.0428009626648 4.36465002700529 13.1531107677972
19.4335454039264 34.8456410122453 4.22392595849774 13.7247115555772
21.3034372486162 33.6099683288620 3.39668117454717 15.3804083630155
21.4254876577975 32.0741991759413 2.31746965218777 17.6815408948521
20.2819159196438 33.9155224086852 2.79762508976273 15.2832010477494
22.3088561631806 32.5693061048834 4.30107874888927 17.4622514188002
19.4364807257868 36.4202329930088 6.16698077623732 15.5249448451857
19.3698508990731 39.1293451899922 6.30672640300303 15.5764761561981
19.0310062841035 39.2016492027807 6.78900922595471 15.7166249209928
18.5670624878711 38.0445514315861 6.57050219753705 14.4021666481112
16.9747617263801 37.8889161402229 5.41380343065416 13.5753545121242
17.5210183123580 36.75957270171 1.98125582319503 15.1424130548675
18.6365681589103 37.8692926137659 3.6977791484986 14.3937111574177
16.1868438885454 39.0382435812566 3.34453130062489 14.0504237435851
14.9611486576186 37.2073878829318 4.85087823543304 13.3280910403432
14.3415239892700 40.3447053336489 6.15048294493913 14.7379852665403
14.7732561190771 38.8761934239368 8.40384867929837 13.7817412712531
14.0007305356832 38.8790699185172 7.00304405533693 14.2713680906489
12.3270090983407 41.3406208746435 6.75372921135671 16.0529613584548
