20.8358831203994 39.1395764921429 4.6174420989296 17.2545774581417
20.7618246426326 39.1220606980829 4.00748904307285 16.3735724885522
21.2438541225609 37.6112181615068 3.52848422029793 18.2569506748154
21.0438395956051 38.4840084630387 2.87864032029911 20.2505329265357
20.6883221737561 41.8575264321963 0.349084244256758 19.9090721643489
20.7978345121708 43.7778329442723 0.912797956494614 18.7886218194809
21.4798136589569 45.0811976309403 2.68990688072518 19.9188728005584
21.7155962563568 46.1050153834282 1.29988892166875 24.3027264027815
20.5684548947477 44.9352097374142 2.13072840333916 27.016886773422
20.8753633643948 44.0484549651463 1.33523837383837 25.3318320660811
22.8406349574664 45.3957570266519 0.520532109076157 25.4868827591609
18.6946822689363 43.1314739325624 3.74284514598548 25.8968423371162
19.6817500791960 36.5425065855105 1.38188793836161 26.6540041037207
21.2757909499335 36.1853979003225 0.85505235241726 27.5344305673918
19.3597157808247 34.0048151630589 4.75110645429231 30.4387474974921
16.8257210474687 31.1234457779548 5.03138828105216 30.7673146735069
13.2505804700629 34.1426051741338 3.42755539915447 31.2769145559224
11.8826047740729 35.1230390898755 2.59310652296198 32.6361151654594
12.2609461061508 34.7433353516145 2.20233204262331 33.2434810736512
10.7925658987365 34.3952724736056 2.17959617515014 32.7192932899406
12.6100803986674 34.7531665612815 1.85078988146287 33.0789273969194
12.1193370488229 34.1582519270352 1.4732415426229 33.4347281815714
11.0103655890319 34.5365249900188 3.02821274016135 32.1226810240625
10.9434046823694 35.8837230698247 3.23171387853184 32.5670038634419
8.98625126147411 33.4605292448815 5.23968983041651 33.9330715188942
9.89931381439558 35.3372460290831 5.39475214593641 33.1700825007818
