21.8203484589905 39.1556319804247 8.22469359640357 20.9765933967899
22.4818419764489 40.7336035603974 8.5165797076593 20.9720977388095
20.3811471020567 40.2562917286005 7.22887766036779 16.8966799553355
19.6206457383650 38.4435736161087 7.13439278608762 17.0474686689965
20.3685882162399 38.7331013471815 7.88567863266631 16.8027406113513
19.2401554258048 39.9656395912584 7.47011118175439 18.0415245771699
18.7693992203073 42.5621601988763 8.61754282124318 15.1948018048249
16.7522616444127 44.1834339876266 9.3868565313677 16.2917072682001
15.8493318699271 41.2556658763977 9.15051381393994 14.757043429484
16.5002893695579 43.7083516419789 7.11069703555393 15.5471169183230
18.8900660240994 39.7003468728633 5.73559276211734 16.8913722716471
18.6785075111228 41.3122388081799 7.31263096268947 17.9782191848581
17.8245781620629 43.184810376821 6.96399561396527 18.5337575951790
15.9828177623116 40.5494320468063 6.25377501232276 17.5328609548374
17.1530919612982 44.23911071418 4.92761413833785 21.6629143352057
13.5494509970434 45.4023228454232 5.85893953532639 24.4990829904
14.5090014708825 39.9872294230215 5.0548115927885 27.0432240818064
13.2034154115242 39.6636476520278 1.96970532845433 26.0277679473529
12.9485805006695 39.2444965840371 2.18816458613322 29.0021542305495
12.5271431263534 45.5577715785297 2.84966638983127 31.6047606183584
9.79078679811186 43.554001289984 2.17854941711397 32.1060886200885
6.95150336702923 40.3999507609809 2.49567522905402 33.1209436128284
7.66026170553975 41.9496916216852 2.57323847972423 31.2020386489476
8.6581117324751 43.8136348520734 3.33402347215347 28.0181818730028
8.9950478049215 44.2693784168318 3.81221865117446 27.3693594480695
4.15561098700725 41.7545547635623 4.58062501298160 29.7480741491883
