20.6659007424270 42.3259291119347 4.21826435855373 21.4024786008594
19.1531568577295 42.0852226757012 3.48714618521525 21.2469047932226
17.7416796423449 41.7486414621343 3.05590720282072 19.1072843997079
17.4589024775038 41.0474717366098 2.36242119093655 19.3442802624751
18.2749492360586 41.0445120031336 2.11858671688738 18.9681723433747
17.9491393345578 41.2655939585561 2.24584059377897 20.4662334203628
16.8274602716028 41.2453436124013 2.36457669772591 19.9928255262952
17.2660928991356 41.1613390876382 0.693323989631608 21.5838931002821
17.2755116276076 38.5415491710819 3.67994271821016 22.0125810871999
17.5930666811393 37.2787118119271 4.15600563203195 21.6511383489804
16.8165579686765 37.1539010075594 4.03174629649068 22.6084585393333
19.1086297162701 38.2750385772631 5.28631255259781 21.8198879785980
19.9877020406630 34.6044819258347 7.33301897459707 20.6150631361523
19.9064184182417 34.6092954935198 5.83295003064952 22.5394243786937
22.9892123031523 39.7016107892309 4.31630374836779 27.0053615088469
21.6472263929527 41.6833498557721 4.92367312675204 27.0569151735759
21.5003684925467 39.9521565158543 3.80133760315228 26.9333436286903
21.4750939100591 36.0473312126164 4.51805742797926 28.6327800613723
19.1923140441609 39.8188918983256 3.78292419055656 25.6316122694767
18.7518477252374 42.1162615940598 2.31942079069272 20.7560322594723
18.0664355017866 47.2567097354372 1.00128403259441 23.4262918950370
17.8376562864209 41.4562206925516 1.97705209837295 19.0917830205833
18.9415385842944 40.4452931518358 1.24713886692189 23.2447135289511
19.3719620274742 40.6958139800158 3.39385910192505 24.6056554829081
18.7531699220081 40.0237546837303 0.97901420085691 23.9783422424769
19.8463146480163 40.2752539216887 1.85458460845985 21.7905496516576
