19.9628803345707 42.0872249167124 7.16685982016657 19.3604276681456
19.9574542654364 44.4271397461826 6.58769698781703 20.3076386943913
20.2809936966433 44.5384174303831 7.24510968771965 21.1820187576569
19.3768042634306 41.5836067360574 7.29978123022517 22.5904578864556
17.4246008201567 34.2588821912864 6.4217074156673 25.5481089940276
17.4116037861509 30.1488145974774 5.4364612146215 28.5246626744029
16.5695132427914 32.1107495611843 3.95548082929378 29.181074895853
18.7455038816166 31.5055466898095 4.33520678309066 29.9811585461291
18.8024114190099 29.1167418907224 3.89344698348356 28.4706223988475
16.3781460287479 31.7192637987263 3.76903793606250 29.2678473975629
18.5525869928730 34.6688866672231 3.75443077943562 29.1395660160998
18.8111450193879 35.7937662456151 2.99585792812793 23.125542295813
20.9571703139567 39.4199680620489 2.17429630397194 24.8617440459275
24.5679408021146 38.2760260086191 2.02394970235721 27.1176549742887
23.373776917147 41.2856867317726 1.88403813075274 24.8352979092816
24.5799154688437 44.4089886302328 1.17577640502714 24.3627536945933
27.0269262239863 45.3619933531820 3.99151765275747 23.3955682196611
27.7010282639940 44.8464989836048 2.89924940024503 22.4673431075135
21.9666774616172 42.6745162888251 3.64927125256509 20.0401718576793
21.1305532128145 41.1424097629895 2.06450293818489 21.2788056877796
19.4164631784489 42.1971680537497 2.34216321562417 23.314780862758
19.2079306765055 38.8175366219764 1.69967074901797 25.8496945004334
16.3127785854568 41.7683307134036 4.06262037108355 27.1932877839898
15.0526080947708 43.0198589839462 5.0777324749779 24.1404582799767
15.4673838854175 40.8045196760262 1.79846653781534 24.1023967226391
16.0324629616331 41.9066861619989 3.24924783545249 24.8684986082260
