18.862662534363 39.9893119434437 3.56974319866424 21.6244908844184
18.6866150164449 39.3825137227469 3.52966282502313 20.3992959505942
17.5852374637917 39.1016120892082 3.98234500745233 20.2981196262937
16.8353189821887 37.0308471944172 6.0555877165272 21.0208797582768
16.2105952133956 37.717065238084 6.07446027350231 20.9741802706726
17.2838890728114 38.6682677177408 5.14947547080396 19.8905900994519
14.9123114113269 41.0405870396798 4.92256899239896 19.5631242962418
16.0202351514265 40.6597250593049 4.36841541776834 21.4383293930305
16.3736758725715 38.9008948839840 4.63980169819137 21.8406652100248
16.7524371822324 39.1548775619962 2.45915765936352 23.7294317446513
16.5957942591008 38.5269159501553 2.08818209186993 23.4120281028065
17.5039063743275 40.6793670691965 3.14160729681007 21.0572473469332
19.7022399301600 44.0748185315584 2.10142985327966 20.7507929929674
23.0340362577658 44.4384625824583 2.79420909122564 21.8432617324546
21.4263223548541 40.6985968230707 3.24292248836718 23.3050885487523
20.5949758635024 40.7626518859011 4.10635690538688 22.6137557977986
19.0349857367385 41.0343670410073 4.84092946532013 23.4131341984671
17.9259717993248 38.3823493305907 3.53034615861083 23.3263950802561
16.1843826396201 40.6028568499103 2.41405485402623 23.9654991171723
16.2055840825472 37.5047499771424 3.3298248671444 24.2710807427232
16.5377658007476 38.3748492131018 2.10369788808748 27.6430992075642
12.8048516854454 41.4717926315971 4.89787229150534 28.0225865991255
10.1802856322404 43.4809064563817 4.84300909470767 26.7054151940559
10.9201054465059 42.2189615561149 4.57664491957985 27.7647749140327
8.67622504814447 49.3967773850529 2.53531641326845 26.135021088778
10.4452244643042 48.4223310413292 0.878718982217833 25.0772675817301
