22.9311097231258 39.3377359272176 4.88695715094702 22.6368979445134
22.3783215288568 37.9958114600935 4.5764954767503 20.5144313067604
20.7272743602138 36.1146901895331 5.61426212008448 17.8529932113912
19.0612245459025 36.7171811418009 5.80524079464799 19.3461142515636
18.2367961526751 40.7074103906285 6.05235055041077 19.3619006199635
17.1613139658816 38.0620414802339 8.42158564667726 21.4832829730641
17.6066701486357 38.8168078517168 6.6851891460693 21.9073070921059
14.0694435089477 40.0375265763699 6.37086091724733 21.8073742721305
14.1564622008508 39.16762206709 6.35164908458056 20.5921297200099
14.9504968551253 36.4025463583506 7.73955230064267 21.261546715729
20.5087832127964 39.6789422571166 6.22961920684712 22.7545113774092
14.4877373771077 41.2320448141983 6.36525399888443 21.8070297200308
16.9992472406112 37.6317908741041 8.3985679542976 21.3067924162448
18.0031716553826 37.5615980918964 9.8628801324745 19.4262890208028
20.3192158872594 37.1764838449171 6.97246952659755 17.4421707249694
20.5884678652842 37.8142270427642 7.08116861108995 17.2970631930493
21.527651445042 41.8332847082501 6.52945938452452 14.7015442873798
18.2143491573513 46.2370273247806 6.64014566808313 14.8065305266045
18.9903798798993 44.0749762451478 6.71442563996955 15.4235354277752
17.0438105428891 43.7804286831442 8.83623090767892 15.2211050649621
17.8982432319151 43.9878447490631 9.39462425848128 16.5979968772717
20.0707284279467 44.4506679775674 9.9709707692697 17.8512262368514
19.7853711603509 46.8183092444685 9.2955865362625 21.6594746701359
19.1188102040740 42.685123550052 9.79746979856522 22.5027074938026
18.2197176194487 34.8547227292304 11.0280924710411 17.3262278366220
16.0642358245997 40.7543733090145 12.911716031466 16.2300948329174
