23.0235623369017 40.4150766784647 3.27192809174619 17.9126651218762
23.3021761258271 42.498558231941 3.09148359978501 18.1858189242562
20.9442965917791 41.0694630102791 2.41720767565191 17.9316641582777
19.2327301370482 41.6337528515002 2.22896443493664 19.7257669835021
22.4524904404338 42.0776724482281 1.53641254501417 17.5677579284316
21.8939908965062 38.6140874188719 2.70823522785081 18.5440290939664
24.1425663250069 38.0004359118035 4.23312018683514 21.8145631206331
22.0713584245062 39.9389554157248 3.95901033535651 22.5694288349820
18.6401247697761 39.3433195410622 3.12756894991785 22.0034176017267
17.1380249344623 39.8170816132193 4.52590246868371 24.866211007267
17.8394081194279 40.051473002634 3.47850437250040 23.0348332607297
18.7648917280462 36.0708169692522 3.69197353485092 22.4723684628603
20.6067253721417 35.1288142254594 5.88509668639912 20.3700054380221
22.478024357469 33.817699378265 6.97611491356096 18.7139017972273
22.1610947889324 36.2318315243974 5.67081559982202 19.8336380272282
19.1668957718696 33.7137235243498 6.36686008350975 24.4898598167137
17.0880260230090 33.4235474190572 5.5491254084935 26.7941135485680
20.2901227236774 33.3052711994228 3.79653533568657 26.7154471589276
20.0120472251486 34.4732957668443 4.33651211808269 27.058040993663
19.7642143205788 38.047369283608 3.35507561426443 25.6726496046432
22.5490160344092 40.3951255385604 5.1079826464829 26.1850252499827
22.1514854113229 40.371236266329 3.92606908588478 25.545963636043
20.7527281903302 41.9740220809741 2.5045051217805 28.3882660124474
21.0488829147642 43.9103865305347 3.98396035416791 24.6354220671602
20.8695868295732 38.0211662677914 3.44646916485199 26.6150339789712
18.8704702784421 40.455383087495 4.49390386618447 25.5235684741312
