17.5507747702033 41.1454791104917 7.03550845307594 21.9735397271920
15.7153306048096 40.7378469800237 6.96144351214954 20.7764562700704
13.5401086969033 37.7186866754956 4.72343047257365 19.885442128904
14.6910548036650 36.876479512147 4.14107678938509 18.5685341577379
16.6976359992952 36.7259243253814 5.40127231381685 21.2512081307693
17.3490692702545 36.933862051201 6.42025306903113 20.0148744879402
12.2874999913379 37.1074635241869 7.45199312652056 23.8716251513101
12.5447178642257 37.0708807828919 7.46614704011534 23.8834760220667
13.6119154194203 35.335958078605 6.94396338660071 25.4910894561505
14.6860220216108 36.7915292238900 6.08807329222734 23.8056912452767
13.9893671234963 39.6435898022838 4.97753224094336 22.9411973965208
14.1244450441557 36.7487180833965 3.64851961439413 27.1985189302678
16.8783605691972 34.1486837674206 1.45974659593776 28.7575941144342
17.1384977835226 33.5764091174392 3.75874134222977 29.9984978095482
17.3998108508707 33.2406368224224 4.42196482582949 30.1918904243822
17.1287198277981 34.4359525766656 3.38858236349188 26.2795809416885
17.0222458072798 34.160278936705 3.35789324319921 25.7148308551724
14.7787503178091 36.2064882650472 2.25188637454994 28.3223206450085
15.7021062492253 41.6397774790846 0.313704817788675 30.3382084539945
18.7655982521222 41.2046924530029 3.80624445341527 28.0445630851055
17.9605538274021 37.1328903863639 3.80592471873388 27.7045971139188
18.8392781509878 39.0856186229236 4.64622183912434 30.0491200613643
22.0848427626164 35.2356996036567 3.37329555535689 31.6725916902388
22.2147132425429 35.0200743454941 2.73086979752406 32.0279648834361
25.2520275159599 36.9969847191557 3.05104535345008 33.5503147601443
24.5355258897738 35.1930867351609 3.87531389521454 32.4815458126883
