21.1878923752568 38.242584774268 3.79400539278981 19.9548827433056
21.1693434366393 38.1041605980109 3.75562603508326 19.6965317579983
19.5320720125419 36.7322491648744 4.29450775765427 21.4261329335226
18.8176486313382 35.3292223542102 4.07731795020946 21.8643806964874
19.5500570934828 33.7157014344075 5.59098981744886 21.801535611245
17.8784264790456 37.1697621839687 3.56032597185389 22.7216043623343
17.6266957305934 40.7572103962868 5.99559530476593 21.6896436446485
16.3521884371950 38.0814988239173 3.94196757302173 23.621327539349
16.7086385140888 35.7729144764774 2.14373211207287 25.4325143225884
18.2979218601213 30.9756146339799 5.57524776755319 25.2518331172338
19.4216702855156 33.0111574261548 7.3549085156535 24.0116778096577
19.7349379601783 30.5634087711016 4.86981776398693 25.2547753608247
20.251554720048 29.6660126350263 6.91257925998788 25.0386646035996
18.2299011240177 27.8737223710279 7.97866655546591 26.3339042412054
16.9879863585992 31.1517323226082 7.01143397447072 25.5630066310924
16.1592131156808 32.9041284100257 6.33261272460176 27.2941628776886
16.7831065312362 33.0645933678478 6.25771819476977 26.6018881635860
17.1490254301912 34.0242450978711 5.04285963579115 25.7193816094554
19.8694983862674 31.3528094073862 4.82170604030636 25.0025431313447
22.0451456558984 30.0794849168613 4.18094167137553 24.7845042929880
21.1670568136718 30.2914797276324 5.41763148178381 27.8079120437510
16.2590733373757 31.3032744845794 6.2483337025264 29.5261114756472
12.8690290989574 31.8053171669266 8.40716790753545 30.3387749692330
15.7948335192078 31.3110135373575 7.52192017594996 28.7920732362101
12.2060083678835 34.6239683808675 5.90901447955818 27.4362565177440
14.2491045153611 33.6834492635769 7.14520466986412 26.9430888311288
