20.1486826483033 37.6270827228411 8.18582750743839 18.5129710404027
21.6900061648212 37.7592700595055 8.42297688944849 19.2830981319595
21.7844004355697 37.0618468728867 7.0068379697719 19.3796768135181
19.7578528482517 34.9752354818132 6.71412527416279 20.6885343019956
17.5270918326109 37.0900097476054 7.51536860777442 20.5069558232197
18.2498920837074 37.1987162582321 7.18382290698965 18.0713518367254
17.2449481410563 39.9044915457305 7.1591192053938 18.5845883109712
17.2457180126361 42.9341888102802 5.87789083126915 19.0127585700818
19.2241459089122 48.0361874267558 5.64213494704202 19.7408752658510
22.2303641755856 46.6193920365163 4.91327846193783 17.6150732164376
21.3378633350680 43.0648228808359 4.37613331250943 17.7968900474244
21.8606409253095 50.1675414129213 4.77677659344956 14.4191632336461
21.1310590178136 48.9181779295259 5.27760949432016 14.9008194785307
23.6916208684806 49.5529059849732 5.94629841813915 15.1813172818834
22.3438980704924 52.2514259012469 6.45034127798956 17.4585829209278
23.9235692792392 49.8892045995236 5.91263625095691 18.0654974784444
21.7149863601482 51.3095260455866 7.11489155260007 17.0044126799072
20.3376767891279 47.1576063481752 7.6385731097808 16.8552883686239
20.0126951378590 46.7115299064349 6.04424485694932 17.4735477911005
20.3754801708093 47.8471311860734 4.6249970071329 19.2632822319562
20.0987577409445 48.6231086569854 3.30424996836307 17.9410779103333
17.4501175908008 46.7096371672604 2.91185460681369 14.9828424146096
18.0587998788559 46.4656646405607 2.07319549674745 13.4257701877201
17.8602909133600 46.1191950336869 1.55837945727277 15.4647125769103
17.6266378147486 44.7281028902874 2.88955092196636 14.9753515747089
18.1191765750263 45.6101059084543 2.38831413366396 15.2570508237265
