18.1412757050926 39.0917261816913 1.76224630155282 17.5442348200346
20.8112322113225 40.0430099662636 3.44808388377222 19.2442046062539
22.5607500125512 37.9681983419006 2.82060361669081 17.5378653345148
23.313924377437 37.7159120362495 6.2071852918403 18.1820218782384
23.5315183444203 36.9696618426834 5.31372027190207 17.5571069359292
24.1188100931860 41.2024931885545 4.36155103959879 14.7604074888393
22.6975092898748 42.4451411009078 3.76245598073853 15.9719704837069
24.040161229806 41.7601940586475 3.50219682553663 16.8662179119358
25.9450211032722 41.3185980463946 5.27891046829402 18.9812638701344
26.8575725202877 40.175193637336 4.08660107707485 17.4317865127170
26.3133953168485 34.9956714354514 3.00835728664763 18.0368825315902
26.2937050956730 35.5018661631221 5.75963269612632 14.8775931359286
26.1826336664766 37.1309783233555 4.7929764121852 16.1432095388899
23.6637953746432 34.8157845388155 7.66021897401516 16.3748767855594
24.3016595294067 35.6565866672031 7.30347364432966 14.8546932502667
24.0312560250351 38.7603383707713 6.98083228864563 14.3035595762884
20.1025313095489 39.2170514870334 6.90269221495693 16.8616014574678
18.9496643694865 40.2776764534313 6.58864302667645 16.8698201389075
22.6688632110881 39.9813190187227 6.24058915253781 16.6786272772611
20.7099836108091 37.850150437643 6.46419441698171 17.2554811486066
19.3037186165156 37.8716861341048 6.00023604358048 20.3760456084297
16.8438732179629 38.4512245455656 4.94496742763058 21.1304554785625
19.6415186466627 38.2119126859693 5.01364554522061 18.6693023049077
22.5010338954605 36.9161280505 5.62184643616402 22.2094069707012
22.0456162121125 35.4718335098228 3.85396367601552 20.9456885863832
18.6006913062163 37.9780951230428 2.89137361605153 22.2194475339933
