18.5134535822352 39.3180628402792 3.15358609434034 20.7102710600922
19.0789935230593 39.5332178541161 3.86409310477763 23.1210735324750
20.8127811335857 34.7336619089060 3.09708894456772 24.9960394442391
19.8215861431222 32.9541374775025 5.44375191296486 25.3907311705532
15.9980491901647 34.2942853150334 5.21932947861997 26.6659952468922
19.863372294129 34.4524202552183 7.2138168555036 27.2153171508589
18.2353331305917 36.0025119726105 8.00017928930966 25.0933424614577
17.1671575977366 35.4944945136575 8.25010420311444 25.3175247999115
22.0548131036471 32.0971584432317 9.33485953858324 22.3008647522165
22.8953584003161 32.1177791525436 8.58354477839746 21.9132539628281
20.618111583301 38.7350101824234 10.7899725224019 22.139485906644
19.7658794484 36.5023263869191 8.19697491439407 22.6612510797683
19.9021324002083 35.4335395171622 9.0156758160924 21.9483076059375
21.4119408856045 36.4280493347289 9.5018159825017 27.2894718307186
18.2597439036603 38.493586873574 9.4364353894384 28.0027190740335
20.0942874512534 36.3128542550223 7.68654236091649 29.0517320315744
16.2775760440986 36.6203950512538 8.94729535344012 26.3401478893506
13.5288436476971 36.1842583370108 9.8521810374898 24.6760518906089
14.2524531493896 36.4264610312117 7.53971268639203 23.8190896875607
13.8939796789550 34.9255378414114 9.90202352318216 24.9858168569776
12.6530108257198 33.1721515758132 9.9262120502666 24.5490476844283
12.3674902763234 34.8658751619658 8.86193135618331 24.5047175845675
10.5562147121892 38.7195317109725 8.30255455249088 25.7938419718839
13.2599555185081 39.0823941627751 8.402464511619 26.6669344397806
12.4757363075406 36.932727829204 5.45841372786189 26.2837736991999
14.3720145638384 35.9517223764420 4.95220041910757 25.5119356768039
