16.670055127576 37.9054037018774 4.09392583070016 19.5053921632508
16.320386028855 37.6197225488380 4.43012433310659 17.3278611937577
20.9017503876303 39.4736573943168 2.49091186791347 18.0836427548939
17.9092725915898 39.3139466918304 4.68423411061676 22.4250726130975
18.1039066486266 41.6856743376933 1.91914585416825 22.8858165428504
19.6041637584021 41.1355203517629 3.43597553693689 24.9340514527676
16.7382676293528 37.4257473593765 3.37908897415262 22.9741675747601
21.1014399947053 33.9107384194808 3.5278279651561 25.0489666467575
22.6626443191817 30.9872451417336 1.39457821968470 27.1145473174793
23.0204252673906 29.5841738653557 1.55286275252227 28.3266129462091
20.3234284695831 32.5692340891425 1.60331079759635 30.6689259516829
17.5539217799785 31.9781851159957 1.63773398310877 31.1943491822862
14.1714495768653 38.6478737403256 1.3480718806386 31.7287182242877
15.3372625209274 37.8548079576892 0.636384801473469 30.4062409143231
17.8106649613777 39.2689115858254 2.45545166381635 30.3251287418685
17.4727453377867 43.9985902837095 0.94816431775689 29.2530331773019
20.1633106370294 45.1645976497409 0.916594584239647 32.4715907687950
20.1776277527982 44.0069388389917 3.73521456448361 34.1531997977454
21.4646494996572 34.787255967162 2.32579288515262 32.5744220623063
23.3173453562571 35.8625816825176 2.89073012745939 30.740170284106
19.8410649404589 34.9365665103638 1.85676566767506 28.0016528832974
19.2334520912457 33.3646787713611 2.05184721085243 25.4455551001491
23.0130112862874 31.7349281242447 1.47068156069160 24.8920816946091
21.1848087951298 35.4156515841702 4.0831641927363 28.8108992510723
22.1535453421752 35.269689985677 3.21604428580046 30.821574233404
23.3450344053786 35.4169162247660 2.01271858555265 30.4911875146689
