19.6408869399132 42.6485172603545 8.545222369957 19.3178660407244
19.0370102588462 41.3561083261443 8.4160702408004 19.1767574615731
20.9668754896523 40.5735159215105 8.72893980682747 19.772294650036
20.455761366375 39.1009976882629 8.11618157384836 20.6466857393639
21.4814665507893 41.3271668269983 6.90225830397845 20.6429446548449
20.7580005418877 37.9465682400484 8.21183073081353 20.3931043124051
20.8836411781977 41.4378044593173 7.56080927190648 15.7290985001476
21.4484786193178 40.6532264055709 6.74122212294766 15.2079399194793
24.8189652988047 41.9103334920506 6.0361605230371 15.430907600023
24.5905047689856 39.4746292547348 6.08660463938737 14.1706246290537
22.8684130485461 38.2808016072723 7.12748393927206 14.1238302499237
20.2208218497515 37.3951416356729 9.01378039571893 15.6911971675413
22.0783637377725 37.8653537399551 9.11558331470346 15.2605580966865
20.7859606125812 38.0094918783375 10.0066303678684 15.6139596905505
20.817788709649 37.9681913146498 10.4674004293408 17.2397844509140
22.414208183759 37.3319354589778 10.7423711609238 16.9847544294280
24.0701270586767 36.7305018663702 9.99567662030314 18.6498117654083
23.5802148919038 34.0244526638945 8.99238305366453 19.7266941165981
22.9152550014954 38.6393496677575 6.78986098002498 19.9692829086367
23.2387103580740 34.8861421271523 7.47436660676995 25.0100504190582
22.7821621348021 35.5677111280219 6.05348167042048 23.6811413524343
22.2934455986005 41.0350794504465 11.0783625839724 22.9464777895852
19.5759527695236 38.4633757812614 13.1336373333193 27.4491954112096
18.3884547234384 32.3315171772311 11.5020132393416 23.8475044902085
16.1500475690638 35.5097207726129 8.52211701966147 25.1250452484606
15.8509347359588 40.6770705861189 9.5202592116353 24.2969939663677
