21.0629923852651 40.7527405835493 6.92339326676142 20.4434076324272
23.0843595533191 40.7312680056482 6.36424769882274 21.5849993912711
21.5880950415783 39.0106983586121 3.74245286874634 21.1903392149782
22.4451734811781 37.8664243079025 1.57824779234056 21.2371606602048
17.3647416398643 44.7397009532202 2.35588399926201 24.2829410662826
17.3870882188059 43.8877202564046 0.929775445322545 25.0419180709961
15.5702101299166 42.4010324243583 1.16156794130802 23.8436884377423
14.9279051952873 44.6595065745652 1.51838475046679 20.6385691222075
13.6963633997410 45.6974140981339 3.1520039930474 18.0517949341136
14.2606803420975 47.9256867190154 3.18916539976718 21.3442710921596
14.7600346311722 41.3422600043362 6.02487663029106 20.0172277208845
17.3330983405548 41.6508669498882 3.20925610641362 21.2580709470864
18.2152552416164 42.4242142075247 0.768177420599386 19.9605730431582
19.1197756545234 40.8656022866322 1.81606572330929 22.0001811622138
18.5922907523426 40.6560987682147 1.83394831909313 20.2217502095233
18.180918269566 38.6894788710466 3.29896957660094 21.9887720073238
19.6853458117574 39.0451203543753 0.705712276176624 22.5965451232770
18.9971318421765 39.6328585089779 2.92269021681327 19.1927486870119
20.1386741371705 35.9848042899872 4.38486821566525 21.3950159622037
19.9770795293032 36.5567315747940 3.40666667035598 20.8000186849477
18.7047758577272 36.3669198005902 4.88673145042915 20.5957733368899
19.1492137175824 36.7087319768574 3.53993867755119 21.2744116228472
19.3480381232341 35.7752642808593 4.61596237004917 21.2061401609896
20.4898685196895 35.2576616360486 5.37972244003474 19.0028370466169
22.2831960905824 35.3916891324945 5.39785304899135 17.5851904697176
22.3634286668393 35.0154120840138 4.92690717280384 20.2070063681733
