18.4983619976131 43.30829060455 6.19099606813919 23.5693256320495
17.1550386737374 39.2950441614274 5.8167960097367 24.044893205731
16.1094096503978 38.5512973601071 5.59968471089872 21.97937172071
15.1050022809211 39.8241088885419 4.17111941851238 21.3018161046963
17.9939083971396 38.0061910167726 3.22230163151892 21.0386061647620
18.1412899757117 34.2063411890249 2.94235311937518 24.9396921496551
17.8995485845511 34.8730679402793 1.18125435453840 26.9903272453408
16.0438302589341 36.0942164540025 1.70878170458296 26.6180916777841
16.4158846670447 38.566862617779 0.828434647293761 24.6987401437975
20.0443113930209 38.5204616283732 2.99910089001060 20.4999006628088
21.6682620712887 35.0872544475565 2.58751572179608 26.6577744125418
21.9505864645685 35.8752644193692 2.57548147556372 28.9715770964616
22.5056135662605 35.8414640539659 3.17438112864678 27.4663091100055
20.7045338127675 34.7554256055837 1.09135771030560 26.2701052271995
22.8344053422945 34.1038665879851 1.99830556567758 26.1290832891362
20.1523937128397 33.7365025129502 2.47307807835750 24.5387967567193
20.4921940781089 36.2620433204576 3.3171145291999 25.6294312023791
20.5354252291756 38.8264762497275 3.2756772144936 25.0572783903452
19.3810964795491 40.3581807467855 3.51714561842666 21.7759741657633
22.25236402738 38.1115294372431 3.07503944990877 24.1139854052248
19.8906904954502 36.3885337642765 2.77417851641495 23.3534797389765
20.0354710611 35.5773619721591 2.83707896663832 24.8361793120165
21.9037838502272 36.1879198975808 2.56726403461794 20.7000159904546
20.6239996960803 36.6524773487162 5.31700682427759 23.3578822765684
19.8748221507713 35.380842123975 4.00559794172922 22.5897074103540
18.600342872408 37.5815353634329 3.73772969764004 23.6241534165799
