19.9101327819695 39.3319983152669 7.7288698581397 18.2287648546841
18.3340962905382 37.7282290310595 6.96784665173622 21.651279774807
16.5271248976808 36.5437935088758 7.53808700683297 23.4448454009566
17.1010582522597 36.7890437041406 5.86958204087572 24.2677987881202
17.5805933355462 38.3646730441695 5.63109040673593 24.0379746111307
19.8156829170059 33.8189106775543 5.90442194667416 22.3236705690820
19.1740120706256 36.0499129682875 3.21433813025946 23.8737275481421
20.4194509341489 35.2447523793183 3.56688342586862 24.5452687991698
17.6296142620143 35.4572340412139 2.77282630646372 25.9587048813616
18.7029748783555 33.2091118124387 4.12541309924567 25.9388019759123
17.3956734036203 41.9167129550203 3.29319844482237 25.4430222976868
15.0402691477086 38.8964070066883 2.49437103694076 23.8656877595846
16.3995537069734 38.1484053594291 0.03410310507752 26.2746476021988
18.1122741383608 43.4830094178438 1.73989388742484 27.4775010108409
20.951477645069 37.9366288979768 1.72118901461363 30.1457853376327
19.8252488915916 35.903316600085 3.65040016989224 27.3129782791642
17.8934008126255 38.1252714547559 4.20541963144206 27.3150275315551
14.9661527770679 43.5206132757708 5.27716451114975 27.1677155693454
13.3072702857774 40.4066017920382 6.17827199365165 26.0354094210473
14.9266203214522 43.7156545704461 5.2017909066115 26.615661715476
16.2574196393710 41.1052113811716 7.10160342499767 29.0297767457945
18.6424753918420 45.0291034228399 8.5452454014767 32.4448357492777
18.0689263447296 40.1679482970617 8.46870553019382 30.8687713964003
16.6763821347725 37.7597289796218 9.10658319681808 30.1063426163139
17.0423946828689 40.0803708087883 9.94506106354221 31.0790919410795
15.8049047525149 41.6163884289946 7.7822764407009 29.9872901608035
