21.4334149520344 40.5401098018745 6.1394459436382 23.3557779059525
24.7821716788656 38.2085583809064 5.42558727471296 23.3888033718582
24.3024720086823 35.7987798306603 4.62933785348683 21.1343233752632
20.5192225739428 35.9980055263871 4.05120152793057 21.0677608744063
22.0488481257179 33.8383618896187 3.89078293382373 21.8340887950744
23.7710511252352 33.4915979379182 1.69635025169883 24.649369408856
21.935544238938 34.5407645935279 1.65653711618107 25.9378178850886
20.0592073639538 32.7733346461405 2.75629667788927 24.6427062689465
20.2515722149666 32.967033487682 3.23210221333612 25.8529117019054
18.6811949694213 33.6624177861332 3.94331793128696 26.6947106062573
21.8797067052205 33.7799127008140 2.50384857147184 24.5873497161221
21.696752132148 33.7361053434829 2.25438336925764 23.6951745436665
22.7422751497929 33.4655462388578 2.04649710212834 25.4429587291536
20.247014290325 34.4843713791738 1.78595454711467 23.8630054404942
20.0868090909628 36.9251503140363 0.847192499897671 22.3293954243866
20.6665220304114 37.8500791524264 2.06327408280512 22.3063829790783
20.2922036330205 38.288292191616 2.11239413887472 21.2161686707271
21.0358717630389 35.9522143128572 0.095909668598324 23.0489883951825
20.8517960101172 37.4774677046818 0.821894598891959 21.8872850386408
20.7584037450879 36.6928547654545 2.37459087530507 20.4119704717753
21.3203048525184 36.2778442066382 1.47024382320588 21.4894440184619
22.4396970929384 34.5943098887794 1.40236369592022 21.7833344304274
22.8165754134507 34.2338708208860 1.87090935664996 23.1405723785322
23.0962208675367 34.6218579023132 1.77094309564641 24.1441378930704
20.9301174970490 32.5915787744928 1.89131702491421 25.9220242327195
19.7170014947799 34.7086325288285 0.914102695271038 25.7334362028683
