20.7796864728229 44.6159567981187 6.35846154803131 16.0541301318507
19.6704377946229 45.7855145064343 5.88861718021054 15.7158842259149
20.8059824882593 41.6575183979396 5.52815318704213 12.5158334742362
22.8407832310122 38.8079292573195 5.04115928956869 13.8877345536556
23.0673403320314 40.6483900165815 5.02751889952061 12.7948259058311
20.0268343630658 42.4782942878713 6.18018385708865 14.2536832717150
21.1582327046843 41.7451784667258 4.63029718619373 14.6689873364656
21.3908628289999 39.4749193741699 3.73368175105725 16.3328222538247
21.7358348599472 39.0797437295077 5.99660739243564 15.7235409346312
22.9868183640169 37.7489953441124 6.36262581647907 21.2241513318285
22.8204145050945 36.7043152804996 6.48278197144692 19.1304249175727
19.5645602383988 39.8880308540116 3.67069609194596 19.2107183277896
19.9763958348989 44.2045651031236 0.733505978481844 21.3440035544584
17.6738401583492 43.7612917804669 4.92593438294716 24.053606382596
20.6720035520478 41.1719665266152 6.96300351829268 24.3058653204019
19.7122187537778 39.3019286272625 5.08910504216328 24.9789741859088
19.3923465607394 38.8998434822585 2.41706209187396 24.8484556190918
16.7991905927364 38.2878266083586 4.55806778908062 25.0973121552045
19.7791988251437 38.8031439389086 1.85157733611262 21.8141942136238
22.2375792623482 41.1696591823346 4.28495661160408 23.4393483996640
22.9097784175522 44.0271911638773 5.20791459074674 25.0099961757908
28.5722155715324 37.2127660372279 5.47098265090457 27.6607566727574
29.0201126490705 39.9091004476867 5.95299686249776 25.2672069296489
28.0020674077626 38.4314903383127 7.18281966741627 27.0375393972265
23.6927555903625 45.2534548304028 6.1260009134697 24.4093172315973
21.6682115515152 48.2212868154964 5.89957893910317 26.5673037942963
