16.3900827422179 43.6062838158349 7.30965037419455 20.0372148006575
16.3782689365361 42.9317380104815 8.40734233730453 20.1163728283139
16.2659673587695 41.3801821644116 9.84879392501879 20.150245689729
19.6668275165647 42.1780345180701 7.42980696055027 22.3894345722513
17.7401621052339 47.7697051709216 4.89177517387005 24.4286867584454
17.3144033890559 47.534928679754 5.07459112539808 28.0224163326786
19.6842187581926 41.374628638328 2.47651765964846 27.2843898112758
24.0362856949004 36.4279255512552 3.24934076745958 23.7075284008741
18.2092764267953 39.4597983303861 3.25885507330714 24.7198239217385
20.5946413709106 43.5602475027004 4.31060234696088 23.0715659325193
20.1161707232030 43.552856833619 6.20934672793892 23.9436752506714
18.2755992545070 39.3929395530754 6.05405684584339 23.8618340385567
18.5851724177855 42.8452567173549 8.62474265392457 25.0687894017264
15.8165070602926 42.2654153084764 8.52383109567112 25.2142804289997
16.6004171038202 41.5420944089451 8.1112069446975 26.2400003775466
18.7136122428037 44.5122650092849 7.80246721989565 23.1400425044332
17.7742716560296 45.4624668866777 6.13261086413726 19.9607645991702
14.7113162262521 45.2447960557797 9.34139793169774 19.3142833394442
14.4455113504442 45.3664516284512 8.74913768343717 16.2287692606163
13.9106443524720 50.5595738007137 6.08684683092028 18.3280068563011
14.8118575746553 49.02235400159 3.25311770669866 14.6421147139456
16.0401322842004 46.9807090581776 5.7090717117524 16.1403568674660
15.1430973988386 46.7022378644356 4.30490646976965 17.5081570287085
20.2559061739953 46.5229565142744 2.49371169041829 22.2369735575131
20.5023051984968 47.1161462687977 3.33186500635916 20.6697065875715
15.8551690243544 44.8997690244668 7.80109330546098 19.8925710544302
