18.7759472134985 39.6712483364607 2.27341748744332 21.362799846399
18.3475437484212 39.6701859539824 2.27065368364979 20.2494486084389
15.6818693525619 32.7245174708791 1.49735777677641 19.3845344070343
14.3362133915998 35.8108571925285 0.992046223254874 18.1071690373120
17.5017293583132 36.9345739371228 1.57762261060998 15.7598673916776
17.2898274234958 36.9236292069863 2.15547270148563 13.3341409723628
17.2876443074546 39.4910699760407 1.09926592628472 16.4853037643600
15.7395082715429 39.733121226342 0.860369742382318 18.9481646475736
15.3980155488006 38.4688578595273 1.59195876843296 16.0843131934646
19.5198837032687 41.7240478065565 2.90002086712047 16.5584398209524
19.1630082904990 41.6870678067199 1.91647460633676 17.7294519440678
18.7110808623652 41.1822163015596 1.64151401832136 18.5021312261721
19.3079141545375 37.9160640314213 3.48612718563527 20.8824857412362
17.5426445518886 37.7041824072296 2.59862025850452 22.6016552899489
17.2423697673808 39.0917394007885 4.75755933509208 19.8876083450848
17.8069146248605 39.0610468760462 1.58424625871703 21.7207074402356
16.2287744950127 41.7588632111767 1.93181501013530 21.1896541379333
15.2662458837429 39.9734971086697 2.50990841793828 22.2552584577293
15.2523840918630 40.8478018422632 0.931576063963158 23.1553153387234
14.2463371466574 41.5815269482446 1.07555574576283 24.8167208396793
14.9956164946217 39.7843132822873 0.278458716555974 26.4142995985375
16.6437034206112 38.3214039256050 3.25798927992582 25.5788174240069
17.8461564350164 36.3865760211868 2.35758906556293 25.4306607596727
13.2767564113019 36.0399596739738 3.37915480841306 27.9912679275648
11.6069377539425 38.5514138367314 1.91186453914270 28.0659473478931
10.6698153745120 39.8680291847894 1.93850299752967 28.8368270812693
