19.3638632509123 40.1981569737944 3.37351148667182 22.7252885859094
20.8853316053014 42.0183302620243 1.33368065253268 22.7084955528013
25.8238799271371 41.8508877067598 3.18336353589217 22.2903545435152
24.1811804740887 45.5523229489814 5.80990182048078 19.6416145573936
19.6285542666178 42.4967168585178 8.6542644980214 18.6522174786411
18.6417998836573 40.3032413331572 8.62241791404553 19.9865884514583
21.6187490035977 43.7775382028649 6.57391439244851 16.7699001742584
18.4057217777904 44.0925113122667 7.37856203114383 19.6813073692901
18.7512130203854 46.2699307477339 4.7302014637436 17.6007055768233
19.6505217856925 48.6161279332156 3.76295596344165 16.5494447254997
21.0835767450939 47.2311057871796 3.43305323243973 15.0872601510447
20.3788367281004 46.2325278734652 4.78691087121976 16.2463025820863
18.7341666169732 39.1676865932395 7.60196633468283 16.7492689189923
18.7702805012732 41.2524928799694 7.0218811919344 16.7451314884018
16.6208785170957 42.0281810997849 5.52636779908923 17.3670778043981
14.9869807394489 39.8207840155674 6.16191052872588 20.7513374334614
14.0611649876728 43.0321938630333 7.03536785155435 18.2877517326216
18.2568680657342 46.5556143514951 4.05310416192648 17.5377525875758
18.1241668308421 48.0988544744683 1.99066057283332 19.2709503380995
17.7280334014713 50.7231456801006 4.10893513326434 18.7929097276594
14.8604240598425 51.7667684141257 2.84569755563413 18.9181469439010
14.8652687058120 53.5707700970294 1.84604204515927 17.8429266840632
15.8648455016583 53.884622297314 4.45045624044724 21.342495267507
15.5083057819202 54.6822469523819 2.7563664069037 19.7536173753853
19.7272844244062 51.9893942014956 4.42252961440115 17.7564669186400
17.035278202057 50.5710970527203 7.29562730003251 19.1885212531158
