19.9676194738021 39.9305479433774 4.33143727053767 20.2222128594914
20.6254954485680 40.7436899082191 4.60977540994873 20.0438098339984
24.1765451988662 44.8036030987665 5.28692846061541 20.9839748060951
27.3073313123072 39.9950046865657 6.19617812001025 20.4948877841854
29.2272961538742 37.6585901317184 6.21889232359726 22.1284671994546
28.7265117036636 36.6927049423565 5.27146813766930 18.3634951934839
26.5395105912318 37.0610808774611 6.83728865212661 18.6630000416810
27.2088708021774 33.7512208930522 7.05956886969406 18.6257884568224
26.4177976258700 36.3147368756429 7.76795233627681 20.4995897142837
24.7119088022639 33.4133653458513 8.87134784324926 20.715522620889
22.4199512282987 29.9676931057431 8.13088066694226 24.0078765974069
21.7018130108930 31.6144446086075 6.85315854805421 20.5918585397923
23.5773749197118 33.3318790949817 8.1173106202094 19.9563214872653
21.1391202695824 38.0160785040754 8.41316868123997 21.0122779748956
25.3210647618554 36.6330266294937 7.12978948947441 19.4324236904824
23.4212960020084 39.3730179437372 5.47469727291193 22.1197588882962
20.9233356897164 43.8744171828959 5.62454448492665 21.8500524788717
20.3013534305090 37.3074665892865 5.64494007631604 25.5450843564788
19.5950875246371 33.3315712701525 6.20003463027811 25.4711277328054
21.6310908572222 32.2112084155898 5.2651518208701 24.5390028220889
25.5948775290916 30.6083959501244 4.19089083964834 26.8386832309605
25.2283224355884 27.4526159830399 4.40330203453044 27.1010063209319
22.7398680694856 28.5588710244752 3.93431077262352 28.4913434989791
23.6998421019944 30.038660842181 4.0522603964709 28.9649180013727
23.3532407784133 30.6352440828465 4.78183467912453 26.8447633588728
22.3285580628781 33.6457317450091 5.5988638954513 24.6547285186168
