19.493276639727 40.8188036793019 4.60948230777873 19.2679884500060
19.2619217564462 40.0890300316843 2.17251285081735 19.8104515877742
17.3666000560452 40.1575514838207 2.20804630522616 23.4178619488332
16.0573424211298 43.0279195080439 2.39336202736013 23.9174097814787
16.7542112729107 40.7557385232359 1.70521766552702 24.8694047454597
15.7369141918152 43.2043443186268 3.38539612898603 25.1217434128598
15.0108853787660 39.6777097516753 5.11193735548295 25.7354704897703
13.1150562128870 40.1373537903711 5.38385379756801 27.983267564498
11.4657305243751 37.9732320429138 6.04076920612715 28.5518625669033
11.5222883128887 37.9981118183895 5.73462081374601 25.0332870584183
9.25939761822574 41.1202075038417 3.35820185858756 28.8893553102167
10.1176751672616 42.5086064644622 4.25522068119608 28.283443193658
9.4223007949263 43.6547835523727 5.81110484409146 24.6876894950482
9.25939310232253 45.8374210016206 5.39969010441564 23.2540360611865
6.94441379867686 47.1518423294053 7.77526242001675 25.5078578737566
8.08849682081683 46.1811527254739 6.37567097595655 24.1057437879035
9.65964168943657 39.7895983549514 6.00231491094217 26.1327303897686
9.29377939632078 43.6423243314873 6.24211406958983 27.7194004242444
7.57893886388791 46.8955679133448 5.86456994684175 27.0583311541687
7.59412163339688 49.6234524132369 7.07330136811123 27.2153481064706
3.59546768974646 48.6017813583521 4.77756971139223 28.4988284312531
3.88452729536474 50.5114619882841 3.69103045407445 30.1843124148847
2.43502086839153 48.8922264317115 5.67884374265321 32.5623876577199
2.09057530201972 47.0698539465015 1.60515353847057 31.6085836239115
6.34528784302978 48.018688041186 1.24071055529401 26.1235882746012
7.2088517358138 48.9959429092054 2.69632392819040 27.4429249762223
