20.6822393828488 40.841389286509 4.2225555113242 20.2864952617751
20.7112873320885 40.6347173817365 6.32307960853958 19.2348999743776
20.3656258383969 35.8586777697227 5.93395067123047 17.9321191877157
17.8759803478844 32.8137027823276 4.96889187666142 15.8895851814154
17.3266844280113 30.4927356004964 4.65067902946082 16.5135823199499
18.3044893709992 31.5304181033993 2.30661353462544 18.0516055049348
17.7433894143637 33.2259417557986 1.26121939948471 18.3229543904052
17.1763779377842 33.9638746765814 1.18477402883582 17.1807434113905
16.6954050163085 31.4823907007729 3.64022635568757 19.1062441172287
18.4709336092973 30.6269699790781 1.20704410241809 14.8308501905536
16.9815013498345 30.2499097542622 1.28017480974086 15.0500069310919
19.8277376518326 32.980111221689 1.32647350011393 14.8116765643443
20.6493027210908 29.9490442490590 2.88482695771381 16.0691511497806
21.4507717481555 28.5231945431245 2.41485696474027 18.7510829341571
21.2384722157039 28.1699717054529 4.38007868362528 15.5497715945329
20.1760345981579 32.9175417670434 1.99189694763098 14.3534824489003
18.9059849684249 33.0185869809563 4.25354207077114 14.4546521812996
17.3181969648943 30.3030058706684 8.2551539014378 15.7336851281562
16.2211469410378 33.3102323047391 6.01862208128913 16.9075543362937
17.3170950532744 33.5338032564653 5.12748938770116 15.1051071763276
14.7592409743314 35.8292029004118 7.12482897353664 17.8177372358978
14.2183268795377 37.414179329579 9.30109836904637 19.4725950269267
12.7216734130522 39.0560070726138 9.22218354722922 20.0565375883371
12.8352326233978 38.6545454888366 8.91547813599627 22.1737184823389
13.7809065169675 38.778146927625 7.77914584845777 20.7134687522220
11.5065506187908 39.977842355527 7.86437297342268 21.8509341286290
