20.7753432231187 40.8040235589727 7.94776236221828 17.7715553043128
20.9467540845438 40.7205782887057 5.59181763956025 19.4782215056659
19.4690215379163 41.6507285878807 3.59925086961761 20.5214387837515
19.4032524690195 43.2690247175097 4.23208905595988 21.2187350809292
21.1375277541741 40.9284290735423 3.18108552365103 21.7787353115628
17.4693338457658 40.1153291006386 3.62643248514743 22.4605001098017
18.6040624413803 41.5604881312828 4.75610261337371 27.4011978989939
19.5483552158042 38.8353966564901 4.66911484954447 24.7132680740680
16.7913720892906 43.0844028794236 5.23531290682836 25.4589567071299
16.7415588140651 41.9384867257468 3.285656071304 28.8225008992950
15.6639299584716 42.9841767332546 5.36679187164514 29.2167467567787
16.0626536824521 36.1109357627138 4.49094642446249 26.8286823456741
13.0805434149470 37.1342544730068 6.04535154815635 24.6078006612222
12.3849521868643 39.6463919470333 4.78115989061876 25.4060940878551
16.7655554686453 40.2899053434156 6.31069144439398 25.3536517076280
11.4880534059149 40.4371708950274 5.89311259794495 22.5702104117807
14.6388717259061 38.986634687907 8.64202043270207 23.8979020925324
15.1486347056938 40.4009288200531 8.94896504847657 24.1300563175317
16.9050969658432 45.2029677322488 9.30069383705359 21.0654501883398
17.106690887363 40.0444655386153 7.53310887963835 25.4904423650440
18.4558962648747 41.7988051367346 5.52947458258222 26.6051757456172
17.3487745830802 44.6060625748131 4.33277045196246 22.5471342894617
16.76275792128 41.1930602034908 4.37924337975073 25.5901812407557
15.2735885704547 45.0685508391242 9.01131267013352 24.6443935399312
16.8885990974173 48.2071988802634 8.80297762673672 27.6257821441996
18.2436593674735 47.9139812785432 6.0497316660485 23.1444614913118
