17.4273989391314 41.134441829703 3.58818774946475 17.7985187111522
18.4095198823871 41.8386656674166 3.53851544736584 17.5394441911519
17.1704797151508 37.7137439924281 3.47918220046607 18.2075823951773
15.7045997421669 38.6141593524905 3.53738751368017 17.5573584829550
16.1569024979549 38.1331435604231 2.5068399071591 20.1026892490014
16.4894672737869 34.8108412730006 3.50587400155049 21.9718891365714
17.420606045373 33.7971290673801 3.80304037024174 21.5118593505829
19.9973192413750 35.2716090572889 1.07841623750422 23.8852858490116
20.4198224292196 32.7815450973561 3.9836576709236 23.8810293991157
18.0982461682580 34.9895876668678 4.80329019318062 22.8478917133611
16.2329979156203 36.1454722940829 4.1343443075372 24.104151451237
16.5535213154293 33.1366747700516 4.9745569551075 25.3665383081157
17.0651787704368 34.5085589909561 6.36607760087711 23.0129637238774
16.4552812861447 33.4973282754129 4.30095034082544 25.7650433879206
18.7246034840290 32.3691180536929 3.74249683519949 26.9163531255688
18.5147223701869 32.9597301662374 2.32699627628674 27.6354740937021
18.3043857135747 34.9537368929306 0.572205767501146 27.2465635960840
17.6010227899287 36.140112184483 0.183018971213138 26.9098823025218
15.4497174096514 38.2181517213592 0.856114942962536 25.5548602526366
15.0109454795409 38.7240122924546 2.13526651728898 24.612009552057
12.7801184090833 40.0849669962177 2.30799302291211 25.1669564347267
12.9172551155184 40.4679039586323 1.99169300263748 25.8870150626809
12.2855875758320 40.3541542917847 2.05360681645535 25.687367432012
12.5979152012828 39.8663783214468 1.86608016095124 26.0153644822601
12.1873993592928 40.4493044366429 2.12241395345126 26.2724233417118
12.0197121097630 39.3678061655526 1.57661713846028 27.3735887232617
