23.3643521610388 39.337934042242 3.44086297359651 19.7102502519402
23.3295081036186 43.3686705794265 1.61465714164411 20.1907877009500
23.5473269868427 41.5536596738886 0.492401032475755 16.7843145337093
23.0338622810631 39.0988379722614 1.7578034971375 18.2354661335276
25.9516145184914 31.6968759723161 3.48219045926817 19.5057121931614
25.8373857174693 33.3503800850656 3.22477419069037 21.0122230973327
23.694829115334 33.3818462306699 6.79944918793626 22.1090593774103
20.722597375202 36.5670676899208 6.06317454250529 23.2587656116345
21.1477351399763 36.5042018221757 3.36355877781701 25.970603218673
18.6413430493949 40.5878676303406 2.86653051010747 22.7082484815253
23.6532208292438 42.7152584233996 3.11449568204064 25.9847767431272
23.6371294340743 41.8383336995186 2.21044523569909 22.6583049198596
23.4708581936239 38.2920437358708 1.34353858343194 24.7411685442531
21.0455290348631 37.5149695748816 1.55013936416272 22.9245037944967
21.0592599832144 37.749902847576 0.345860897563398 22.4773005422448
22.5103948688757 37.7960078244834 0.343096134480931 22.8209407770466
20.6661707381409 37.6992882315696 0.328616417711601 23.2212675294897
20.9108824673541 37.1502387629828 0.627732419176027 22.4355145347784
18.3989231865354 36.7039466097705 0.61831207992509 24.3932317097998
17.2925380943907 37.3227392730989 2.20295254022117 23.2671227625898
18.9018107476277 37.1324369396645 1.01341100919294 25.4101014293626
20.2701949287277 36.7348253588755 0.762286254512093 24.1120206115663
17.0691087717262 37.4027749179836 2.69906833868469 23.2000610407338
15.3104941962358 38.5157262506868 3.21788286020936 24.5755928762153
14.5997269056809 39.1632584116168 3.84233064133631 23.1071289077297
14.6305280062166 39.3696959268591 4.12980499682812 24.0042126605183
