17.2458808863428 41.6607463359633 5.75992537313349 18.1281948829734
14.9976832823720 40.0051274718517 6.2015134275446 19.9961703750038
15.5491916918522 42.7042554407181 5.64179594628721 22.7219458552741
15.2522603952652 41.2621398204738 7.87624066579364 22.7397974858859
12.8659466597578 37.9617929756442 8.67195528838992 22.3129946346262
15.5841571204312 42.327668289634 8.36469918769061 22.3170986127907
15.3066655984096 44.3658267933077 7.95695193577766 21.1037594229687
15.0367927914433 41.784624490714 9.18833334651052 19.5531766673129
17.3607381135173 39.1172180383599 8.57509531589599 17.5668148507106
20.5792374284885 36.445915833874 7.9600640795165 19.2174333730791
19.9833026723883 35.2216879500209 8.12300965890475 17.1784967924719
18.8032360281742 39.2077976016461 5.99517918681167 19.1863236238799
19.9370499122835 35.0140922952576 6.36008964339644 19.4264169333122
22.3356988262332 34.927902905191 5.6001012080852 17.5252192453614
18.7030605692364 39.3645056401516 6.59697985835746 17.0499275812410
18.5226823701570 45.0166384362752 4.46203309600614 15.9017349685645
17.4443505366623 42.8940595639075 4.80836228002235 16.0416546002811
18.231432121928 42.8144937892581 5.61461465782858 13.3717788652450
17.6664690419391 43.3261224305394 6.25847998098843 16.3623543613524
20.0479682940849 41.3228600951048 5.55121506122313 17.3297776522980
17.1817942518600 45.3452465635861 6.3172642788887 18.558231046421
19.2761277822637 39.3119784839588 4.01090873312578 20.2217752803094
19.6974317297198 40.0184201219579 3.05296480115433 22.2548520602263
16.5188152301915 38.2783338759782 2.40278342198511 26.9035932756937
15.0422158656501 45.8751243931929 4.54460571568001 24.8307458106405
15.3142765896254 44.3079263950692 5.92447252913742 23.6692286347947
