17.8496154067686 39.928155154755 5.88177874183395 18.5376100018701
18.6214125953263 37.5677595528044 7.33002797478923 16.8666383866301
17.3556546326446 37.5005789765411 7.35976611679429 16.9737056074744
17.5795746738207 37.5270579464349 6.11874012920619 22.0988146089725
17.7130228787777 36.2897129817530 4.86116062120148 22.0738233173974
17.7244300679722 36.261755768316 4.18367153675616 23.1242497595735
17.9347997778514 35.2202457000821 2.82330847024058 24.0710981710308
18.6264129386244 36.0703204004265 3.52493580225927 22.3535702525132
18.031765994355 36.2653970596321 2.96548306952752 24.0010378759779
17.9867410852759 36.1469791821405 2.09974712586552 24.8314219261733
19.1042184289338 36.9762742766534 4.50193645509187 24.4950452274993
19.2383070456678 37.0895299166795 2.70556095947739 21.2563528651742
21.7530266618807 37.1557388003339 3.93588706345525 19.9233051063863
20.1719519444261 36.6920115077291 4.61821159140026 18.8635137882454
21.4030940832673 35.9997657947597 3.1886464021768 20.9140418116374
23.9710471809013 34.7948737880569 3.54271954448923 19.1611506725101
25.7799219259802 35.104253506789 1.53348964533798 22.4954280229656
24.1128228431377 35.6221170507924 2.24952824750944 21.2769914786854
21.4313964008744 35.6595449585166 3.26532862789027 24.6799642132186
20.9761908551137 32.0307039494055 3.22606087121012 23.8867344786935
21.1249213787314 30.5733567478131 4.19120382856666 27.1667912477218
20.7018672787171 32.8076296341072 1.10168619723147 26.8408104419299
20.0517573860061 31.6593263636001 1.77398030972108 28.581268386573
18.9822981174004 35.7504051606179 2.46500393352471 28.1942242352594
18.9171697150614 33.9416223088288 1.86958986078389 25.9614914186601
22.1554967470165 34.3748209589384 1.01037894242929 25.6837784868036
