18.3287427751799 39.5227057981739 7.6158030402283 19.9441800557408
18.8376014748049 40.2430044628183 7.67876271543975 19.8814872633018
18.7954912458938 35.5807268178525 7.93237068447235 23.4106744163953
20.4232567553198 36.9241290385922 7.33199762569033 25.1548680112981
19.6513116755312 38.9753000512807 6.25235115799345 22.9742773323603
17.4437532169752 43.0710213901563 6.02655994419232 19.8923729289803
21.3502005510756 41.8267008650087 5.84162750344016 20.8675209083143
19.6047633391697 40.2834688678354 2.70035381118991 18.5682782097268
17.3241240052166 39.2464995485476 4.83511456304453 19.1216195751461
19.8893936896356 37.4395730424418 5.53718050538786 21.4543829890448
21.4929670342835 39.8988124153241 6.49903932516017 24.1572905308115
20.3135440442298 38.1368280411986 4.81137102562488 25.4509225622299
20.6435266471986 34.3435893887942 3.5664420446802 26.1324663585532
20.1273569300491 36.0580004251439 1.14545809035189 25.8542205597427
20.690716007326 32.966670068248 1.87540075066499 27.1962831645775
16.2577341809610 36.2156844784383 4.43513664370403 24.4962251737285
13.0782947657371 33.4075784511026 6.57344286586158 27.9623223692844
13.2483233106995 34.2915753761659 8.39772177693609 31.0100280214675
13.4713884625325 35.737437001651 8.47941483421405 31.9809677042641
12.7587418561542 38.4925663054342 8.9055046099626 33.9926462928407
14.0597942281255 35.171294110583 9.0677177547865 31.5415991601177
14.2580160541201 38.6857832900601 8.49014701116052 28.3054694395559
14.1494375749562 33.4345737562867 7.87310333181326 27.9308563062968
11.2137033175015 35.7124945001252 7.61292354004378 27.0445269152569
11.6407039030188 37.4276816654301 8.66464058436374 24.958102887344
11.6154087046847 35.8738263393464 8.29133793721828 24.7377352036739
