22.3208052313899 40.8143352068477 4.22366498815728 21.8008692712005
22.3243326125967 40.7412203831082 4.17562597929401 21.0447834218334
21.0831817906793 36.7697885762559 3.01937372580051 19.6137747271399
19.0785406207494 39.4219897729004 2.43548902845941 19.7947823906221
19.0909160530223 39.7099154544788 1.77244874741882 19.9383274684937
20.0946781395575 38.4623082701258 2.11106338561513 19.8601190516707
17.2589341808942 37.4087487214386 4.22713940776885 21.830667729267
17.1545416290772 36.9983853877269 5.34642518923083 22.3490067820634
16.1131952644226 38.5853545703561 4.37067305349007 22.9517462325851
17.8441848819621 38.2535998143707 4.43456311272076 22.2478589236374
16.2293773663078 38.0866112645121 3.30079432953699 23.5021231870736
14.6547186442154 38.9751204095187 5.56324100591792 23.6773671403165
12.3542530171654 38.7288474991323 5.77029294198929 25.7248975481553
9.63670535088396 38.6889046683313 6.34155126361375 27.2573350622844
12.4608798034570 38.2275172007607 2.1779024282304 27.976945949864
12.6421398416243 38.6374092447909 0.832786545885855 28.6422685864632
13.5404788388979 35.6406823388638 2.34869104615434 30.2229405618523
12.7903444006216 36.6345057805406 0.639279877301306 30.0698924125422
13.6155034073736 36.4839827261734 1.71006282744929 30.4206722689639
15.1898647745248 38.405769866901 3.69611457660339 29.5542158664982
12.0350759563144 39.3366195422251 4.77903622965805 29.1254307720276
11.2684285060386 37.2151983992782 4.19972227299131 30.8552733454319
9.23279177659141 38.7943603813302 5.55272796884655 28.6729373465024
8.85933055897193 39.323900036293 5.73454293673403 27.3905323258333
11.1550774656324 39.4253351601374 5.26177443163014 27.7003815643644
10.6058251595213 41.2220766606343 4.61319446256202 28.8076689815303
