21.151562703307 37.1510106995744 4.29319942834018 24.8930627513999
21.1329478806664 37.1977240397239 4.64703042966476 27.6395467562923
20.8893046947477 36.4632633380236 1.98973382937884 28.5416413160363
21.8669357224624 34.5475105248036 6.05371797269372 27.4899760332281
21.9437005578852 40.4363424066369 8.05639161343171 27.4879010481572
25.3061577047533 42.6011685953390 9.06111496790728 27.4482818612351
25.7851859658274 42.0213372432683 9.96892335412138 26.6634796330228
26.051810948001 37.5452662203517 11.5075724898563 26.5438355499413
23.4924548909159 31.8092283383068 11.1367008167510 25.9851158031728
22.2388884069489 30.4183433628697 9.47792247177147 28.3454976299312
21.3120398994626 28.8919385601823 10.7699718437412 28.5497793586459
18.8220900435092 34.8429439514932 10.5904056391933 26.2463116821115
16.8721782898621 35.9829134550002 9.98196177014832 27.2568944909983
19.0735883971767 35.0565987614565 11.2866467315958 26.8542773070362
20.0872394552545 40.5047816106863 10.3241870669921 25.2633249292698
20.0090440471751 38.883951853849 11.1639441999300 24.6171954300803
20.6404557856492 42.4799311745832 11.5808464449463 21.3920300769236
22.5740214152953 40.8778272809381 10.3379009519802 23.7833000410896
18.6572723272017 38.6211619761146 7.37275313167882 18.2671632597771
16.8734186873532 42.3233597168093 7.55968308682602 13.5722662386101
15.6118203368730 42.2364230501791 9.50594423735563 16.156960685606
17.8069058661110 41.9418616184359 9.51572050853681 19.9437845860225
18.3432164215243 40.069470487195 7.30422037375208 20.7505271535915
23.4504613042570 41.4020856368681 6.73087737547283 22.8715140418933
22.0111659818862 39.7183049178077 6.2844219114228 22.8028569939060
25.0983978190992 37.3543461981555 6.41204328062636 24.8222449534087
