20.0022107032632 41.1216414572402 3.15137445374543 23.0996606844726
21.3234382696023 40.9753836931342 3.56269381923752 25.9950508262280
21.1574528768428 38.736819390369 5.51449655608425 23.6373014557351
22.9411030990772 43.263298973213 1.29727358189994 22.6701046372939
23.4355205876522 39.9524473364046 2.35437457915395 19.7086429079239
22.4137537453093 42.6118974012835 3.37533994344994 21.1540445513268
20.9862380578313 46.3401120529716 3.89412246015854 19.5954025597487
20.4155097139199 44.6039405217245 1.07126978226006 20.0206396548274
17.2388603692271 44.567810114365 2.67594663100317 20.6795866467256
15.2549745285326 41.7320514408722 5.57969092461281 21.3788626162532
16.2252040005663 45.1831921882778 3.090623378288 26.9633490821544
12.7216377992469 42.8600799258649 4.48105295584537 23.5266002692479
14.0952528043004 40.6015904088355 5.88447996997274 22.8241490317705
12.8662644036400 42.2018957399374 4.04759711609222 22.4920754149753
15.2374151952850 41.4173257900944 2.78887771745212 22.0636858321923
15.1688506024244 40.4192259209773 4.49832875677384 22.4259680384967
16.3978053842025 41.5954798032141 7.2189852653537 23.4325527955043
17.207751340539 46.4137171917206 6.74000873090699 21.1649076488066
15.573872395166 46.6243145932054 4.71504771150649 23.6970411554176
16.0814257257886 46.3821222410702 4.00549665698782 22.9042940349001
13.0824731693871 45.3265822721658 8.53333823592402 25.7079413276780
13.0574507492863 48.7009612835025 6.41779481177218 25.3306329068411
10.6631869136624 44.2227781117907 5.99349381937645 24.4193610171471
9.14828586422726 41.3042624719454 5.18239707523026 25.569801848109
10.4118462602320 37.2443538956357 6.5988735195715 26.8551196155205
9.76783698673276 39.4204059770344 5.03336071777472 28.7591109142705
