18.5801071381564 38.0283465991814 3.37765969371957 15.5964353552922
18.3915938955168 35.9010928502393 3.1825432776683 13.7610826238204
19.7965040201942 37.5440710052934 5.14713527843402 18.8125994836126
19.8692633849258 36.071644118426 5.0899240157944 19.5304867985804
18.056694760069 38.1600922736317 5.29894314572014 19.8268495497439
16.5444932953340 39.7715211728566 5.63728190963887 18.4376139638160
16.0264398301371 42.0833557882172 6.08864728919889 17.8231398207452
16.5460426010542 39.445499513374 5.33176418905805 19.5974834664663
20.4858062867426 39.5477396437819 4.30194199573233 18.8291839902228
21.1215930585169 39.2660519310193 5.79340798616394 19.4161832864335
24.7669646492579 38.9376641448499 2.90321949239805 16.6054188092817
25.2567695357521 40.4902429042035 2.93673969015783 15.3760054108168
22.2945074901601 45.2250524318428 3.96331594583882 14.7434050717470
21.7528860128169 42.2203407698893 1.51296380257538 14.5183219282966
23.854280916663 42.5226801435423 2.41591842658818 15.9670445385468
23.4263361586874 47.7611405553256 1.5628818848636 14.6299516639751
25.2828191767131 49.7152731590325 4.92131495266221 15.0320152652674
25.7189218072837 50.4366527804526 5.76984108262695 17.2847836551481
24.6376963711028 50.3669379053862 4.14160190784155 18.2285742921047
22.0315527614822 47.6296475970235 2.79304703387958 18.9363097709828
23.4778551128256 47.2850255692047 3.45262365409875 23.7218522087895
23.252296523613 41.5742286960268 1.42358073545682 24.0717093733363
22.5279737032565 37.9152434365498 2.32288668653928 22.976647778716
19.7543820684391 37.5488125968031 2.37062341743149 24.5607581374460
19.9420491914811 34.2253146979265 0.908982702065259 26.130499865942
19.2339228267729 37.6915820536442 0.960132571868598 25.4350562208224
