20.3775845990287 37.6868552747283 5.32868367685591 21.0269622291991
20.5528692063646 35.6097129825603 6.73813762930808 22.4782625196123
19.0590012027932 35.3449943262045 6.2484637167829 20.6665370649676
19.1449494397999 34.1844066409282 6.18535903953602 20.8619002909085
20.0604357401640 34.4229947689166 3.62993475418193 22.1213673264404
20.5003489767471 36.5817464652648 3.91611041916098 21.0984047016278
19.5443234480256 37.7739417016814 5.16049040619846 21.4524180133870
18.3808502367144 35.8651904669019 6.38623896306355 19.7305860876165
16.5070453770913 37.5712869137358 6.66437576689624 20.5841286736336
16.229319855834 36.4198407162046 6.75238977429838 21.4363150714991
14.9979655186484 35.5956585790453 6.48193000651764 23.4007758728323
14.7264445726990 37.9021878942338 5.67417512069314 23.9949620316908
15.8063290375050 37.5966936402445 4.1307308097098 24.8556137557313
14.8686192863661 39.4948394995625 5.22808979574665 25.1136462818549
15.1590557060244 37.6135443876584 6.34725568100884 23.5004202676655
15.8461141722769 37.3144946876430 4.8413208196093 25.9599472569143
15.1828255431552 36.4158276231477 3.54257647978336 26.4176462568184
14.5444371486636 39.5539290444443 1.70147389755584 27.5641687517827
13.9927802999126 39.0831511558435 3.33202516240999 24.9031363041226
14.8698841985868 37.2369821185259 3.87540214690271 28.4905323621160
14.3494817009749 36.0008689041262 4.06189416694155 29.6005040800473
18.6649547657551 36.6799816095283 3.45828790353311 26.9867036903551
20.0802916344809 35.057788994614 6.58535577865018 30.0852710010758
17.8010246659824 39.6074692443795 6.50272643244963 31.4003930531716
18.1409809495518 38.5606475598030 8.9031152739669 30.0521121157607
16.5399632835025 39.0919547765366 9.23153886529754 29.0880930137163
