0.365088748637163
0.31816253357897
0.485452041107737
0.473757460046136
0.60269900228227
0.554853153492831
0.518374920121715
0.479001276471973
0.490296478427336
0.381263750477798
0.407957721234404
0.388307553355686
0.287491215679399
0.12673958135543
0.0922936821426967
0.245869569480419
0.122688405390679
0.0301161147188395
0.124831217480823
0.152808162430301
0.126479233289137
0.189445807505399
0.138439777995662
0.031691669113934
0.146243774937466
0.107085172319785
0.239830193296075
0.187138445721939
0.24820721745491
0.280245093779155
0.359557077209456
