0.487756587415279
0.584087635846154
0.58967800116101
0.498557593477235
0.641102008604721
0.558190273064466
0.490057422862665
0.458356996056901
0.385688038020672
0.444904121048094
0.451702255838828
0.352574881874891
0.349308839823054
0.375267576622711
0.567166635776804
0.690092783338325
0.720237127468855
0.557924072361486
0.464707585806893
0.613704937058284
0.523680495810478
0.451597546986087
0.648876112154467
0.676892581875218
0.478051146459548
0.531382401743892
0.529091126355868
0.511638525664401
0.548633757148524
0.552534249505394
0.475251929495849
