0.361877740964053
0.449065073810277
0.477315041141344
0.342331864775849
0.287480494564158
0.425457854717886
0.448829455869189
0.343181386692366
0.384077493529683
0.488226158879614
0.374274490503511
0.339472854891708
0.436155015984466
0.651075570806777
0.553081841589799
0.513999662697232
0.60692226300939
0.594660941846585
0.393700234275228
0.450256818182614
0.365423457936816
0.459068896768116
0.727271244495608
0.857184604841717
0.855989360583447
0.851843115348255
0.789025033438464
0.805889446228628
1.03008440130938
0.80254558835726
0.736355730874304
