0.752288035235846
0.80507727645106
0.819238906565601
0.78601742694566
0.67323510824183
0.566932377595845
0.577004814710859
0.690029898266759
0.849598666773629
0.741258479283353
0.83820273760986
0.647030514490795
0.587385334586152
0.437287063360036
0.412907469667317
0.503163833426134
0.501966830458314
0.561420511476518
0.529632223067473
0.698108309596445
0.661832389981896
0.51233167126909
0.615248718346879
0.651077898070529
0.785366735977384
0.849047508693564
0.824446825214925
0.772717776939743
0.678123673888393
0.595531218404421
0.445988635438033
