0.279017110094463
0.404401087686455
0.437052054582199
0.710110688554158
0.597019065376406
0.828783395998215
0.747483489261975
0.634688193183427
0.606558444323053
0.672177381366526
0.777536725411226
0.753726087808644
0.782744307462161
0.745303040528705
0.540843221796711
0.629844756489654
0.665490275733208
0.437388612907415
0.312385109318455
0.399598810793867
0.379876240061432
0.352527408990123
0.339599829203494
0.428184713180222
0.428196078691222
0.273654922203682
0.464323048725314
0.638607920998298
0.625498722925373
0.624934035785087
0.533069282177426
