0.437256688818674
0.419607673686337
0.500679890260439
0.580158444548365
0.464464612499218
0.716295859551396
0.568785429148343
0.713347706718709
0.693162836933847
0.78364850860868
0.804386889430102
0.566991163285788
0.70106111053225
0.524420287281614
0.72928507850353
0.835961305264723
0.746033539584246
0.80625646864843
0.89694136372615
0.928691740302421
0.837601594409026
0.805330056292988
0.720580571369376
0.697859227509346
0.710542621129301
0.61036125825822
0.53636882555775
0.712069669962969
0.572950041006428
0.642081517811042
0.521589048990157
