0.217266257623313
0.0940566369836309
0.212740025393767
0.468039813455296
0.32805456514853
0.463297864146633
0.466809810329331
0.513298211436821
0.664935488583622
0.559075798843158
0.538442099470747
0.605599294001339
0.709849456375567
0.634062435854328
0.582006533308057
0.428190533541245
0.283249047122998
0.195130148141021
0.375631999580497
0.442585053511272
0.397962099204148
0.429466385936672
0.466024717904935
0.667794089887599
0.752340195497806
0.703885970853577
0.708181456692825
0.71636189439551
0.749624560839796
0.781999177924657
0.824799007150644
