0.341498679553794
0.324292398549321
0.331823502836736
0.458507661458092
0.354866324814023
0.352881945513176
0.241972748611135
0.545939626872552
0.579737391790388
0.56288644499333
0.543451775705454
0.554088575907064
0.596525749053819
0.476423376055447
0.53491951078364
0.605888346258563
0.689242917208014
0.569070657251415
0.734799866985542
0.553552282277507
0.709875115381566
0.61203952194379
0.674361626852316
0.778865113856284
0.784797121632857
0.795344701737178
0.754205906765548
0.750540029359975
0.88990672823041
1.00218732767738
0.957724100467864
