0.676940586283907
0.581030805647477
0.614539649296656
0.603073481988266
0.524405124556377
0.755712706461653
0.712293472007021
0.599172907235205
0.770583898812636
0.693215054744959
0.813968158008762
0.889196272853993
0.917688629504524
0.709360265786059
0.584811999144264
0.68762342526224
0.681729906952199
0.772396470155758
0.861238192828563
0.778495499367085
0.819901012318399
0.776769454419803
0.682189954646122
0.600835478879702
0.414906949425307
0.357955545807448
0.38301767326538
0.396261912739095
0.465695931451586
0.400119781788629
0.459144493812886
