0.983823173871958
1.00028293599072
1.0166013141721
1.00000591837797
1.02758743188606
1.12773727801439
1.08184694159708
0.99956965009614
0.889877460812471
0.822938123493708
0.728350082701132
0.736396185236811
0.548347780828192
0.688756262000035
0.4746665664961
0.561810331187528
0.497698196863141
0.445356366738062
0.597065721034389
0.646388247424122
0.61575735202184
0.609945075494554
0.673505152157824
0.698719963618871
0.538264708129074
0.663576993673425
0.662518316881116
0.692255385128166
0.794547354704193
0.929548874352551
0.913131531715839
