0.585283559519895
0.54154787259745
0.389907838502997
0.50107170483666
0.553986530663544
0.447033340908685
0.531465327791968
0.55041763131144
0.605220517708588
0.640921156933183
0.696354529061938
0.674529978805805
0.796936536566938
0.815376925268794
0.645152941891576
0.67011077505129
0.680847596296156
0.70276930240267
0.709706235083798
0.641517169506336
0.689934935945133
0.704894932790706
0.706053029106045
0.694946658250923
0.729515658099868
0.802907367530011
0.965254684318521
0.88976267082712
0.737360279356151
0.804525077376134
0.59178127961754
