0.515188902885543
0.384679412179516
0.258497487603577
0.168245191628935
0.173636639387237
0.413184969582485
0.49225141474873
0.561807935814263
0.669844878454583
0.686210827053415
0.687209483598249
0.742886999052839
0.820132146765368
0.798598413438426
0.863511834722939
0.976739433138626
1.02181859888916
0.966236827819019
0.967115158604801
0.750573146267205
0.747644594282254
0.7048121130265
0.535952695010573
0.616056370193481
0.764958558947191
0.641337438596755
0.676704563357279
0.664214250089943
0.569049460094667
0.563286471765733
0.694966100283043
