0.49772988118254
0.56887542701349
0.590401382437199
0.513053870918453
0.567301957560927
0.627277051815987
0.576764339646548
0.34224085860908
0.34639516167365
0.346480876784995
0.413333636075482
0.439297024412304
0.456865893602595
0.390005563248909
0.510249021902426
0.587380438318222
0.570055962886407
0.416334913924082
0.508861964309334
0.60866516499941
0.569527194482952
0.562419836575747
0.40062025210692
0.383590493750408
0.320634132603765
0.291347327569463
0.310432861672678
0.297765665009582
0.275201221094487
0.206389535362853
0.226603899029504
