0.733169641364956
0.766472496996293
0.643362870226273
0.542886832515368
0.464147059592077
0.640847441371517
0.612580351581783
0.620575281376005
0.674199049830423
0.610203266613172
0.609466154178591
0.629982856478528
0.649249423578368
0.550652316262932
0.548314029121758
0.517428593294681
0.537104971058653
0.50121100545388
0.408822132931019
0.405202318546291
0.489036506931226
0.414911992595918
0.511433295187927
0.285315858843846
0.495247745924739
0.545442744336201
0.711555146603955
0.54857694710709
0.626491445993183
0.502367089447675
0.323080305653734
