0.54734885997134
0.49659976663063
0.484424687148954
0.42000802836376
0.569725103741463
0.719185862382825
0.71148184218439
0.621746083181303
0.757918048808302
0.80399452677923
0.932594691654618
0.909679757928575
0.92653566331985
0.723766779000038
0.784760353870747
0.793765613686351
0.604711671888886
0.71060671454115
0.872785203687904
0.837476327100826
0.765940199902339
0.755278506333066
0.54350519288412
0.48552145223214
0.604477864141453
0.343335052217233
0.185814231551129
0.360839330647949
0.509747505198109
0.428049596455756
0.523465369460494
