0.900407123729752
0.860342585506083
0.757219130058007
0.659366103472353
0.652377247788177
0.525209772331805
0.509596002625985
0.536246768769561
0.567939703085212
0.548043804348199
0.45780400802636
0.421898929711904
0.399928443210672
0.315245341632988
0.274509492919321
0.311393710898341
0.311117394661637
0.366453096803383
0.592882676489757
0.654749354787277
0.658699656810717
0.464990436073498
0.508344551010163
0.514630016239466
0.549029257914157
0.552251310667129
0.52827638324547
0.419006469773235
0.399391895879166
0.307599630924903
0.379582445669017
