0.591084159075005
0.613854172129838
0.590335046828447
0.697275257599119
0.614725845469672
0.53888839999524
0.531264419521513
0.633980539993691
0.656446253408985
0.65951581536171
0.697303345327573
0.549819646117585
0.490188960631685
0.53027724380915
0.428545925480621
0.471029478351893
0.442342444946525
0.547718277964276
0.2996568205948
0.273013992998284
0.28289765624283
0.282893385249665
0.318051200802934
0.322385969362718
0.352065137425002
0.454676872795012
0.421790638217267
0.489429215039623
0.575506640761655
0.569779164786947
0.671820295160201
