0.712650433456321
0.679786302841995
0.720381363475491
0.878799477746206
1.00503188084752
0.840214959177533
0.826435774303386
0.864943670882939
0.824807317583917
0.656311280821545
0.786842815209045
0.987101859183847
1.03781386069381
1.09599111544035
1.12673972703928
1.0839224488997
1.00752195349181
0.964602317768026
0.874101933175923
0.773776868683452
0.739956114847224
0.736176053747546
0.654913379704591
0.525466141743597
0.584839773719329
0.627488053153399
0.614534226817036
0.496723272959932
0.584635223606774
0.609404480429539
0.664532487718561
