0.256223568781087
0.320199517574901
0.424783409552727
0.409132635751671
0.522507574940032
0.571961615439436
0.650236381376094
0.720298501495204
0.549529157737202
0.471586781712181
0.342364064017243
0.312202609302408
0.277011776168244
0.359205351222651
0.309440001658613
0.467080508471688
0.444375768496225
0.54980360335348
0.497515873849893
0.614248234831298
0.620048110938201
0.609445229199966
0.550589175922115
0.706191429478479
0.752535785386312
0.694219969982254
0.687076313491884
0.643404157996151
0.80738353801516
0.846454347833964
0.85970249178913
