0.430074321049678
0.335266188987943
0.256582335605699
0.201510859314676
0.246822806528162
0.159901886979442
0.164199605351314
0.19161848933436
0.0745850927662104
0.0526706342585385
0.168340566628217
0.379422203790932
0.398329085916817
0.320859280239518
0.365792069654193
0.273282793374014
0.293749330868226
0.164585067401853
0.188086510282151
0.159267220664911
0.192676115551107
0.286915340556838
0.465162421207019
0.497667099809613
0.488827102579516
0.581324667618018
0.483446571085941
0.470015757432547
0.436435004597869
0.398263343697753
0.478471326310527
