0.47648984688919
0.486834412409253
0.401785893799997
0.217950786991305
0.262609203174971
0.328758441671989
0.380007913630716
0.319757632740102
0.10424835280349
0.313005381578779
0.542587594723529
0.375026510877735
0.236745046440712
0.2560883256497
0.351908662169402
0.157516754976636
0.186893971636122
0.133760050570955
0.189001376310647
0.301030531915865
0.181725239911146
0.107652319740887
0.250116992443741
0.0877410064917058
0.126323489318702
0.194307058616641
0.206361884935135
0.21928186205619
0.1523322143446
0.22793021489338
0.0666279126744067
