0.425390043529054
0.440881774109161
0.474157307756421
0.542603148560328
0.645152777520296
0.791431511057717
0.785112016651956
0.856355026415943
0.943910080292656
1.09001366431399
0.987630517101585
1.02465839945823
0.980642054742182
1.00883843103894
0.896657614820482
0.925837530233742
0.868340951317808
1.0111342677119
0.943733807385019
0.891793822648055
0.70867313953308
0.685194287972577
0.856318482488445
0.89764676467707
0.873818894172207
0.755989690566555
0.729679058374957
0.818108583064082
0.742965288329201
0.641482022506448
0.570110719752761
