0.586567573538358
0.737908898396726
0.766475281687762
0.749476904571365
0.737216632962535
0.67342657224306
0.700048295185278
0.660211529406096
0.527902549375157
0.541148833846982
0.482203012807603
0.502758620968397
0.481370984772529
0.486304671280395
0.686778700221639
0.70257909965197
0.621201461567156
0.788532984875687
0.834203726870608
0.98328669916619
1.05772216321838
0.993020656061666
0.978093228637548
0.76783946220215
0.768703236043561
0.642081489538881
0.790747911328557
0.782193412989485
0.720910906916592
0.647963959010425
0.725126411844152
