0.733068200456121
0.835871568950035
0.775971673088943
0.505218011732076
0.310650576311027
0.21173633121406
0.125941959661295
0.157759671300205
0.322483300478684
0.410852261713095
0.554307350317337
0.618099505069055
0.731374147055992
0.760118333330699
0.927734903280013
0.918061942780711
0.720766431640262
0.716811836638848
0.657433535752247
0.641638064000184
0.610493500146443
0.560797305207128
0.585198425923075
0.535628376018788
0.4661080436805
0.516374032714005
0.428782836862441
0.389474565588854
0.36103283609914
0.402489450999521
0.172268287471481
