0.441136129475667
0.59920637458144
0.742981078378393
0.907953367331534
0.847151725455656
0.852891157283916
0.758796658687979
0.86629843428525
0.884568387230661
0.998542592961144
1.13030184973723
0.877341612714739
1.04771556390798
1.03715303317302
0.985013389848001
0.969210512765135
0.923659739938017
0.816197976811241
0.733272161117207
0.817153369650628
0.788467106238391
0.702171250354882
0.656587607708212
0.605774649760138
0.591040887419518
0.491459839061286
0.472268251112114
0.578423765986653
0.460759660075846
0.405551419812682
0.354954759017991
