0.210225301689178
0.295650086399809
0.296974945141972
0.275897134504926
0.319170216248243
0.288800814944192
0.415026847890852
0.407807052287547
0.481058527169092
0.675369099214016
0.621944847342832
0.582083950017853
0.662536355306668
0.800683724333806
0.63341232339227
0.774798406114144
0.731940278682596
0.56410005892787
0.617153093164524
0.574667280206195
0.651531954101956
0.809645469013339
0.824363664436823
0.758239072832948
0.815366684870532
0.86572611973781
0.809708951452485
0.687774355122171
0.620608237915955
0.507704918430469
0.412912810906947
