0.348587526776133
0.372057171514494
0.290801247511295
0.521805595489455
0.657943107117204
0.763080796482278
0.781960602263699
0.766935133301432
0.639766995767841
0.74004270427
0.79386292828318
0.710642044824327
0.502228048882226
0.486814348465542
0.590759829125145
0.587080485486204
0.532439243300596
0.610192847783456
0.676782497084478
0.639798813425714
0.669681878336747
0.765785601683934
0.639720540861641
0.62569646290042
0.63160334731922
0.480077643082519
0.606725371764083
0.580234457780649
0.62064716442958
0.867451762962197
0.758785125859231
