0.343715854478523
0.346028442145779
0.524337133462995
0.380064515048161
0.443531099218398
0.396526825498312
0.51838391257961
0.667328643077507
0.698896093105877
0.776688610620776
0.620858253955821
0.635055179519558
0.81796225595335
0.783219721327075
0.71456999771344
0.72250844023136
0.728590853483803
0.574476394075356
0.69654447112178
0.832965676156674
0.92083843890192
0.895655339114237
1.06459059328387
1.14696180241598
1.11847014725623
1.09867301730213
1.03409024836262
1.04161563056975
1.06278052282981
1.10963003790918
1.1167231638604
