0.783824518398297
0.863987684418363
0.683569878508252
0.586679470009086
0.70879081374119
0.577083832006251
0.592356288041269
0.561884400229251
0.566316003007164
0.475963997721017
0.695133089433701
0.588355617291571
0.724049670688153
0.767921503280566
0.853258908559845
0.823278331916125
0.827491856106834
0.858771659779639
0.772273686454908
0.651872083704264
0.711087645656706
0.680564061898083
0.531608088008405
0.567941280520798
0.508946757131533
0.396020613955032
0.178709902772379
0.120159441349274
0.152445271867505
0.149340409142587
0.148890692275017
