0.618684433088721
0.751769772465424
0.57261544406888
0.560815603532911
0.622929172231415
0.604855501077186
0.722801259559128
0.870708905093852
0.660405887410525
0.757618017334971
0.747243166919139
0.781959588564274
0.764371262322453
0.720592346339759
0.587511508138192
0.517710158759069
0.594787937001598
0.649798022973624
0.542845088447717
0.554942725290817
0.609920499398646
0.462202372326788
0.319340759068069
0.307158123955126
0.360430324509641
0.403891881894222
0.609418361879787
0.484616669140658
0.619864078216327
0.489841074800191
0.464823325933961
