0.391093667516515
0.546629220912263
0.516302437017428
0.603165011674854
0.615272533622327
0.517518625369984
0.5295420664444
0.608553354683089
0.701013630182323
0.774818070997325
0.753805198353556
0.647387711956007
0.577506360431043
0.684887949489829
0.686922075479133
0.702272197204483
0.738890858153654
0.618081704825935
0.746800155165446
0.627802284090436
0.422835611813358
0.577510403125203
0.757305092346511
0.581555033177725
0.615230932767159
0.628909051214001
0.568452382868114
0.51540244611721
0.53102027018364
0.457357266999739
0.407673033455344
