0.46480373163954
0.445321935101082
0.579437376849955
0.582630207354804
0.522877462406313
0.423279798554858
0.47403319884338
0.484622507277733
0.565549237063011
0.549670221968142
0.70609056976117
0.848162145618869
0.916045473419227
0.851314899414875
0.722517113383957
0.741762990128346
0.591079669889505
0.480782269617985
0.370632259432668
0.450680782111804
0.484903469333867
0.346272379954909
0.441108153996621
0.406842674038936
0.542947748725866
0.405837513230373
0.615600767409061
0.693459715790679
0.807324796313052
0.942761058760301
0.840803901226686
