0.99726456790138
0.981403091642074
0.910923944412731
0.857807115091942
0.836536087019444
0.879546126706145
0.89027336578033
0.766685560840733
0.941053570184476
0.863072070481909
0.814431155522076
0.823677209767235
0.688678369953019
0.717537665835304
0.521161222320703
0.456266438404751
0.410301846920234
0.286677133015079
0.255081817044607
0.28036507009781
0.292871555176294
0.221535600831173
0.221947369329296
0.221546013723723
0.295833688486032
0.219445583895621
0.307535022115229
0.40376632101751
0.294721106578699
0.397857827892252
0.512337297684011
