0.569070801935621
0.484001339697741
0.587487013829403
0.609591579488941
0.71678561028605
0.725827051192053
0.690703631942623
0.785486099424999
0.835492080611404
0.953864850358333
0.946107593619492
0.907346985557343
0.79193335056607
0.567141051658656
0.684663013995852
0.442635804576095
0.469997099529247
0.513544334260042
0.526769408931251
0.433313408467957
0.400962183738165
0.369834590351247
0.462032781003081
0.470738045682588
0.419288569732958
0.426639361723715
0.301065245640853
0.396963715830276
0.369192869027534
0.514813258310238
0.474615819641452
