0.580537301104306
0.603106165526225
0.792930805392353
0.71462870080748
0.728670860210223
0.555675344949378
0.416016051767184
0.474485681194602
0.573672056652395
0.553931695583997
0.637885503832041
0.834243775101168
0.873357121402187
0.747754305682866
0.607261695096059
0.665634186275093
0.753751385107426
0.689117624575317
0.4913664580435
0.481194676842585
0.48031951697734
0.590737617539286
0.68375700713326
0.633899490825876
0.61333498439011
0.676291892176539
0.489447138283446
0.436800152028024
0.480753877677068
0.393199316628932
0.335117648432686
