0.783092390039749
0.79284565932285
0.816108709472976
0.938033612176167
0.91634109151675
0.808941017008709
0.700737640924143
0.672093161764877
0.511937492165105
0.558793901103871
0.578961275027777
0.515321058010395
0.453320745819892
0.418701020696844
0.298817503986592
0.458725536729853
0.361809360444258
0.284216353226165
0.267116860741461
0.0967859952244908
0.11437593250756
0.258455607157434
0.222672360718484
0.25775954611809
0.325752608104938
0.399039097781622
0.504384678855307
0.390162182479865
0.460113950650295
0.360888177174231
0.402411854238764
