0.39682200031138
0.256632134148543
0.472117628220161
0.486286967683276
0.594618968682056
0.589205173931708
0.692785285150325
0.518705555859646
0.508712404876594
0.515450838118438
0.687838383301739
0.746085278181006
0.552458422029038
0.505185949030769
0.679594365760189
0.715420419001315
0.740876325290013
0.609010869008783
0.673648503213484
0.640219672839451
0.521941784280646
0.443759438279379
0.445090595982332
0.449443145538974
0.572793238308586
0.724082025444441
0.79018739594736
0.899989502761819
0.928634968707319
0.879449169039708
1.0129313729198
