0.204673880827299
0.141919530718273
0.119962835730985
0.237487879488617
0.285387969943855
0.354200325436119
0.356450778778639
0.294115655191239
0.257357235543483
0.20196447643643
0.247849826712215
0.07341179839527
0.0964976052753627
0.124430322553962
0.199533415187823
0.20012116615914
0.165921879813748
0.111934228241444
0.212354980781674
0.249242252975484
0.297388799141875
0.396212377983859
0.490612273735708
0.426168648535645
0.506073040059096
0.499666067497589
0.393203691724472
0.410838254406833
0.372229355858423
0.198985522403982
0.361652350309905
