0.510036504866359
0.589610357621489
0.720679686955912
0.668855503799198
0.687772439272878
0.490980928709534
0.567920581150604
0.50282063907179
0.484784336256298
0.468546258200394
0.442296970550405
0.428068521906125
0.33155631268572
0.341783592097349
0.336386522130928
0.285201381605006
0.446449410861246
0.598207810466997
0.614893689324967
0.755826818050704
0.577998891232423
0.705373598441369
0.681907333053536
0.605096982179097
0.614552585633359
0.73582248156134
0.825121558714228
0.793365415592475
0.827258672406985
0.682312567606657
0.497918243222027
