0.35923670797289
0.324762460558271
0.1895102368822
0.338097065236946
0.246405912772159
0.346955221033076
0.359240088215318
0.331559216402269
0.335644185480855
0.301331708750881
0.323938104541234
0.354072243052728
0.456443606068573
0.40905510860794
0.55135664402806
0.528084010568641
0.586314517756186
0.607308000357084
0.563144619188465
0.646683970264353
0.730608100940667
0.545163147974021
0.571774532444037
0.652586318043794
0.464786760000314
0.476304431697527
0.514703121916722
0.385977759347628
0.440199135304795
0.306466196584881
0.549282497787283
