0.462095541234295
0.596231222066263
0.495923123189415
0.48213016512541
0.713910573261956
0.727547830315682
0.700536179235581
0.858581739776212
0.78224163299464
0.788611487970132
0.69224415513449
0.568772119225418
0.686623585305592
0.841251201403743
0.693508386879643
0.703564213166865
0.795067598807546
0.869160959597926
0.949956219185393
0.962437235814825
0.870010786474988
0.834879962372899
0.7969309091748
0.791113844485327
0.614729549893483
0.612036264938607
0.536223214230805
0.632460960670679
0.629593019345149
0.759910814016431
0.75716718972598
