0.597565879925543
0.608904800258034
0.567554342766681
0.699563244470784
0.838548952733555
0.830932535809853
0.568141202276029
0.603020136963033
0.730459578541496
0.783949052515828
0.711127323490956
0.501627693717756
0.633798489413612
0.677558658152276
0.712127088946789
0.768470235732883
0.509192483365104
0.697180216112673
0.701892665266558
0.635880748327389
0.582698606334534
0.680764482999151
0.585308530498226
0.421834363127058
0.637117716055294
0.421347976559703
0.48171092457131
0.552213671468128
0.78632868187495
0.722992029534634
0.753754846174251
