0.184783397470717
0.372166989413206
0.299480720698018
0.385998194008251
0.25406895391189
0.370408913488616
0.325603117602994
0.414205094515462
0.40860458779626
0.414839376784046
0.545964054758777
0.449116916018654
0.546692820680444
0.442026256206562
0.607501424471964
0.485521781952237
0.430038433564012
0.580554748880793
0.549244201923837
0.552369747073506
0.536745614693616
0.416301952117698
0.459553300730528
0.562770516473443
0.515494836048116
0.479673375022491
0.619786730381553
0.430691827434008
0.465727411649083
0.59842137491413
0.518180693891724
