0.687848746595437
0.609932724950368
0.589968993011682
0.54044233519566
0.601384299536987
0.52665014221315
0.547973046414375
0.64149777843599
0.853097540801211
0.888471143839615
0.904994433846059
0.781224498439315
0.873059355055648
0.71966957988431
0.739444695345543
0.714232164049151
0.724732545563581
0.628905159808272
0.735163849839517
0.629979502005079
0.579197951364745
0.541308850799711
0.603287425815671
0.605186947660132
0.795071771779641
0.68647718736118
0.672505112263917
0.635452376111954
0.750113459901496
0.738401585716366
0.630707757865622
