0.444769506117476
0.389783133015183
0.420169865207893
0.383730415076164
0.468626226212976
0.505742826227246
0.571293043259678
0.553227915249912
0.41115065408699
0.364848031856267
0.292678310267333
0.27991579543956
0.514119807501961
0.678573317077008
0.811822500634935
0.647588488223028
0.548128804949177
0.539074849302946
0.503800761804981
0.448262265103934
0.475476320938272
0.458683911443753
0.543770289685962
0.530437724510592
0.450267870895949
0.566601261062932
0.54218022798599
0.53818301026189
0.491793108903256
0.533907396052417
0.387596981259447
