0.73678334003572
0.782725662526457
0.763783631588115
0.743173313162072
0.749672309144182
0.642127048206461
0.483662446756793
0.380420364002643
0.439541913784055
0.511224383982776
0.582274042936919
0.495896226522459
0.703952593804283
0.631890201271457
0.727878901856897
0.796315546222908
0.978740723692758
0.906005853722749
0.719753360537096
0.489075933651282
0.66999815029393
0.656817745485558
0.839511876202403
0.72580338676761
0.719787376023112
0.604530157528007
0.784636616434091
0.857444257202679
0.886100299337068
0.849298202635524
0.967375506663499
