0.904752522263436
0.879209843020647
0.84930177249363
0.763453203415259
0.971978117407991
0.992249214400907
1.03147673451406
0.932142377999327
0.975557064119328
0.92380625462964
0.89877507530026
0.767036192509009
0.831403839978053
0.773721689329146
0.398508717090486
0.420989322446881
0.56453579018697
0.438970636221243
0.541996343916876
0.499383213155566
0.459678669524042
0.326837502856402
0.373386804489997
0.331844117597768
0.40376664298875
0.517448513641113
0.555309512105861
0.500799404655674
0.521188219416046
0.337318446592519
0.422322695155719
