0.644818519830499
0.610389620002155
0.538719349197839
0.731773264549468
0.690311181481723
0.539194182941486
0.512588929926772
0.264529228752275
0.26302881430069
0.267369648750667
0.356232501672411
0.440799057356844
0.323021270893693
0.379417001714579
0.446145999224506
0.603870914762489
0.560169289426527
0.618226570894591
0.549894027577362
0.616534479174412
0.709499281949944
0.575837642958037
0.664044474850303
0.829635465520168
0.746635051912362
0.473875088340337
0.356262204612339
0.417367000507856
0.355763648732299
0.349292891195709
0.417338113489295
