0.0695537772781875
0.0365088589023799
0.0420773616991937
0.15238252109848
0.247076383400538
0.247326802210712
0.371506628049367
0.42181023937232
0.550225345376424
0.624828421515889
0.624127853760041
0.676100884747232
0.640636068812112
0.450379443444783
0.620539872671017
0.550033010906223
0.584566641590241
0.510781028625238
0.424464027947429
0.588507939773295
0.819198252624515
0.847954881135989
0.809231790519003
0.772453537947181
0.714134340771157
0.888741177125517
0.750839867201317
0.690292315190195
0.839092674949675
0.845605454599022
0.783302071230024
