0.64822191046311
0.62955382470733
0.609804357399628
0.625539252485544
0.794745996172935
0.724374682267592
0.840025754549936
0.588725304275215
0.405057318273395
0.497458564301416
0.47514330437167
0.48874810647449
0.468923998319046
0.550953969699872
0.536579043525812
0.470173129640129
0.313996578328509
0.335357018135686
0.414017643180749
0.511455860740578
0.619288709859436
0.637408550735692
0.446109589701648
0.525650216965134
0.610771750146653
0.62884690859368
0.584093179134781
0.609077506605665
0.718400005810092
0.683129228232558
0.594298226153607
