0.695532141700306
0.542307791421109
0.522617309754634
0.473107722240718
0.610448444334077
0.599668419153648
0.716323559337514
0.735940405286135
0.620017978461396
0.63437617598654
0.524070318328154
0.493419564753708
0.491497997805413
0.401101151253965
0.408704387308967
0.431540656514403
0.448092680569675
0.417280096260514
0.392646088580388
0.409774799401658
0.239302031572085
0.386214832232441
0.319166123976107
0.327958900514293
0.283051060405795
0.204947414468277
0.177706854816841
0.158672903132008
0.234313906243385
0.353526135746704
0.402171351693885
