0.546607701443552
0.644030030453994
0.566646886580109
0.620732094170942
0.558829522654831
0.640876476755782
0.754982395526438
0.892171224998217
0.83903211271381
0.9094005198217
0.803814693294406
0.920047729821816
1.01681941522838
1.09336858809322
0.945892778070195
0.819460705755019
0.758247337437907
0.543864379351699
0.394605595100412
0.507422303030008
0.540910563658664
0.667849508993069
0.629742887560354
0.625062723588274
0.722159420656665
0.597024324075012
0.551975950789331
0.406202042759089
0.463731249007089
0.559929560362054
0.469049405569072
