0.682106256102658
0.742093054847307
0.727250475845746
0.74747267494861
0.731014503249414
0.906753639541081
0.998726694234336
0.943377233981649
1.07422667733798
1.12075795450776
1.0019476409053
0.912456578480225
0.90936291147783
0.845711553234752
0.626921052251156
0.683294664740707
0.552114123150851
0.678389616914238
0.695358829850476
0.673401142887916
0.664996272929158
0.65246589467689
0.48879724419504
0.565541264506202
0.541092535060044
0.649012856928776
0.58146464279681
0.711593631420429
0.783193038755082
0.634679384321891
0.632385296446257
