0.361140249818052
0.487170705021779
0.329176611089567
0.435260384166102
0.339029609660257
0.486108562226046
0.434961785857204
0.397170561148424
0.389335576755602
0.283290212772462
0.385368590088237
0.59809492526916
0.565752717977066
0.54025863770407
0.652493918854859
0.661382123017799
0.596937540341284
0.582385954195749
0.510160647872951
0.564205206312488
0.298633194143202
0.449990921681344
0.359348533143818
0.505627157251995
0.648226924698513
0.518873506217908
0.485064881846022
0.545732124514591
0.642645396377604
0.776673740932431
0.721441500626217
