0.723287229361108
0.554607439860797
0.460296263167331
0.327777644660021
0.287753590469877
0.331032340921158
0.193461868812958
0.166952507098834
0.345538637129287
0.358442668564314
0.340037980157579
0.485159144500872
0.47849928945142
0.696680749569341
0.622405826987951
0.530438542197603
0.404615946457865
0.462458792905467
0.37003569367263
0.392594947546939
0.381848482249523
0.379625679107601
0.503583874853546
0.445132444679955
0.439509363195822
0.59111351468876
0.615128826818392
0.62025441129915
0.655107704719897
0.416548033004067
0.56364159359727
