0.485084738435096
0.475693912284321
0.702312957674137
0.458323899602389
0.406695799847937
0.402627144420391
0.387448059480509
0.281390243854246
0.271723691133671
0.304324992878251
0.284157549116649
0.246873893022426
0.187149459407248
0.142963281836875
0.160173917286612
0.0487400582177052
0.1102511419449
0.171036442695186
0.195194493187591
0.273800496896729
0.183577127102762
0.392472637817264
0.356356496782973
0.387622605688086
0.338070005183255
0.37658799298829
0.484799017512934
0.526577413024144
0.550988955365257
0.411095381004499
0.3691830549275
