0.904498570692086
0.768145740637847
0.830894425604784
0.9867034735161
0.980221964109045
1.03376882911409
0.991159177913618
0.98224653258669
0.944117052172553
0.728952773585226
0.833818971150796
0.631327864871602
0.708384552196841
0.864867428335603
0.834401177167203
0.87053371884864
0.845419842824379
0.72339003172707
0.649686547583008
0.628303853125939
0.621372195455873
0.489285317372227
0.665346429573068
0.807684265479142
0.864113517787004
0.854220192722672
0.79573361112892
0.731352658226471
0.745004951889943
0.571454273472856
0.550552474410589
