0.697442746757975
0.738124686842298
0.742916884179193
0.766745910746011
0.68243035710893
0.694383487659612
0.644869773165323
0.40818899667915
0.579240903380327
0.56826889941562
0.505010943042595
0.634956350617592
0.83869558383945
0.701132471973557
0.688043208580945
0.638074599087719
0.404998979226236
0.423877573453371
0.518111767221723
0.563070294514779
0.386937104279656
0.402463520292674
0.561361771051321
0.63523792212132
0.726221255971383
0.825114257693555
0.772706520617273
0.787085944427442
0.980942686795452
0.931567725434338
1.11313273609394
