0.561676699891937
0.578239189964039
0.718644268103195
0.640379868066189
0.698444785083155
0.774749479674245
0.703476850640471
0.80687914283955
0.900979278311222
0.883312340434729
1.01007225222894
0.846661668167983
0.796327046854024
0.630283823553075
0.643036779239376
0.5979076088216
0.597314119552805
0.805443318262308
0.625897216498464
0.65323078826031
0.740889390026762
0.58383899189493
0.516835529198482
0.524455915512129
0.585298981213077
0.490028739879817
0.428002518807516
0.525174706448779
0.523802546570987
0.661004762976408
0.740058985139221
