0.608765332335461
0.60394775576875
0.700304472008575
0.549444180009742
0.520183510826756
0.421917444961001
0.490543904602383
0.416556559204911
0.347224041808822
0.217960224429571
0.246683984106433
0.123319560891044
0.135733362473547
0.187370859831572
0.197635034052655
0.182931716041639
0.262129809847102
0.404211469180882
0.599216000828892
0.569214425696648
0.460585310118861
0.412665873985567
0.354414160769262
0.357088476651165
0.472144393901157
0.647514063584435
0.555387584398317
0.491721356891844
0.464294303254041
0.45323342676163
0.56836902037836
