0.158769955505504
0.238924419852792
0.106825151453613
0.196021423395723
0.223468030759766
0.216477294066176
0.191141587482021
0.206539922209066
0.275004393096623
0.322654361279291
0.333377779869997
0.333677925248967
0.468907986707391
0.327612504209728
0.52254883678198
0.624336375271573
0.452958537101417
0.605671570751487
0.520731997092857
0.634417904469787
0.680121710965081
0.710341107168838
0.919053683126017
0.992971499121993
0.932802637796768
0.890337422434159
0.872046491634019
0.697198616983288
0.770070462850773
0.77184460017822
0.810878488890482
