0.547814861830574
0.460624433081847
0.703065257478756
0.797913732851174
0.787717353279021
0.938845928345126
0.681416088111185
0.669131336176254
0.644193409244947
0.608839062882073
0.629321619729929
0.614801317873828
0.711997305975713
0.667963236152612
0.574216088095166
0.598908511876546
0.527345163423054
0.586340413134518
0.646121913226294
0.48772278990035
0.628523896852481
0.61829265643281
0.587785814780715
0.605696773874699
0.540503854883029
0.491221835800606
0.503659274625751
0.436294997959557
0.537093197285357
0.532749662923174
0.233137883853646
