0.878816091364057
0.870759507596301
0.860572406464996
0.790934349551605
0.703221484216211
0.802852199262289
0.681836870907155
0.657860034739879
0.543901784381178
0.563331874681917
0.526409431489465
0.63254268992534
0.551652136061621
0.569518892316428
0.534619778989163
0.509252486379397
0.565787734232422
0.547655866203409
0.566792881024581
0.514029133997605
0.384353627383456
0.44740300004159
0.535266636524097
0.433118147335694
0.471630235305709
0.413871804355365
0.38415267472105
0.468040654668081
0.499835436254328
0.492046876273637
0.493403139732366
