0.634267053580865
0.61947126534304
0.617852020464124
0.483348448449032
0.310313698849859
0.308329642345416
0.325522962366449
0.374594954555141
0.331733609536024
0.254819349251312
0.318990719728156
0.422982264565106
0.464233926193591
0.584666933374282
0.68513333357292
0.715214755873929
0.744414141423802
0.687947176232736
0.527296438369702
0.491987232746358
0.669450098950218
0.842549853887211
0.814772311853047
0.62216146204042
0.369255999358173
0.319735949788045
0.369654317827697
0.401880678184133
0.397392210246797
0.402318559180331
0.529204423831162
