0.910022466671082
0.935559131432685
0.961423141131538
0.849138033198553
0.669488208319858
0.812908073140174
0.857032659228757
0.890398601533711
0.635115254692832
0.70411310677799
0.642877300108
0.715015625652074
0.868771620724498
0.975072949683442
0.978889817210063
0.907791019006305
0.96216763389171
1.00004386776932
0.977240284866326
0.941679980381065
0.894681322787269
0.931733886132329
0.886216084814255
0.579927036507611
0.705168648684953
0.819703664366711
0.948931454044391
1.01217429622107
0.852410299824855
0.840521914540163
0.765662251906774
