0.359244146656016
0.277734747987012
0.325165423928915
0.398061649153259
0.262572398918348
0.198692659471783
0.234616910476836
0.339774705513048
0.313635241376835
0.55132478559077
0.589417539626958
0.569003791871148
0.473006106071773
0.558664874310272
0.536584091276529
0.756102821274328
0.684094801309186
0.655042557834315
0.66354810050376
0.775369306371214
0.84758595497966
0.816830255595322
0.749521532594859
0.681244251817166
0.555809217538385
0.537720432119145
0.640016773003785
0.67238585534698
0.843265894848915
1.06871931920952
1.01287221828923
