0.541672155985677
0.654303978409686
0.623757398480618
0.612012702811577
0.654305574184352
0.62236905193548
0.555189424032674
0.659449688779755
0.640339974367986
0.756496621970323
0.726574376993117
0.607744892802325
0.564568090098318
0.615586934363809
0.699609244134617
0.75253004663099
0.730237972210083
0.757903551257513
0.513572654587514
0.533897813077382
0.528079978044442
0.630145259474702
0.524350001843013
0.565210430364422
0.61805354640197
0.490730104093944
0.536034164029677
0.540016215724443
0.550276294727046
0.463907718289811
0.441917135058139
