0.792937828693276
0.659324056561774
0.660271490504703
0.696231264203332
0.472647499853291
0.466309297132783
0.589391116799332
0.545373606310703
0.445658810019039
0.431003466808714
0.432882421465136
0.407698368794762
0.343226132245645
0.639253350190729
0.649634131999773
0.580040732003835
0.475940100733278
0.547002537991939
0.550696031354455
0.59079888134831
0.566026450438512
0.569965739945037
0.441805660422978
0.554634560668928
0.417103806674567
0.371065837076021
0.417170245185788
0.358720424337606
0.231241482761051
0.210631983153816
0.209594832299571
