0.451269513106815
0.577878406987436
0.707017363858319
0.496809244546018
0.374855713714298
0.355088572530196
0.362738603958443
0.264138683396906
0.384074565255597
0.256273109511986
0.31181197818327
0.279653820395052
0.277561732306326
0.610194885655487
0.566699745384226
0.350074246497074
0.297151178279141
0.376153429056699
0.484633110574628
0.418527487124497
0.418653282866994
0.494286635722215
0.481046055042366
0.292094874865556
0.187475072843204
0.210772047427747
0.228383424788046
0.302528635559279
0.189302228631127
0.462574450678799
0.436013920006949
