0.640084902748485
0.749195458173771
0.855603403870035
0.881061595415809
0.902397341134004
0.857265911197267
0.887707098384317
0.819041319700818
0.668991033450629
0.748062116603296
0.738496362182241
0.639050288914632
0.504862571120231
0.472952795805379
0.389434405401318
0.375087142161994
0.409848267011313
0.392448689168288
0.432716272290765
0.398136768568276
0.429046014767866
0.487656636561062
0.561392028608154
0.604823094165678
0.614482187255493
0.656518250200174
0.474462734124831
0.459848323798946
0.33964447249586
0.290153602752111
0.225768762742377
