0.597035004962663
0.549857123354877
0.379731466818617
0.383371922198699
0.509857448015378
0.321861650247143
0.360280909027921
0.307735354073779
0.344865465720739
0.376619566407609
0.468628456665758
0.529702452373314
0.625095757971141
0.592333020212683
0.56394658027086
0.700127168408218
0.810279277278611
0.659789021764451
0.739987432243803
0.687028274437913
0.734178388476872
0.6239353840561
0.658048584301505
0.658191038145233
0.560798707034919
0.446293723712224
0.446439048730317
0.580638600130114
0.399860393664349
0.458947543789181
0.407536707900945
