0.208144763870827
0.273152238563366
0.364967734157898
0.616914549447455
0.67094108501994
0.777188085649022
0.906358962669828
0.955434256536745
0.926143690176167
0.945038478642226
0.794572126644929
0.632343527826746
0.596961032285621
0.482082440204253
0.467840348163495
0.349079949295023
0.369350398125002
0.413787321399772
0.601174143313567
0.666939706619034
0.74652612165841
0.542293063954587
0.549573077059488
0.435569677532787
0.469031831997746
0.599157343342269
0.479474318542817
0.617264683873692
0.744546647233257
0.649250212547669
0.630686999254643
