0.241719486618548
0.0686997642350789
0.269325458956882
0.10056929863058
0.311247486528009
0.375940343365073
0.264851139998063
0.192284290190152
0.339432148938364
0.358607831547231
0.470895595286236
0.618046057919235
0.58730834792015
0.552303872393639
0.449954647520751
0.549683224732251
0.496759590270192
0.630336805150107
0.538104998944967
0.681793838826842
0.700845374306099
0.743157025146665
0.698425140277849
0.607807992118778
0.539276983262406
0.528149901143642
0.658333883527102
0.489111699954973
0.355499507765652
0.458906201086374
0.448273060796218
