0.305001768911845
0.293843972566194
0.474016150063948
0.554446204262899
0.616587852337511
0.508412564843356
0.515166359086915
0.360893274396121
0.258028531884237
0.255175180145933
0.256989921826851
0.286547761281934
0.360521453304198
0.299707375990208
0.266409361887822
0.300337080624234
0.271003854148369
0.236415279994729
0.301893254754144
0.288293697138327
0.195474861900332
0.213848959675117
0.275687123729124
0.315469801180273
0.443736460616672
0.341520743768522
0.437418575404172
0.488836206873839
0.474827161343728
0.485420229437599
0.681709397596145
