1.15
1.03293291811183
0.906124656997486
0.929390704147443
0.778496401635706
0.764092436963468
0.627443769220039
0.748838916485905
0.697472098907232
0.653353880364224
0.775154305174723
0.773560643726736
0.77173071439435
0.859228177238826
0.730403720755229
0.792997179813782
0.810486554242769
0.752230690820241
0.856372744059289
0.936937457484138
0.8765773197384
0.931946626420078
1.04419500848552
1.10357098285335
1.10688674277786
1.09719618457029
1.10022415726997
1.12483181499852
0.90302492504083
0.929907254446265
0.745650325473366
