0.344121669057058
0.328614082430722
0.539650040083797
0.644235923291417
0.58053797964123
0.594396841303678
0.678618582315837
0.626284607105051
0.527451904794295
0.600771033508797
0.583686783235614
0.744123256556784
0.837683978375142
0.816136984411721
0.659121213933172
0.492026173030677
0.34703953600088
0.288617140413913
0.383705934915411
0.41227586878063
0.455605973336565
0.452618184812086
0.539826302044353
0.692073562182745
0.70279743931916
0.780430449496102
0.776838347451772
0.800696741413336
0.638391098329808
0.708193565854813
0.579513716880243
