0.938707262450571
1.07614884859484
0.925068732682786
1.03147327173052
0.823756129709233
0.775804579206903
0.614524150728409
0.483779178555284
0.464966436145056
0.285599785666142
0.510167224328194
0.678236726434131
0.581393263717343
0.688423564653073
0.855284689222623
0.882979761245821
0.972162781697859
0.983946070117105
0.811034583528687
0.767142111663867
0.771488810139869
0.650407574041907
0.542190811903431
0.456384957841813
0.552625590132169
0.57760651268772
0.742211022635541
0.827458568092055
0.816661931376524
0.685123714979358
0.516286137248419
