0.363205973344714
0.392702232028216
0.552609053586469
0.547311421443567
0.447489924921513
0.631858219287192
0.803412625088191
0.612766359547919
0.471365134638568
0.561006742796695
0.587226252105853
0.428492175076923
0.350684904048151
0.154058934955297
0.383432765744997
0.206275501728428
0.0997444298617569
0.178332757888775
0.193590793572366
0.232971487985924
0.126712260328143
0.237651341472062
0.345283366896453
0.344170309620219
0.407279017535567
0.449729811554372
0.477352118087529
0.544646196500927
0.638161772504046
0.691516963919222
0.58689364843589
