0.326252966258051
0.267817316321032
0.223460859411166
0.169748345791414
0.369374133116617
0.241553310752898
0.217386605852335
0.336140665751185
0.101162526443835
0.20306972853304
0.0656808724161237
0.0612286858726293
0.180053954618052
0.173340972559527
0.155418976396322
0.0977593261748552
0.247806051280349
0.404016081849113
0.545379848405719
0.485143174044788
0.29040951533243
0.281659981748089
0.304059344137178
0.330257516993044
0.280827957563747
0.498419700269301
0.603707701652024
0.4977780441611
0.542051630080391
0.660667789852892
0.795688302269313
