0.709181370346167
0.799408817190968
0.893279349237972
0.760422583437172
0.828079708526652
0.789524014574285
0.739277024241905
0.755929859262701
0.613833614486079
0.604989635945107
0.443995581829004
0.351222827569337
0.392551208617852
0.322086292230279
0.428406177558691
0.472994837029592
0.501555714248435
0.46619623299198
0.474296806029131
0.426670773907652
0.321670109148225
0.428070552124853
0.30864387344497
0.583981152194764
0.633260369244243
0.418855357113506
0.473748608761679
0.445255765128663
0.414103799914724
0.364534435650116
0.312499740808985
