0.828850608203608
0.782870041044476
0.645814566664445
0.62497056789126
0.718998912688231
0.52701395658206
0.423865199427938
0.287455168193092
0.322903642350694
0.492658653765437
0.420943046597284
0.567021643746164
0.565398086377871
0.584429309454124
0.485241957458045
0.576704071585397
0.762467416452552
0.778084603587474
0.677319849405746
0.766124198764692
0.865273838979179
0.727580294362256
0.806751109392106
0.726622505977499
0.705371848284805
0.845720871701443
0.714093116666958
0.752880318831489
0.793338416792289
0.882153608692647
0.93214263985476
