0.610565655166871
0.67727460064984
0.693706078502006
0.613299006317398
0.433504673373542
0.563315283600828
0.476652063290245
0.301207436388946
0.509176854650146
0.522841596603981
0.512885628317661
0.489443859507508
0.710254573499031
0.657626506316654
0.72721732342913
0.651025852843366
0.671641799437992
0.613668889893199
0.489136988824213
0.654409416407326
0.668009332349504
0.638079895839075
0.738151887074093
0.8003384263013
0.6762716950607
0.63777098936676
0.450527268663933
0.565596715283533
0.557948953441297
0.555455784282089
0.528801544165612
