0.343419952283599
0.343921730958843
0.440205839059287
0.430959539646719
0.458601540113305
0.494590830216621
0.294713988360454
0.44637027324221
0.443245477388118
0.410300467974012
0.371355995927443
0.522707762867649
0.559295886867185
0.474518335070898
0.467599753449176
0.486172999371294
0.613153744698022
0.645663998485062
0.624129722336758
0.582302083144415
0.780881063802618
0.665600718394373
0.797313559730056
0.790177406210571
0.790523120507717
0.708864519072816
0.67647504906927
0.766708679942533
0.709911012226146
0.577206979315159
0.483604787518632
