0.588864213980254
0.715506623905062
0.79893521411344
0.867143406961109
0.847407929794859
0.79581276159968
0.744845725192248
0.766664995175346
0.749842260094851
0.713970439058288
0.509462797144919
0.50349459151414
0.565011575088396
0.515755668530732
0.576483310867592
0.414200348981216
0.585298837544313
0.429961760701846
0.445862480862647
0.513057519406661
0.561663131606415
0.493271787096396
0.630009425528929
0.745282897217781
0.761379505558521
0.513772131972596
0.548376136743113
0.70986699746421
0.59346120744443
0.421050772540853
0.33479284062481
