0.53878591607152
0.449720323708043
0.425366980319977
0.490079314604536
0.385269649669663
0.370024636218459
0.324204081220687
0.364308430336271
0.343993768410613
0.498906366469194
0.586354411614914
0.487963282398735
0.551638232951839
0.607434613665421
0.671069444199449
0.751158351726255
0.695014861314914
0.586518886355108
0.758529924969545
0.525247960486806
0.59030499397347
0.562419717475197
0.489754634625635
0.51948114130216
0.359326546914301
0.344644142031095
0.244961378113723
0.266606633593685
0.284085198223138
0.353860526822055
0.497403298003147
