0.693055189420904
0.821657433427374
0.728830012047167
0.926630610107879
0.896194044918053
0.89607807365083
0.85048015275807
0.898937319956478
0.885333633089197
0.874406877804306
0.7827817962428
0.92775942426337
1.01716479284863
1.0401163604873
0.965287651710206
0.742975187424564
0.639606030727591
0.616802312037762
0.71812794480924
0.685531535581541
0.574937735940185
0.532736697257352
0.468311453075003
0.416809938126363
0.501654652250119
0.54210860452161
0.691323320544444
0.71707301728905
0.612954113842108
0.585327195399561
0.777213342837178
