0.712804055292711
0.773286673831374
0.662057140036106
0.645661559220955
0.440974451913119
0.492750441684251
0.481523238676946
0.466681547738026
0.329721148815165
0.509667532043691
0.554913400819841
0.378311417678687
0.309776335591276
0.426523099895392
0.468098583686922
0.406320346668188
0.417174223074515
0.341991816609923
0.305743423356641
0.370075899801183
0.388879746502276
0.377353219316731
0.474034854445066
0.649887580844964
0.800904204325209
0.843749804377015
0.571741320706363
0.773589316663723
0.713564648294281
0.696144918074291
0.539494269808213
