0.614035345236188
0.560627891630283
0.606568895042291
0.58143222135899
0.55323468215967
0.593010518720545
0.652263908667662
0.561701858297162
0.56458748297038
0.464832475848668
0.429138878983975
0.456084217195928
0.379118229420454
0.412707464787707
0.44292079486844
0.495394839364633
0.353563864687056
0.544952066586882
0.544164556329668
0.433808958176121
0.576388452872232
0.660463550755348
0.500599428986724
0.519694978067245
0.484096644375067
0.535522191714089
0.726664072417324
0.691586961180573
0.548332815712919
0.556877463814504
0.410469790632538
