0.770728203684563
0.82079188915203
0.569805480150977
0.445324698726187
0.467548663612017
0.432235409043604
0.597506065763408
0.551003210157031
0.687229650797197
0.786351788326973
0.805457100788006
0.956201675351584
0.979987813908481
0.903813431136185
1.00289319735212
0.945872788133149
1.01040758576382
1.08181187751997
0.928449731267208
0.88537763207514
0.929716880258469
0.720890293374954
0.711155320203228
0.825808970548509
0.864980162015044
0.817939148068814
0.943088119913278
0.960909696173309
1.04078996364811
1.10671759668751
1.07018082531169
