0.332618236604514
0.468284288856568
0.367159569000261
0.453112125412929
0.39817038203347
0.254464827680396
0.174304013466463
0.108075866568834
0.146163712861016
0.151845456985757
0.113667528377846
0.410526215424761
0.468874358106405
0.41478201248683
0.469300628546625
0.411362926382571
0.625527413934469
0.564520708890632
0.505804169969633
0.655143642611802
0.586421950927149
0.529829317631344
0.555079626033227
0.622163413858186
0.699496100716817
0.759684718972596
0.882014054730274
0.697764143738635
0.86867626171533
0.841508378805332
0.843088151067235
