0.742258112775497
0.705810529915951
0.664539445229209
0.77048391887612
0.631441895260209
0.757541738093564
0.698719237574109
1.00717439536631
1.07067051438309
0.891617267349519
0.79261985910476
0.65818259043038
0.61627985492699
0.539236782746167
0.551267723202483
0.666603894088195
0.500915218399615
0.715886599126981
0.795017970631737
0.692334652645639
0.46545310625819
0.62791573866283
0.715010398674381
0.637095416850966
0.694070430613679
0.902483280423653
0.823519732292366
0.800442997879904
0.82884157626107
0.876657319659283
1.01755418635799
