0.620707341893873
0.653252090891189
0.655360881570092
0.724610021885341
0.658457675518325
0.696613792551538
0.790787900879836
0.794395851751646
0.805992133065915
1.05844129103967
0.993226509402436
0.879545231583458
0.818999723625299
0.743625861579464
0.752319080043496
0.783658479187549
0.893767053250932
0.908577372914889
0.754701090686732
0.598456859159061
0.645574480377846
0.711846343138032
0.579908915132992
0.600306799485125
0.574394307461344
0.489388347269385
0.42345466170588
0.351147894320427
0.536689325274317
0.460746676746173
0.529623371866881
