0.6819101741069
0.568545275274385
0.62337344060624
0.893208436295111
0.862687205522973
0.826778445065977
0.74714108523822
0.462891839769693
0.530741843719991
0.365208700484621
0.312784738185903
0.297508385403069
0.298966390858241
0.304784939438613
0.428856537398459
0.433785633696751
0.284655794362114
0.38628719714521
0.264530121256174
0.398421916673722
0.568715096992271
0.443781209020706
0.446548721828329
0.584432320837694
0.643206892051565
0.707801520713436
0.75108708769568
0.678368975459669
0.715537711889554
0.706045875377092
0.761576444893215
