0.459121348177256
0.47959635442047
0.493786174831154
0.48063976143411
0.507764332489284
0.466973924151795
0.482877352721231
0.338633967311295
0.513587231495591
0.572878980378248
0.429166655170359
0.597064271916262
0.645089038203097
0.446486927263997
0.642430092136003
0.668566800861247
0.617734019665606
0.803512186671234
0.852957503239251
0.882326623731391
0.802200520073204
0.922002147219284
0.993107108759834
0.967500432312122
0.964602626684686
0.926155097141495
0.853488013099401
0.967872877639648
0.889489925687131
0.850331482511875
0.918042917956528
