0.680190591229415
0.71542341890215
0.645483756973107
0.631864787661169
0.576107518451705
0.647933298798695
0.600630802365437
0.690849289374843
0.769154143183492
0.798581954733468
0.759889602372085
0.734972309870308
0.617313880603423
0.564635327541863
0.66231559686329
0.746493924648822
0.655849312997744
0.717506377677901
0.800622821086554
0.708244613483139
0.694754642545768
0.802656005387717
0.83425604447783
0.868335202271724
0.714986951169509
0.844639786877621
0.737343111433971
0.822055847742546
0.700293550160665
0.61980582828163
0.618758092713494
