0.0651365381431574
0.0911754489410669
0.132433001470151
0.121938713413062
0.153806146100493
0.158989465772102
0.153186001426131
0.256970260648579
0.435762530968115
0.168916639389992
0.199597751685405
0.199036572697559
0.103878090670332
0.137961556576192
0.153581798882874
0.0245696551632136
0.183396554039791
0.0407619372941554
0.173377887858078
0.22275996637551
0.363119222326408
0.320945235770399
0.334571882672811
0.334980315533383
0.198697864361955
0.196558653193298
0.202512335500452
0.152089348857063
0.232546965557518
0.197731733122912
0.246709235628292
