0.709218542647967
0.612081552620465
0.586263605810189
0.676591553816059
0.747314561156044
1.03344013630175
0.846491955125192
0.941541024481366
0.896005449767644
0.64280585464784
0.552134597112844
0.356404178168113
0.382372856230894
0.468855028829957
0.509028847000981
0.602568328285078
0.656550820504087
0.581055679003257
0.569825359451133
0.634220642660293
0.423149736289415
0.288249300484094
0.424432642309475
0.512856409483138
0.668298455205295
0.514687560888488
0.506615896679941
0.372596054401729
0.403963558160249
0.547207120031599
0.497574531956125
