0.951143716086837
0.897684739946591
0.899739932918193
0.862194391430559
0.783316459038499
0.639396771925705
0.70862827533597
0.649765535767394
0.539740777152794
0.532738568864035
0.620573977704364
0.725339777578804
0.470822837433982
0.286529147436115
0.258764378613031
0.530237766707486
0.753916137505493
0.529366326311773
0.570065278725869
0.644511318745262
0.571393529771696
0.517247495175208
0.670762021913062
0.522256863050963
0.614487116436176
0.693968654914461
0.700941388194151
0.818766989583783
0.797746396741532
0.85390362543201
0.774030504193518
