0.566199872701834
0.473349805840696
0.46745147445559
0.337908799027498
0.229998517188649
0.209158172206071
0.333682506279138
0.362217923373965
0.389657155451414
0.482116463155535
0.41688956546509
0.498603766345469
0.62982763385312
0.708659007753295
0.777141665694353
0.573889706636828
0.406569653264296
0.158103073694793
0.327276448466864
0.320593652202797
0.532962353554604
0.713621755623308
0.53592707345174
0.621442283949864
0.656183858103168
0.601781596642968
0.455598686010626
0.452709930281601
0.560969003460816
0.688592026693261
0.656358065487331
