0.0307777223100059
0.0423622668720782
0.255229388782755
0.428315201082295
0.506977061561337
0.629638968647486
0.460180744907847
0.559371224776229
0.563437917078135
0.549276728969289
0.514191380230931
0.578571264312218
0.449218987819354
0.418750166480045
0.404437479375646
0.349492495716096
0.387642706348107
0.360706912655861
0.427051507357109
0.378431151367289
0.56576661474773
0.635286024983537
0.636469213457343
0.714215835721728
0.672292765907508
0.849099512796414
0.76221505597004
0.765161394220587
0.598474853425097
0.843849460580196
0.976400456982475
