0.603270438438953
0.717786248433144
0.587228070418091
0.3780871139697
0.319645374859424
0.38934411502883
0.512878950065674
0.56848296855927
0.736951378289392
0.778207625284572
0.737580561520313
0.737607331689229
0.689805422186633
0.707566974380766
0.711355261510198
0.725776522009757
0.804497995236081
0.670852652666283
0.545537206166548
0.660898000884164
0.731435830609236
0.693941411233802
0.751514842964072
0.637297133446966
0.552260961986441
0.454075539901216
0.669809887835119
0.438216368665282
0.681807758144398
0.509796452799175
0.555482353779782
