0.135885703228504
0.183398078791887
0.116404925976038
0.282649382008329
0.3278316425533
0.458085433617324
0.441211576238364
0.530800979156137
0.654338363874793
0.569802237618805
0.635360724461353
0.602094511763281
0.723948490935112
0.722797818564544
0.774016169308419
0.930181442114458
0.97002006411425
0.834860383483323
0.639747904470863
0.461499826886433
0.307541444987732
0.309907182395551
0.176409960674215
0.234820062968486
0.283707833847797
0.310239064925185
0.24657505275572
0.184479217308028
0.251057410380539
0.354993708898049
0.272134767287147
