0.42038581329699
0.588579672065781
0.679767374464529
0.763879406641455
0.760027126383676
0.664604249524592
0.673906778332486
0.650720083362131
0.724428101696714
0.890177983299538
0.73166288642463
0.666710200181871
0.660097614836587
0.873590423001616
0.739834692489995
0.675222482152484
0.592161709528617
0.698235090116239
0.758849560741536
0.761241784917391
0.905402373794667
0.910376347494453
0.822490701578145
0.784101292617207
0.792470573667025
0.716070134039556
0.778059023186152
0.792300640312543
0.732805292015483
0.809161276045427
0.876992512867958
