0.695362733179911
0.684578642077952
0.776913017888748
0.687896609275796
0.53999013054856
0.523718201971583
0.508030253133707
0.504686369883798
0.714186910909571
0.6613638048032
0.458122333369188
0.517589420962117
0.481392401174612
0.514201759497605
0.464910306229713
0.70858347244327
0.633769623150574
0.413241557737338
0.454830004374953
0.235214069539206
0.273715701441523
0.42424342033757
0.355575862425014
0.42047036144939
0.318601226192533
0.355597082842707
0.33418970894125
0.377515439401015
0.440632379092842
0.317375564593676
0.270588706752458
