1.01426678660441
0.825809872077066
1.12459375506382
1.12121682745483
1.12091141393594
1.06595041149824
1.00275668865866
0.966703774862575
1.13352547040204
0.995694671161564
0.965864361645745
0.932991419136615
0.963883286699654
0.972287120748313
0.934781371459294
0.853515922261331
0.836412093073059
0.888482162183415
0.759392892256644
0.84593393035632
0.792056250632074
0.764807969357819
0.773458722632379
0.938768590454013
0.938938258985522
0.933029004862996
0.743318645587655
0.646230448574292
0.509124952168428
0.528408407494665
0.569637053115532
