0.586732368559856
0.586025958570931
0.698347508550901
0.560215042314772
0.372378951140959
0.294245649833884
0.46541937739281
0.533032555139344
0.563378001988586
0.535626221221592
0.53128584777629
0.653169710895707
0.46963373144037
0.549063524472256
0.649684802357767
0.716670713954334
0.870654409060915
0.682474872198616
0.756831269994549
0.631605541645851
0.656136226593819
0.512287098248792
0.628013061997783
0.609159283698839
0.698485019509983
0.66922344862048
0.572976041478407
0.401533396202442
0.235467783747995
0.387159911001206
0.200500973470613
