0.363096484168951
0.43040623059455
0.537769513390545
0.435496083786298
0.401775094773207
0.492940751229931
0.507026986963634
0.574628662038181
0.534683064370934
0.51890590288635
0.46447086351745
0.449239939021022
0.472054768342601
0.421128089342342
0.46138119776302
0.640488211480313
0.64968168471187
0.76022600458182
0.624028481321331
0.673296570090499
0.640286772290167
0.723672027943578
0.528401763282638
0.589096322480511
0.577145075840928
0.664734217101761
0.697968321243354
0.656617451734893
0.760458151293971
0.663005063166895
0.720619918006135
