0.622288953205118
0.572707261675516
0.672303655808339
0.532333973207989
0.471806552605251
0.651205026190275
0.69734993504315
0.469107863977099
0.77704695632636
0.852696888306657
0.756894548814372
0.935039617744834
1.10059177816808
1.11467822922905
1.02028552864473
0.780572635473494
0.828826030928452
0.771876351142113
0.535644147990082
0.546524072045271
0.61278964185882
0.736986081933413
0.767012293324156
0.503064029677121
0.510498092755957
0.491172941461487
0.567551053189023
0.503693349719329
0.492545175938217
0.422167152484515
0.619100378119954
