0.747285668775156
0.643913923380613
0.819588476130456
0.796944529375206
0.816790544100251
0.690368635298829
0.664768692705006
0.851980117795215
0.74893833901097
0.710091280974961
0.840914625994235
0.637142749171077
0.550471889966472
0.513453736289709
0.564393215992793
0.569926576209354
0.531289357771265
0.732716581770318
0.88134616551465
0.834295665598574
0.852989849899995
0.766531403302314
0.823686174010026
0.868736632107856
0.770893351347285
0.580320289717155
0.519003401404518
0.418996998934346
0.319858128378439
0.293149019532177
0.248249125607583
