1e-04
0.376359271611625
0.554551243734409
0.586846894491909
0.579094021418289
0.563433060456571
0.559663400232396
0.54045810818483
0.60739877485603
0.551346687846698
0.565150428353298
0.57256999330889
0.610038246768897
0.564131588824064
0.588406466829461
0.586748385409953
0.586402536536212
0.610426649137757
0.589187908749031
0.591276991478451
0.574063271153242
0.57952568482525
0.595651857938799
0.573793651849463
0.592306690367739
0.624311545134184
0.571716277481949
0.603560014783263
0.571476420518859
0.585848764240325
0.565482884121785
