0.532907169302197
0.942293366903415
0.853369632290652
1.47283048473213
2.01819988188248
2.17919950361278
2.4876661581165
2.37996560020286
3.07236007076602
2.29229410329748
1.95242617057551
1.44293445313264
1.20759864907626
1.54415761154991
1.6993072273853
1.65652832399968
2.35867735824462
1.89280096848409
2.36134726588528
2.24306011537004
2.36485335661013
1.83075334701601
2.03296163456429
2.98828457912344
3.5996846690486
3.60354049355115
2.86197000989082
2.83555651260863
2.96203138833257
2.90456396355617
3.2101130601051
