0.97080064077715
0.812949765942878
0.563059851065165
1.16651465557877
1.87187392893609
2.38998173107754
2.84182423213858
2.3419334953687
2.41857471573528
1.82002240699146
1.71167346905347
1.40279278379545
1.18017754756197
1.04816570231974
1.01609126624003
1.46188412659153
1.87397760833896
1.38055475550986
2.91734153806514
2.1781962258397
2.26725141430556
2.40825914550855
2.28327876055896
3.23503407138454
2.89311230858843
2.66348447721506
3.32635282586383
3.32783254004138
3.03407616844455
2.89294502489323
2.59649024439099
