1.08740724379179
1.41017988010292
1.28902160295268
1.30177188024838
2.12787516403926
1.97916037994051
2.53649056013288
2.4718039576857
2.04972933055448
2.05679487608919
2.4347467604986
2.68478848072315
2.93991394862147
1.83865978926966
2.69306977032298
2.34193433504166
2.86567635074804
2.9264931134841
2.97922514457801
2.96836798181372
2.42881900034459
2.85810880418481
3.76396024631882
3.92299648101867
3.63015827217564
2.99400004099548
3.45065156423912
3.28484619997867
2.79094087083318
2.72401701176964
3.70920325333678
