4.26840304150769
4.3016548143752
4.28292049780079
3.8737417562917
4.22511550235153
3.17566348552295
3.36776909591221
3.25858942874786
4.24316216552709
4.02489768936378
4.08842182162213
4.24401021945896
3.80924790014187
3.69430550431507
4.4614824206722
4.42262806824083
4.61694717278378
4.86354159923876
4.09544365072297
2.43140661005536
2.41559232642548
2.86763476498099
2.72194935415546
1.80667829128588
0.654504350960723
0.436387619003654
0.967319283634424
0.950438668951392
1.63458137375801
2.24833793005473
2.69265584902405
