7.35808453514287
6.67426626562187
5.04927036018157
4.70443933028009
4.32945882868234
4.26947388881098
4.13011051238727
4.50136655233081
5.17910410640318
5.08851235839095
4.75500190155137
4.55595569820911
4.91089146370835
5.74470851519912
5.86540738442749
4.82419622165306
5.49908698218141
5.97628556455684
5.83168508002586
5.96064158442482
5.81906943728268
5.49127016937705
5.14241273700604
4.986363223748
5.00190626852559
5.08308613160038
4.57532245851467
4.6480491794978
4.87805652342334
5.3935421894171
5.03477057642225
