0.372228915666705
0.400420406696862
0.848968037636951
0.788286146940663
1.25657808221877
1.08571819530446
1.50193009700272
1.95033943245765
2.77538432122786
2.72236839623768
2.36368617590163
2.56163341354225
2.64489792648349
3.20904515159894
2.33286806440558
2.579664075399
3.62495754181985
3.09226548776608
2.69044147897817
2.76494824095003
2.46170927700892
1.34120268957063
1.16585739631246
1.37652349308173
1.60954452328424
2.40344248687889
2.42472290200222
1.60364524064626
1.14573382445651
1.54986643930006
2.20894604291807
