3.50949080341331
2.90159271407707
2.58206596976912
2.75118649314924
2.48729519541263
1.94314534189068
1.37664855639338
1.31955026472946
1.86633441326733
1.75348272765579
2.43289905911836
2.29004860212619
2.05975214493985
1.80330899669382
1.22605947623554
1.40096310441391
1.51912790847951
2.28472616028383
3.02737211755819
3.32515543157577
4.00863871600821
4.10430044744506
4.86291729769081
4.7839541031827
4.38391265499748
4.84865168793664
5.09550519063674
4.79030891866029
4.55164725132823
4.24966335744856
4.01493367279207
