4.53283416780144
4.05108654519975
3.94697248397827
3.83057847954597
3.71278618378829
3.49919749805968
3.03770837569873
2.95510941939693
4.16662712311636
4.11396801993515
3.48875121898282
3.63641675334672
3.9309754602729
3.52196789538736
3.50013924186366
3.36213344713921
3.42966221069234
4.55213499354446
5.15686842642041
4.20475046854714
4.91754349145109
4.93656204045752
5.36809210931885
5.44343091175835
6.01889804262611
5.46277056961264
6.05264606676939
6.17925642780903
5.09220296191926
5.42391942349206
5.25844063447732
