3.1328493672759
2.99813757015958
2.98397610400437
2.35930719150796
2.63735127256817
2.46262477378926
2.87525144422992
2.89132673287398
3.68375153111859
3.75125359411917
3.47601335419907
3.71732960565257
3.37584742943997
2.87772552499789
3.12156441505344
2.6832519471673
2.731889411577
2.86647470342272
3.259749727635
2.59472763639345
1.92755124050594
2.08506859776965
2.73644495879701
2.34011305889022
1.36307695318852
1.78449919071887
2.02676526617166
1.09978812999931
1.1163793130442
2.3309232556391
2.12011329537625
