0
0.870303105795756
0.871714065084234
0.622483517741784
0.00020790402777493
0.85534491459839
0.385296905180439
0.726055087521672
0.0895765828900039
0.608818431850523
0.678131806896999
1.57424420840107
1.40216756169684
2.07178208348341
1.58610147354193
1.64043555269018
2.16146338707767
2.14768931413687
2.57424734281062
2.8439435749749
3.15222979318037
3.62992069176085
3.72955753891415
3.35860312641285
2.80007897950395
3.71134813995718
3.59864595164231
4.22944851829357
4.68323028091959
4.67713192202769
5.14381576077699
