3.00610672437417
2.83614675921219
2.67739152849483
2.50865079939197
2.99316964099946
2.72458529017697
2.81064442626032
2.42357718163933
2.22048947668466
2.45921721669677
2.29945515917944
1.73372013291674
1.11573303567575
0.441340093336571
0.403882238082588
0.301305661909282
0.581551113165915
0.956070694606751
1.00523349177092
1.47310646926645
1.14215534204277
0.737072841484126
0.484744298025992
0.433482584763345
0.270406728843227
0.526986478362232
0.624878487549722
1.83514086157084
1.86669591884129
1.78570660855621
2.35237920680083
