4.76845891487712
4.01805175135771
4.33343222986834
4.38085105729217
4.37045792646634
3.99245408380332
3.45548553781512
3.90951612771416
2.47306006930696
2.7273201024432
2.35518237452882
2.87616389401185
3.17412583174112
3.07063738142801
2.6409670566461
2.30457315107537
2.06493179223229
2.90896381393735
2.83678925642956
2.94843555381734
3.1691907423104
3.08573379973162
3.14383714601529
3.07342336002868
2.99707646460404
2.30453371468131
1.93367997791749
2.37796374575366
1.80204223284629
1.71532792503869
2.30510968909533
