3.13251729152324
2.7661615152021
3.01911592605682
2.09761486534188
1.21740406221869
1.34757939568879
1.21950094174752
1.17884000675911
1.18770944495844
1.50235176208587
2.27874529856416
1.57790889107781
1.39472100936035
1.72786245198147
0.706158087765409
0.992342317476869
0.73230251041241
1.46701859333552
0.935577603074293
1.82161404170891
3.12549362077242
2.32913516533425
1.6083969576457
1.50937894570505
2.04510902661694
1.58534714364205
1.27958024007958
1.38940409425404
1.8608848405419
2.65129920764584
2.79079592920598
