0
0.486584255006164
1.70583931845613
1.47623789543286
1.3161330493167
0.832122313091531
1.53347458946519
1.50498599321878
0.0505758402869105
0.453736403025687
1.24610522459261
1.37046482763253
2.40439611811779
3.33135299360037
2.30882264672436
2.40779583457515
2.75841740657233
3.41350627735846
3.74861321503885
3.66779056725681
4.56533166578628
3.84472436842355
4.05978225206802
3.9935663334358
4.07073680393244
2.77878794714655
1.97797221027161
2.12280442950162
2.66494502884182
3.41602372110667
3.289681611935
