3.3351991882522
3.78584217983041
3.78405699860047
3.68777554626319
4.22384273800741
3.76442063720639
3.46793940102981
2.39329802709
2.9829856038403
3.50960014339836
3.49158862834756
3.02677885648754
3.09821965192404
3.83486301796418
3.90430555511173
3.9543602083972
2.8658926516468
2.58875706225394
2.04563017971067
2.43818410499206
1.99330379384755
3.01038883430137
3.49158416492118
2.6703172872234
3.06073699508978
3.2631864877343
2.52598872491343
2.63093562437406
2.94737917593865
3.39269492811708
2.33099604807048
