3.51982736308262
3.91146770841577
3.48055201023952
2.64762347295535
2.19464932555919
2.0986311546213
3.09976188359252
3.22383424090623
3.98733680867991
5.31573072132124
5.6617359084583
6.59965662178985
7.07024973291374
7.12162884823448
7.280568505036
7.23098626579559
6.71413482153258
6.3262605465523
7.14093026575102
7.11614498640154
6.5096040321954
6.53429307955992
5.87800238565285
5.62500192904588
4.90226775528606
4.48340696962294
4.16432783175003
4.27371401581238
5.3254096501905
4.85279429572891
5.19500118013728
