2.42250603166777
2.93398873423594
2.86245777117457
2.9709416940752
3.18764748013947
2.84150490755584
2.21087062297757
3.04957435894194
3.56710732690427
2.87412901697117
2.81462541114907
2.54482835493419
2.21106493737917
3.03941938988301
3.26007231342362
2.76587463793101
2.22202513058426
3.13508478266874
3.54019917169342
4.72964232315997
5.3141508111147
5.11031142104173
5.46951939718554
5.80618376866112
5.28626622631344
5.27746972440871
4.70603479118216
4.48689861199017
4.04122720471713
3.95902005698661
3.62727327690589
