0
0.0627035410143435
0.417290539946407
0.401981834787875
0.650873660342768
0.81075242953375
1.30607381020673
1.58087047073059
1.35361468745396
0.711121012223884
1.29806414409541
0.635913309575834
1.42421404731444
1.6666975879682
1.52754982366355
0.766064104267161
0.193438418442383
0.976444483562013
1.75714225956668
2.8473363028044
2.92107016063725
2.68787649163475
3.00908577005809
4.18252093420794
4.61434369936084
5.37342235684824
5.24018898961564
4.06891922705305
4.64765786525292
4.32618348935117
4.06722127158596
