3.45620589791081
3.57870004390581
4.02391172707296
3.39154259668878
3.22306396457581
3.20715991495392
4.0410494058787
3.17123691033787
2.64495255722879
2.70668829948856
2.33498617628804
2.17125623039185
2.62123822159349
2.51934606925799
1.47485055699228
1.26267538563563
0.812443819076108
1.40406213578983
1.32714537686812
1.11034139371237
1.81468137851676
2.11496372064335
3.00800551366752
3.4730878917942
4.7483675068686
4.85238438737338
4.58483527330441
3.69999649617581
3.54203664147986
3.72111549679881
3.43896520348645
