5.09057019621953
5.0982291569829
5.24384318286441
5.12436299579106
5.72826549173421
5.72518900241792
5.71450027460081
5.71020980095339
5.8185234478194
5.98447892661055
5.13888927092624
4.55134171023813
4.10586034830097
4.56843864053857
4.75711185141444
5.3684505434332
4.72316312213405
4.98403564854967
4.93989525643136
4.60302789277356
4.24119938445236
3.80711365771439
4.14877881995361
3.95879716915968
4.73171369359787
4.41319822474341
5.32310745842713
6.06021396653685
5.52151803230825
5.42957370578535
5.01044590505064
