1.8105480267905
1.80498986130173
2.06871986666287
1.71092437275278
2.60207045052725
3.29998043805885
3.33442284932884
2.12985861462134
3.31088807664405
3.04606240124035
2.83450534099306
2.28429849769513
2.06587883618253
2.5880529107299
3.86424591599557
4.15823966108731
4.09949997423685
3.31986472203864
3.16042810545771
2.78569429444617
2.52648599708921
1.31585929130672
0.963187348400266
0.186597205931321
0.997209339402616
2.12620815052651
2.24751785281114
0.973903254372999
0.39483979367651
0.916191029595211
0.618415633682162
