3.62155831728464
3.65531243749981
4.00188966019165
4.18048756679606
2.84450266620231
1.85845372959126
2.2507006706958
2.70733416074042
3.03017928491433
3.84528393361804
4.2044599309386
4.09241880632319
5.01490335997507
4.91271304681279
4.25762909015023
4.63211965274379
5.18018515936412
4.704363185841
4.82197896686696
5.45545924634055
5.22178829174802
5.50178852344245
6.24648349544671
5.98112266299953
5.66540859754835
5.48109813103159
4.86015200171326
5.23724461368923
4.79352487273221
4.34886735723061
4.87340768099469
