0.694821510876535
0.803279394929304
1.40684012830537
2.45821315813158
1.89065453963634
2.17608880013508
0.819111551337882
0.980266550788656
1.22954591852613
0.708815400255844
0.755223496351391
1.15585941467971
1.77717531025947
1.84472981626705
1.71180659052839
1.91903687576914
2.22699321532773
2.60807565349305
3.58676309563371
3.39089287357556
4.03491190686973
3.87680914706963
4.30936823494213
3.31797949538978
3.74771142087358
3.28825359779822
3.1090487540927
3.44618558429594
2.96741157083253
3.54933453944924
3.42154325672838
