5.57409932829686
5.11874322795556
5.22042224013493
4.04459771041074
3.46901317958035
2.9446485728702
3.01531342945308
2.33939891044453
1.9916603631939
2.57541260208405
2.47492460013769
2.0082690032798
2.62212672006741
2.40871612114303
2.17749648533232
3.04340270479612
1.36512682229683
1.15615484576143
0.80301313058779
0.986937105190009
1.37366841151379
2.27528626355343
3.10905758454464
3.37862303224392
2.99268716294318
3.60018604062498
2.93858941386721
2.82329254130169
2.77226372666925
3.83953491480357
2.7182012609978
