1.69466477116779
1.46682390660257
1.62267167653167
1.07461259976239
2.47271505832882
2.40515551014081
2.36628496759781
2.60053151586302
2.15834371718787
1.99282191527285
2.27799936380447
2.06679160819598
1.56939769556024
1.15148811807134
2.46382606119127
2.23949115882837
2.73822165506297
2.34361610833891
1.96559014303946
1.69344684525418
2.14085176370579
2.28877990965272
3.60908142004634
4.0998266762356
4.27911943236838
4.49790055204655
4.53180180599454
4.75569758883218
4.70928376766394
4.81092284636113
4.56257827805689
