0.155543689318091
0.997634945902973
1.86894502188079
2.45825241412967
2.07545153237879
1.91354866046458
2.44620258756913
2.36976274685003
2.68190681096166
2.11538918060251
1.31304742628708
1.28579162363894
1.35333235189319
1.2234522474464
0.792278927285224
0.910016379086301
0.910308798309416
0.992249192902818
1.57158813881688
1.50347869237885
3.07354351505637
3.51595425371517
4.22748154633183
4.08009037467156
3.98158681251545
3.98427011831671
3.23504886371091
3.2039558004123
2.76509025543935
2.41913546752192
2.0646342762281
