3.10015854788517
3.50487504703497
2.88312740521078
3.01485225106162
2.07868639509697
1.545808115411
1.28474360990795
1.25211449463377
0.933564791525625
1.95267976315218
1.78243336880105
2.02604298486831
2.22129940411533
1.71527252399819
1.48154359387691
0.980461505777114
0.528603035095059
1.93052204262922
1.4657270124414
0.713689416949548
1.58264269360798
1.73202303012358
2.25987822463755
3.13400345662628
2.05504262534921
3.10221520666052
3.42058696890399
3.81162134315037
3.68436144352109
3.36335635221713
3.13295475639552
