3.29082513945774
3.52086151759737
2.75581246028319
3.00217614831068
3.04240743998103
3.08851102572531
3.01281915135347
1.94063269179911
2.7274249700889
3.23947633356452
2.72731696693823
2.03947377829477
2.2300319596719
1.84804266873412
2.16484009237625
0.960513649002093
2.1166996107962
1.92936019176282
1.98800868071281
2.39388248964097
3.04038846177865
2.5594644678
2.0558177953295
1.75559780757759
1.49542867240381
1.12234497453902
1.15224360090097
2.51058656812993
3.39590258987037
2.66728319434797
2.55974678972153
