3.31138392517402
3.69663955437078
3.06960800199828
3.66413042184956
4.25712292295008
5.06150984138309
5.03141383363924
4.86124662987947
4.49791144042624
4.29431065496077
4.96116104487349
4.15176472059244
3.49042555914053
3.00355876321697
3.73403983112217
3.59821872870231
3.85357548078315
5.59923531385863
5.45506325541788
5.30592044371609
5.71791269023401
5.97389035577384
5.54806900667362
5.09207285093479
6.1168223669786
6.39576301272362
6.75206743358038
6.72078653276302
6.41996588781811
6.78509736098684
7.01387478658333
