2.56031183646657
2.73817816776819
2.8522244852934
2.90667482236996
2.63811334157027
2.69401641357355
3.29293635747991
3.01566841760315
2.93197025013752
2.0902532504838
2.38254920583814
2.10499033638872
2.57514743790626
2.96853773695856
2.75198636720396
2.54325201878763
2.41819171145997
1.90821523479625
0.880302276271129
1.31019619096975
1.24854777806234
1.36279351456817
1.82541563018952
2.45496760827284
3.29175636132043
2.36901717988569
2.6022199034391
1.44149563165177
1.37365555885974
1.62869427266326
1.96795241913553
