2.84277326479797
3.3922860196909
3.35354521294367
3.30692506657225
3.19446702935976
3.05668805661854
2.80363355722521
2.03015878207897
2.56999512405982
1.92394381754947
2.66650850761598
3.67757314716382
4.12423903604885
3.90062518527647
3.55752081883056
4.79279596840879
3.89098315097307
2.97198768395846
3.6758410685501
3.92273829777641
3.48434036521157
3.61646914102984
3.46942159573463
3.56381459085187
2.91795451373709
3.44697616986722
4.10318750927016
3.35969169197396
3.72054424874276
4.21880199286878
4.306168984778
