4.20833541954422
4.55847732898334
4.43554038427325
5.61602044001708
6.16815007769989
6.60458435736151
7.11548472324872
7.10436186835656
7.00230016960576
6.73610283393226
5.83478852669522
6.45562102679038
6.77711348247808
5.63937932265085
5.84499210328691
5.37540329177759
5.07251042197354
4.58718241797656
5.00345739939729
4.65278438742752
5.23631188925803
4.02769722557142
4.10783428955339
3.81126950309127
3.45622401281847
4.29470936202099
4.86040906880637
4.27622487715101
4.96677987456908
5.51239985313853
4.22308203152036
