0
0.290531488601118
0.747764340369031
1.13006239474399
1.25142020775585
2.23147265353819
2.30244518301098
2.341052222267
2.43772115112862
2.57254607273845
2.55578329783512
2.82536581341757
3.19745667974113
3.17245707261955
4.26825198574571
4.14587063758282
3.41662938633582
2.84604762398286
2.06053051256223
3.3847463971155
2.72282492017021
2.77407767760215
3.28353315751648
2.49416753925962
2.51582437215021
1.58244039720504
1.78755198596558
1.01959484879732
1.63356538181067
1.43109101819679
1.96662337979175
