3.7503750250011
3.65258112505891
4.09464019725912
4.18600250620276
4.29645101449334
4.53703443708711
5.71765705596537
5.79213535285169
6.57779825769911
5.70683136058586
5.60400864144165
5.20109980960686
4.74367353807287
4.61417231287891
3.66808718557553
4.41538804907435
3.8806064208387
3.97965286396207
3.23427157573165
3.401597020484
3.61117110753571
3.87731378970807
3.2946342036887
3.07772057646093
2.69097690124204
2.28825270247785
2.12331998421018
2.39928622872708
2.39103967466531
2.31113420290562
2.34637099065508
