3.77415888570099
3.46240608254297
4.06814181315562
3.68058213498293
3.60278787650017
3.45843480201288
3.98148154560326
3.92460112389958
4.15265374933219
4.94052880932426
4.75272664474173
5.83932718844002
5.82152682921699
5.32322947338073
4.88909859076923
4.90797566931544
4.94557845319471
4.6271876642186
4.93966487871332
5.18597419240361
5.1121267218314
4.8489272255156
4.96807257814182
4.05782585630263
3.28052655157702
2.74051245201448
2.50193899070913
2.70574022868718
2.63059118529691
2.89833216600391
2.64009390048022
