2.4594144298398
2.34873324713493
2.84609286148856
2.01718305481422
1.56918751925054
0.499238893499698
0.492220633307572
1.40966123712431
1.0848028368521
1.48398338767881
1.25746506145036
0.76685861663891
0.667945614317432
1.06494508986361
0.516541002783924
0.630754952086136
1.45672176592052
1.65465845447034
2.35558014642447
1.82112528566459
1.39412593884581
0.802342095349039
0.339526087976992
0.882691442733631
1.09618358888388
0.451471628078296
0.740520545204206
1.52306000050157
2.43960275314748
2.68433092581108
3.33747650659643
