3.35232592507634
3.62369452736709
3.63153989234376
4.43107311048913
4.51368560961816
5.26787998381439
5.23345234704572
4.38647391105439
4.80322331579771
5.14842916157465
5.03920214803327
4.91437568486105
4.86642638867158
4.18729432619545
4.78214710735153
5.38843439862501
4.93858741962719
4.88854852550869
4.05862182890271
3.18620960949195
3.49546393797939
3.35713265672532
3.52187528274228
4.17126474715044
4.21492370613126
3.92821691580323
4.60414089005647
4.82069593527561
5.22666264976581
5.26205115461928
4.91504064690528
