1.8932019938341
2.63649655581439
2.26658117194647
1.97873069840471
2.44736066699015
1.84971179609174
1.91475778940121
2.8147800546697
3.19055121839965
4.65225263830262
4.03797360375511
3.92293275572347
3.74036792138489
3.59009236710975
4.68605541050331
4.84156032636659
4.30196879332475
3.9229978557542
4.01222290767878
2.91114152170308
3.37649306315324
4.00141224926665
3.77576813646919
2.90817255024194
2.99886461845926
4.09305029209099
4.07020912881888
4.29226075302757
4.78110398984462
4.75132654334795
4.07070383250158
