1.73924129899421
1.78379203169539
1.24885093257695
1.31129494262792
2.14598414907164
2.58410029788434
3.33988982671804
3.27909525996007
2.85670623392731
3.79852651827901
2.9643449126736
4.24292475799962
3.89906005188755
2.93008415680311
2.7270501344458
3.09402992646142
3.14754535374164
3.2755723781877
3.19047311156083
3.17558376512516
3.91482571487341
3.58031374067482
3.70052635513027
3.90032194258426
2.42763440037858
2.17822511989404
2.45276736870189
3.27080356335979
3.11065928341601
2.70522436273065
3.72964171605897
