6.14225372289992
6.02114112502649
6.3644847701279
6.89701111176929
6.43213073098978
6.10160720888471
5.60581050091511
5.26821729820309
6.29052809206856
5.75281841587363
6.01881079888059
4.86845720931975
4.94311519898562
4.60891150147742
4.1838761186236
4.04684039834043
3.26834597182548
3.27851987187838
3.17027977644553
2.28343507647602
1.435690921965
1.20186796691356
1.37825540510561
1.28160573280932
1.55293693940511
2.24327465088463
2.60617071285269
2.92231356975822
1.77011321130409
1.92632434384848
2.41488324252839
