3.39585808514857
2.69678124449455
2.86019646459499
2.97061776755617
3.33629341297091
3.48684487342143
3.05290441478367
3.3649275406054
3.62010986597973
4.04368924868989
4.40492151525384
5.70543094339361
4.81037724447949
4.37325808571146
3.88168297244662
3.08079645156355
3.51462649463171
3.93092312479818
3.2469537402732
2.56326781192289
2.63871092514561
3.32142477857375
3.00327666408808
3.1294468261996
2.95424983822185
4.06841291426125
4.28202898762564
3.71054801633026
3.55676990895907
4.58555777333121
4.37061847475733
