0.190538396340798
0.890866625821218
0.355662730056792
0.577784021850675
1.13490577624179
1.19026396120898
1.410260344157
1.13798391004093
0.709748388268054
0.434320976259187
0.837524610804394
1.96470281924121
1.58991536754183
1.73327456554398
2.20194290275685
2.70401202631183
2.62133227544837
2.88123420695774
2.91292153391987
3.47657185792923
2.59126561321318
3.14914810378104
2.67550628306344
3.59255974623375
3.80219823215157
3.64794361570189
3.61451006566444
3.04079036626303
2.80916794112222
2.25252414869414
2.49865342026846
