0.0597325113292309
0.322141756070778
0.876022761454806
0.864169054324332
0.904094647383317
0.206636178074405
0.620405205758289
0.80642715212889
1.70792640026411
1.76117865222106
1.87462158494229
2.23002792515392
1.87779506172585
1.713563820278
2.40296319609108
2.39687856768789
3.91228678792315
4.39081519196249
3.44487076701104
3.52552646876475
4.08330887847743
4.38278204796998
3.74395402835845
3.81301906181662
4.28856816597445
4.71196129731724
5.04739056737052
5.52381124549945
5.96794611720768
5.61432708507274
5.2173849375533
