4.65252509507542
4.03307498343481
2.77126896967372
3.53984139749074
3.61846369603873
4.03549415786975
4.02147700201013
3.50998327421249
2.77547704038435
2.47712213575133
2.36527433857546
0.999493866751354
0.513494510028895
0.440220100805163
0.755186731228605
0.968452564500188
0.994462354807183
1.20725949341431
1.04138196865097
0.578328994568437
0.00713756703771651
0.42806161660701
0.964261403449992
1.10364030641801
2.20943805892318
2.32888791724406
2.41756612286269
3.0198784229841
2.39181171953976
2.21346666142642
2.71956963129639
