8.40232207620226
8.50240319404404
7.72658488639284
8.3771503640849
8.48524871524869
7.89208689015804
7.59273323715249
7.35316293100411
7.45362308508252
7.61706963248826
7.2810068812435
6.94861407392758
6.27860377031479
5.04626535602014
4.6506245895392
4.61684944464957
3.90731624335183
4.45334844531623
3.58503606503961
2.49152130943855
2.75992891805378
3.1554071987806
3.67293593132069
3.82977973747199
3.60893521921069
2.47381724158593
2.56567799879529
3.62796942957037
3.28371313374781
3.08179479972009
2.26243587461781
