3.1782197059754
2.87878313024228
2.85056285808495
2.8026220900163
2.22852776832151
2.77367788696866
2.49780844533152
2.3092453604032
2.64257524543709
2.91719422335072
3.54979022740653
2.69097850852913
3.42649739127873
3.08827619193389
2.17528079551912
3.1445658978474
2.67179888216114
2.39063668005019
1.24116223594955
1.07826768849827
0.323336548738547
0.582459372569241
0.734792585582133
0.890218491200358
1.39660490909591
1.7116442003753
2.31746836844832
2.38335411204025
3.23608223884366
2.52578586596064
3.3256449510809
