0.290315803047984
0.552860242547467
0.970573347760364
1.25729823554866
1.54982352967739
1.9736614381354
2.34467326713909
3.42603126265291
2.67901927190084
2.65272829323489
3.06632688725781
2.83364682030346
1.74089062530961
2.10510368054215
1.93553900616657
1.56337963128876
1.32222322947759
1.36933301985677
2.00959316585626
1.34406507611688
2.1652454902925
0.85991264591407
1.07403375813738
1.23340250368738
1.77935193342665
2.60255208661356
2.61475289034234
3.59958133176998
3.03490516223111
2.78484027605602
2.93435738078416
