2.9628439619108
3.32072580781717
4.04715849495445
4.27931617213365
3.57670251968269
3.4854415435246
3.47302757565815
3.0833155637509
3.13980656339739
3.31393264340189
3.81685304119204
3.81442444190842
3.81212266792071
3.97930692882736
4.8899706711666
4.50134575880592
4.23967451626894
3.70528372043241
4.38056743882094
4.36548816241752
4.19898137791511
3.46338599120695
2.75864009225238
2.3086499268325
3.1685454143745
3.45541193094786
4.22438527146104
4.93852445800539
4.35040706387471
4.41994802621875
5.94907873278234
