4.62904614523007
4.68752728692209
5.18178559523961
4.9099863596349
4.43667479009321
5.1055060032378
5.00538587533822
4.16818719181186
4.36975760099066
4.07267528968103
4.55474290459276
4.51612097744689
4.60090637391292
5.2198372406219
4.4357186038778
4.49608663816795
3.52402835872815
3.12159608442195
2.61858992276572
3.21445341280615
2.531252952646
2.64445952850348
2.786870177723
3.01259071694641
2.92173468217207
2.57974393025926
2.76970025815955
3.63338901277585
4.05469219026109
4.36360130348948
5.29029603495036
