3.9708184499395
4.17780519920006
3.68342016884662
4.26706603416778
5.13669601143874
5.06358936127878
5.74874776907186
5.26425067617478
5.08389731763252
5.13068472558022
5.0518921798686
4.68631607770309
5.43020455270395
5.08007064169594
5.1470912861069
4.99279537220474
4.40939893160004
4.54223968280468
4.11795084058972
3.33527391051607
3.7719275415569
3.06745130564944
2.72782503250913
3.11722242231309
2.7182170611789
2.48025147807613
1.58197957887142
0.857579717457439
0.662861085962504
1.46029359824024
2.01481508207872
