4.70888697971229
4.70532187566544
4.48109635618501
4.17716056039542
3.71795811947421
3.47376611503758
2.99726062874295
2.95033453801632
3.40846628626794
3.31964906701803
3.19899871620335
3.54168117885463
3.52604203136623
3.79424505192772
3.72244460602276
4.06988205924616
4.64645883085776
5.10549880558263
5.04166080540616
5.35560163151111
5.28834855573821
4.20667753385949
4.59374559757869
5.13085214322071
3.85351953509833
4.0890912769233
5.34431847830872
5.67180125968169
5.70209511363517
5.83486747057164
5.44018100029776
