3.49948919387346
2.99629373694582
2.45814470466969
1.79497357909379
1.86072235377317
2.2349163925722
2.93168923454171
2.71148307886718
2.21450844462773
3.66031468901595
4.08672082759252
3.83764241924321
4.37907117893731
3.503696684584
3.17008130773714
2.6662384863924
3.20454500717854
3.2957421986833
3.79119268022289
4.27917696474863
5.06069865063576
4.55231808787023
4.28479955796895
4.45418437626024
5.33010259349642
5.67130698716563
5.6940962231392
5.71681908207479
5.13920405232945
4.22764677487772
4.43026919293676
