5.79714798109011
5.8384637948718
5.49953770121896
4.17870748016388
3.86453628350385
3.26047084034757
3.45798217781224
3.42167098211461
3.56347337617875
2.7451932320498
2.50566238464192
2.50138070570641
3.0191647023555
3.11113655470648
3.82355153370985
3.79283551495858
4.5990153583359
5.08946191609242
5.42377111162345
5.11691043302703
5.49578961912454
4.57946422063657
4.38890263946639
3.99590504561463
3.67768718787381
3.73943067827174
4.02754270304837
3.67168171886266
3.89365942725823
3.81833147882396
2.93317162474529
