1.81435055851994
2.29309748842439
2.92819728034606
2.52923701943887
2.39490453510603
2.45381126676744
2.64750983829668
3.43446512853785
4.04765030408671
4.52186671567542
3.9504205839934
3.58315117813108
2.17762850962972
1.75979300027348
1.71928180123314
1.75648373037212
2.50904492007204
2.24081752080523
1.99574420511775
1.48494437177718
2.04461268222943
1.3630643901056
1.88690471670148
2.25188256844436
2.09887903390941
2.5609425110512
3.26951681820233
2.18398789337394
1.26391312710499
1.15649802654539
1.94696559172613
