4.03924460949679
4.69745438134601
4.28589681986091
4.61701794488658
4.40132152739284
4.28122784111952
3.76352999250707
3.82540491626901
4.07756453015213
4.52021212045406
4.0856194822893
3.87569282630761
2.52376986349304
1.89940593678807
2.36022824080032
2.13601154865069
1.55829761022073
1.41590413482231
1.01210289688265
0.792073813103566
1.59418428859157
2.58263775852924
2.74187139405353
3.27321013302957
2.243414537352
1.87708189499483
2.57580582911999
3.51961322871887
4.12670307399842
5.30687784895438
5.28449834490332
