1.89032765937606
2.02655135011233
1.6964768118684
2.26349615314908
2.09009296176888
2.40576857547209
2.7460163783741
2.76420642002418
2.57241683718681
2.78311954843744
3.05458537754536
2.55293656568907
2.49618512215026
1.96139032030411
2.14181025032818
3.06080333595097
2.86986011159539
2.90790935731426
3.50238676541418
3.11711395936951
3.64011036823436
3.71709586060539
4.30566556458294
4.15904140830904
4.69073920743745
4.83658219967242
4.43106127786655
5.04731873749029
5.91213317890856
5.51577675924841
4.80937035487501
