1.95616566284901
1.91825563277205
1.83554346792487
2.56848162578506
3.31520577755843
3.46159950832923
3.61596405648713
3.97964051438582
4.43151730697689
4.36698530780238
4.03116777728398
3.70077136838701
3.12644911096323
3.25008923681345
2.86403788351346
4.23239495027702
4.34037155778971
4.1596566539247
4.29213452180739
4.24452343704071
4.4461852214754
3.96300251250979
4.30014463122826
3.72739257552843
3.88743338180888
3.65418880950842
3.51073161564949
2.91328265919532
2.41827916382994
1.30257308907989
1.1153420174203
