3.88705790028858
4.42594235748934
4.33920303112778
4.33654225813175
4.60241145393762
4.44429367952931
4.64276351020622
4.54744741618608
4.46552627482426
5.12929998123993
5.47090688575965
4.19284204761472
4.73304213928033
5.09577810185977
5.25881111974843
5.66918508175711
5.26381935903753
5.69802376211571
6.64998590739394
7.30718365384216
7.28418308348198
7.19434310726791
6.33300423014879
5.93900669266995
6.33200584160567
6.83846555365652
6.68794304688123
7.08910046863963
7.42806562568654
8.00637353185226
7.98455058663745
