0.0844071659069967
0.146632082787947
0.895244847983122
1.83709756943264
2.16605204815843
2.71093579271675
3.42226507451252
3.22566014790775
3.77342710650393
3.51517071162218
3.95562910178543
3.96952071862162
3.52302980149963
3.0661879140591
3.26377344417253
2.90960574505718
2.87985399953888
2.51265798981169
2.9907412124505
1.67242702219502
1.61035809369625
2.38480872178317
2.63261200540566
2.02575702389569
1.99385041866319
1.40471312223801
0.899417934071806
0.82728503371456
0.788371619768441
0.796634537167847
0.914685911193802
