2.41781360944425
2.03375468621653
1.5542947899985
1.33036104924669
0.748743423117967
1.27477457360056
1.5751419529288
2.10160225592245
1.8143410085204
1.09672045194842
1.16261413739361
0.897602094331013
1.18440343610644
1.39345517646223
1.32572001482993
1.55933773060031
2.19506549633741
2.19482304280325
3.20104769747269
3.84703943146889
4.15454585776868
4.33732269118744
3.85765764602664
2.75419271175022
2.99086172898504
3.72079327559303
3.75510661510023
3.8578121129109
4.68842546899453
4.76333729784586
4.53931475111612
