1.16680907552539
1.383640769184
2.27959529323272
2.6012848016224
2.31815535331845
2.38033230406
3.45605334559224
4.32848998371071
3.99571702235869
4.33081983078762
4.93636785752631
6.29409561867385
6.52283674015223
6.91740872014805
6.56683496830544
6.53997251323915
6.7428979664345
7.10528120098195
5.82676819714277
5.9847536593036
6.19199435467024
6.10127315654543
5.395602636115
4.91659246578936
5.11381819828537
4.75708520862397
4.97269787204575
4.73657183519688
4.9299558362284
4.82691096894566
4.3017527345394
