6.59456579606044
6.61691608754914
6.03801736676933
5.3026334866775
4.74058695210765
4.14283685529294
3.05975522570002
3.18824493376228
2.9184174065354
3.24088446356977
4.33412193487088
4.28678741798426
4.63824482288832
5.4574689562774
6.33664061947415
6.01686009651671
5.33971183364384
4.73508327723585
5.21783060663484
5.52744813253276
5.68724031130888
6.58517100698419
6.42980764172023
7.12410495447909
7.14338812901621
7.25836252578517
6.38309723505733
6.35983181832341
6.21640467335453
6.33183670899814
6.05637119681557
