5.36673938295076
5.31190972512476
5.58562136621102
5.27589527953304
4.94238013255298
4.32291040027402
4.24086807032935
4.72942003857232
4.29614346095249
4.03125100483074
4.49995335906632
5.31384799506403
4.84022345969341
4.19521315598748
4.19678211352094
3.88176925084791
4.44036491308599
4.48895286699063
3.75509411579467
3.89087572338529
3.43175963585734
4.21542704867668
2.92089884861841
2.71256018377378
3.58231798087716
4.20703248929701
4.26096835912674
4.10920848342128
3.29715802654162
3.04699648049198
2.95376696431547
