3.86660398901242
3.60805766677251
3.3587494704104
3.83684325680835
4.59620298209367
4.58563157212584
5.16868759756572
5.04657816659488
4.63967309594914
4.51390629523262
4.74313663882963
4.88712366500096
4.4436645580771
5.27221329587871
4.64215457101596
4.2500682271762
4.76516701942475
5.10818246295841
4.89345613341013
4.71821608892808
4.64334868486205
4.60667214901352
4.77014034227634
4.34016536511646
4.34790744339282
3.54923774660731
3.36303698350841
2.78523478666486
2.74304958358753
2.42924528611238
3.04225888797428
