1.06816146533937
1.53243105310948
1.35537921415643
1.4880075367354
0.461660019466665
1.0384013983421
0.63230484421365
1.07089753821492
1.19445375679061
1.05164748989046
1.47601773706265
1.90229150862433
2.24594037351198
2.23791292612441
2.07871400006115
1.84455480682664
2.33830798673443
1.2246776712127
1.37489798339084
2.47297502495348
2.58367843832821
3.18442650814541
3.74722068966366
3.59948960831389
3.11354365479201
3.25649744970724
3.12692860420793
3.78863935195841
4.62966116075404
4.36586710345
4.43217666867818
