2.15408758488173
1.81524539285934
2.32928188716656
1.93380366557872
2.67220255791804
3.61945339770651
3.66013585757174
4.07173715396494
4.07243966851093
3.10415202174046
3.84100477657922
3.92105730161712
4.34314104546503
4.34617781084672
3.81107478011109
3.64455046580016
3.33075931021787
2.14010508643306
2.09997764019952
2.65636295196326
1.65137149812379
2.16955607222419
2.2461683254319
1.44245535741586
0.7981923758148
0.384276771475274
1.14188595095155
1.08105609918755
1.5599608754627
1.8199964307706
2.66025410359643
