0.0903167888757457
0.366028076736256
0.764790867455304
1.48290644190274
1.3421279671602
1.34451367985457
2.18779264600016
3.0667971004732
2.8012233969152
3.82117921825052
3.31565221644491
3.06343014713861
3.5520302009631
4.36568455014863
3.59438245430142
3.08867098100968
3.17462032231056
3.54633843701817
3.9595681676969
3.44842200482749
2.78039295215644
1.34454116563797
1.603683149568
2.1195960942518
2.74936564698369
2.74185379746855
3.52137362201251
3.40745982260928
4.08982896165476
3.62922449329421
4.00035130780675
