0.81099327757053
0.933313413266785
1.70390778335253
1.75698593792016
2.74471811389061
3.12775051358598
3.08561220172861
3.42758179050007
3.86557947065749
3.84623506555757
4.28386444093151
4.58921371430518
4.16985815630654
4.48384423025312
5.01583243727112
4.62796512639065
5.78315903033976
5.24036198595453
5.08349531629969
4.66955953391183
4.66890008930963
4.56304254636083
3.89336553469215
4.09280563934621
4.15234177417036
4.39684366412885
3.71617995879105
3.38633614570326
2.96737153410404
2.96979670088231
3.37282462000339
