1.18144577224206
1.25339447096389
0.958120377216749
1.154551253835
1.28257404844675
0.821873788437135
1.55433485488806
1.12012557803008
1.17592645206278
0.456742383565514
0.452008508145809
0.317508637905121
0.800719589161362
0.196044869255275
0.43105478072539
1.45740046817809
1.46221902011894
2.2719703828916
2.34630579198711
2.35721328761429
2.64995467825793
2.9773787194863
3.27257176954299
3.50153285707347
3.77508468343876
3.27964542852715
4.05581298726611
3.67550835409202
3.99521863902919
3.25070732482709
2.57409634490582
