2.73674820795347
3.26823024348048
3.42210272339796
4.0000189951497
4.28616800148663
4.61960354762775
4.61591466366005
4.11545225222287
3.82311843801482
2.74933757283917
2.61390983732609
2.90766683058074
3.41683579024135
3.16481479976534
2.96502643658056
2.81933088272086
3.3190417370966
3.11702953462697
2.66966486556663
1.30457305649503
1.19990607721008
1.30463135426141
1.4913343295662
1.08820925510696
1.38639018356077
1.45041046451985
2.37058830933853
2.79463282946705
3.53162893557198
2.4848926244045
3.4542845829597
