4.28201608192288
3.74906809460484
2.96262094583475
1.86424231547975
1.05125391502046
1.64167121350878
1.72520112055466
1.31017683977374
1.35091666620885
0.752010485853156
0.233113073045388
1.52761511784047
1.49771158234216
1.91942806472071
1.99462560238317
2.17898088716902
2.8632101318799
2.73077870626003
2.8823153602425
3.79462364525534
3.65208579297177
3.53819128009491
3.36369921034202
3.21541828603858
3.84743240533771
3.33016489015335
3.49704901699351
3.43170140019992
2.2741523295399
2.87464908056335
4.13023828610221
