3.07444204235594
3.04969798106845
3.10469086290482
2.64545215046178
2.46458245473127
3.58259457544568
4.53067600083682
3.70167484468925
3.63672981815557
4.49294118009652
5.52789745791028
5.35950862694676
5.04703612168464
4.79116988795954
4.90680786999087
4.38600086662132
4.20863389139208
4.17851654169627
3.9779953312549
3.03875303603255
2.5966408716935
1.98218722999573
1.41466393726424
1.39058800981857
1.42824744628288
1.51718075233057
1.61915292157337
1.72343724143398
1.84877309428235
1.54226632455071
1.59973216016929
