2.16748464944406
2.02868218951492
2.07153127224749
2.17387789161926
1.94822280225394
1.56298250192826
2.0007594007456
1.71549691762529
0.881546049050392
0.69927228279166
0.622604260824026
0.332234842702746
0.94378557940945
1.51074271765538
1.67121667019092
2.55727864638902
2.4251123177819
2.68754244106822
2.42778627271764
2.82314358465374
1.81459596566856
1.27794198296033
0.656087438343093
0.633735430426896
0.960705305915326
1.58682540175505
1.42217080364935
1.05328894781969
1.63364146885551
0.896965046790629
0.447584340260565
