3.4983798060417
3.09524462743102
2.04732055238819
2.33504038256033
2.00518789699672
1.58238437327927
1.77771536166219
2.0348102559652
2.42908600157498
2.62881605232505
2.26700684240459
2.329305062351
3.21592308422662
2.49812964913547
3.034400298075
2.91144657884836
2.70762736401632
3.06864375357483
3.14424823263627
4.15185389078189
4.03728365564685
3.78945500628989
3.50446960066412
3.49162134124864
3.16693314506639
2.27444562145475
2.07047219846364
2.13546830990318
2.21616362819415
2.56706916766208
1.40708289334517
