3.15631184146975
3.30308084865573
2.6533636339056
3.44496151293169
3.34895998682367
3.77031417983125
3.67993356497499
3.45386036881718
2.59702588129329
2.17810327676597
3.14832661953295
2.6312069760217
2.41053059634639
2.05550985841258
2.93853678845047
2.72931324236272
3.3782167468424
3.37035164388074
3.57293960882528
4.21089676103732
4.88885123061194
5.41476139088339
5.44378355506054
5.06252731464049
5.41419951489373
5.86659716871722
5.08295624690285
4.72431637194162
4.95652996898783
4.34460281218557
4.26979714689
