0
0.463112920057029
0.660878591017477
1.50961138798078
1.34107159684566
2.19441165496749
2.26325959364106
3.56110974099641
3.96746646660534
4.23058393738387
4.57610407123496
4.05106724240971
4.24802354957131
3.37809865852972
3.59591096640719
2.95890304028211
2.51645826758971
2.87261546543954
3.73723585462352
3.31792808045787
3.71912754700673
4.11679889728469
4.18071119581503
4.48623460741868
4.76820449462315
4.61453891127525
4.43392885617135
4.00723853079756
3.17080471223374
2.91236890387876
2.19162605797095
