2.39741503150331
2.00160081271211
2.09187285398262
1.23220377421135
2.32137007434981
3.18035379849503
3.190301500318
3.3658182144271
2.6615434887925
2.27267763396854
2.10554404680906
2.30606981165064
2.53462735664388
1.5083916937775
2.14197051137043
2.13674920502407
2.20402339364691
2.26242653248922
3.05563138137661
2.22025260251105
2.48732040511534
1.4901526106158
1.33093639198781
0.586536775110289
0.779208794514778
0.503667301964015
0.909519852564779
1.74116944913484
1.51690485347725
1.50204159175709
1.37217361638985
