4.45647454464665
4.22262587414911
3.91228654973997
4.30792424937567
4.96928782381906
5.10504505939639
4.508473827437
5.23019469552187
5.63348926417043
6.09343728096669
7.28907360764665
7.30700870393289
7.28692284388912
7.00046384101247
6.25937927746658
5.97857707156313
5.69335081474369
6.02339492924025
5.96399391376484
6.30687294275571
5.8203385668255
4.97142089883868
5.05589588258908
5.12483568725057
4.96780249688655
3.82455701337077
4.63856225323744
4.33032232083261
4.17448241685398
4.09897994858094
4.39323114699565
