0
0.616692408453673
1.0269620839972
1.05358426179737
1.12036080258392
1.58644489038245
1.32220329206878
0.889231221540586
1.25864677180046
1.68914038084888
1.54077393610472
0.889961747708485
1.72241014710137
1.35729123631002
0.587303661042824
0.728126571979374
1.3814126001671
1.94349482319501
2.14457318176699
1.67232859497142
1.89542622942292
1.78524694856071
1.90758963566088
1.74892110455596
2.98669328595326
3.94167500858941
3.57871835919843
2.66142414565013
2.91130502832868
4.02176326055826
4.01976102063247
