1.3758230499836
1.45135080762267
1.45603793690972
1.51958504965588
1.71208210120968
2.05044044152893
2.1005884470063
1.56676910101611
1.56012643044195
1.94910232987567
0.852906585757944
1.27382374810986
0.0901665084529668
0.896712733898312
1.19844832480885
0.600811334559694
0.315072312718257
0.744472857282283
0.949145823717117
0.450667155208066
0.120615300023928
0.724845764692873
0.495677232276648
1.18533057416789
1.47574973641895
1.5754420871495
1.77167695598888
1.88715985744472
2.74613912008914
1.79892089638139
1.16866714042823
