1.74747806407197
1.63328722251265
1.91190289791359
2.11531892178266
1.55091577713995
2.40578467763646
2.6526666874303
3.01523624167354
2.37629048100249
3.06762132903137
2.12408508306877
1.85126774332062
1.33236560311676
1.52279203843833
1.92095742926509
2.85898947592401
3.12672912578606
3.18146249551834
2.49146235232423
2.43519553017053
2.73841593123577
2.56434587470791
2.84018722297619
3.05662197880443
3.20070044099921
3.28682918692575
3.22218055170597
3.53237838260466
3.92274514711098
3.44438331327037
3.81173798916498
