2.61330537805808
3.0697292238987
2.14646183564802
2.14065491809053
1.95695683621345
1.92844873834876
1.32450473523242
1.78656152198566
2.00294982134839
1.87308525508744
1.63944708514502
2.13304124113766
2.33439746515488
1.96242799137382
1.90611433975993
2.24102376767097
2.4029492020387
1.26483291310852
1.71145971811039
1.51462894042617
2.34414173958486
2.30095079348085
2.87272970813921
2.47027828002011
2.70446770514956
3.2476826467797
2.96852645224554
2.57932312523609
2.72519620291551
2.8357850342769
2.62504418466834
