5.22948224736164
5.09160175161223
4.0813303013404
5.31153014405417
5.45442564287487
4.80325325615968
4.35283479388136
4.84007081078756
4.71642235611956
3.96465615128558
4.24037700953353
5.05828827471863
4.61598501342684
4.79014268854968
4.55582928714081
4.66156696258783
4.78662784454151
5.31892119893543
6.20541684805154
5.78269001292735
4.98249167493283
5.07858433374874
4.4989503134109
4.18741769935674
5.0980595078852
4.94560883600003
4.20148047861382
4.86732693399041
4.89992862065061
5.13280993337481
5.16391625483034
