2.0918517370973
2.07521594928805
1.724069641747
2.32726983803552
3.01157407027897
2.61961317985915
2.71917427300141
3.23857755997815
3.46231440530782
3.48130319762667
3.64689502428909
2.72367281100405
3.05519016279531
2.30077734223259
2.20618759218295
1.38392279606005
1.86453932599788
2.0445629099462
2.6312672439575
2.39760708199663
2.33031886462903
1.54279464688933
1.71042656685075
1.64249313766885
2.33524016225527
2.30258721746321
3.00500521580505
3.0541546578035
3.3129556347132
3.60533018926906
3.05326479351896
