2.88629058795647
2.92685271450916
2.20599401463421
1.36008544336671
1.20627902402209
1.66755706933925
1.67155862576926
2.00194394422874
3.14651370558135
3.39271312530331
3.44648613056346
4.02420304736301
3.69624382394544
3.58628053215511
3.47127748068601
3.86923900569968
4.18827440167956
3.71429232086233
3.59370859313935
3.43906749409802
3.72104656716987
3.3083138360846
3.82984922544278
4.05793783623266
4.66945154774475
3.92973229075751
4.43682106277875
4.32395851724751
5.00018124651133
4.46093878635175
3.73611172657429
