5.46364676938969
5.62071239069292
5.65566623822042
6.04657167784126
5.76519199606219
5.67657953157277
5.22330374798287
4.44220502270867
4.22186029694524
3.5313807753056
3.50611173679602
4.04664380996883
3.78979452964313
4.56987707884446
4.77260487209469
3.88355413879663
3.69730406728968
2.90080495536722
2.92652222033359
2.21890666763067
2.13493234812051
2.65258375074483
3.46534149217188
3.13360609215453
3.28467949348271
3.25373263292715
2.30688594871901
1.34157479190037
0.943755076447421
1.29248777954753
0.588652335561662
