2.3213779496211
2.52532800037371
2.27748861077199
1.82431913837822
1.58279646765473
1.63670312888021
1.67095740623804
1.99373884447882
0.968417693814581
0.795148593094519
1.08891928610424
0.900031093740836
1.22124374518171
1.34769466728903
1.52707691886462
1.16300140730999
1.22435161229185
2.03707699398472
2.03090867530517
2.62292047417685
3.60074479728899
4.19573791664987
4.23832309977618
3.41281345356723
3.08957618019079
2.73870268706699
1.65227748905775
1.05570606571158
1.33868387211581
1.44428366921378
1.38182362062392
