2.21076870505895
2.34405080770339
2.96146044490124
2.54750228259909
1.76908760500337
1.21512961393419
1.40489124815176
2.56840814236748
2.59295601263839
2.15061936021048
2.51797959260839
2.29968821170005
2.94682400842394
2.92563845642108
2.35211145417961
2.18742894329614
3.14211743063777
3.6568579326339
3.35365589493438
3.98528242944292
4.10070164659544
4.43167068943865
4.64660994191206
4.1394062432082
4.37046693718001
4.87900695698159
5.65803346391591
5.45198132517235
5.36538187414827
5.72743554413738
4.51934505976224
