0
0.88017756678164
0.349032011581585
0.480398556217551
1.33179510082118
1.32701779040508
1.68167745144464
0.940144893102194
1.46550990486875
1.46827600276455
1.74928899420782
1.67845146093258
1.54483098132277
2.1144888321005
1.92175219408908
1.33107205262148
1.30272825193332
0.592871419533357
0.380920164519921
0.709079158492386
0.125884290784597
0.270894318353385
1.7189228401985
2.78142080456018
2.49232452153228
1.60520999669097
2.23046011384577
1.85770615399815
1.46741631859913
1.82330974095396
1.71156406981766
