4.41273177423174
4.07318463952871
3.82205577808092
3.26741161508145
3.06008283359589
3.13255740197966
3.30856406750939
2.4700117862489
2.71284599940645
2.69912697503696
2.81042166695351
2.36328522213551
2.14909987039681
2.34384726900424
1.63296281164085
2.08528780834322
2.967482430763
2.9597228995016
3.04311925605444
3.11969082769511
3.18056007348505
3.6176311740609
3.84769684113135
4.49958445843813
4.11111963227895
4.03648059968409
4.12672750295662
3.76701545312592
3.38189169315212
4.15931474200972
4.08057504443043
