1.49855394986923
1.99463157099205
1.12359847966115
2.1562584715383
2.26801493459405
1.48746588312113
1.54122309594439
0.914463852048159
0.573852726025507
0.738777783932164
1.177926403936
1.33886892185546
1.96187643450685
1.60763079347089
1.35279410798103
1.03279258287512
0.935368395177647
0.519625043720599
1.08660027919396
1.03320736041352
1.63408489384748
2.17252255692366
1.9472299711335
2.15003838525373
1.41686498392593
1.33847720776904
0.61614504433237
0.517337029566988
1.32419026806019
1.0991524993442
1.20958124916069
