2.06880694483869
1.97611463484817
1.52907583509103
1.84254812584721
1.82753619500898
3.00206405129746
3.79348608963654
3.38248635405206
3.54577455238227
3.36593718674753
3.03961522166405
3.31279626359951
2.79382827143904
1.96813170040745
1.64110033783849
2.19917224703145
2.51533534337555
2.43211952719626
2.65770246816588
3.78762192425107
4.38104525633876
3.70573969121811
4.01363566687119
2.81553186529105
1.88816577691373
1.64172899659512
1.61315576039974
2.16324750526597
1.54558420535614
2.47070840871989
3.06658029495834
