3.68393798168593
3.20176997241408
3.5450312164224
3.44350976956433
3.84430339740014
3.8797775126843
4.69634372990934
4.90028143900802
3.63617345800979
3.3648439342471
3.00353319610825
2.78938664978726
3.00828463135643
3.00174839974737
2.00982373574173
1.7754897297675
0.895865756155426
1.41079750151696
1.67874381954173
1.77646155183519
1.50608658202308
1.65035743376556
2.5544290357974
3.63194368959
3.79154564898988
3.67437599266475
4.20853975710986
4.59087673660895
4.21328094245462
3.44987476260928
3.17284108109368
