0
0.44369386555627
1.03387703187764
0.616420602443873
0.810851390025824
1.34040243436514
1.24074754260412
1.96875617445378
1.49119485055028
1.30311363657868
1.62521388569778
1.69859757183051
1.93053884130834
1.90603722168746
1.15542640725764
1.72118064833487
1.94503477800319
2.0097070955919
3.16776797992791
3.3536833874851
3.72386017660308
4.23477805239862
4.13351848182982
4.10277257716996
3.8937222443684
3.32055076963036
3.53276488051517
4.28577213600977
4.88938935363433
3.46315629530466
3.60510606883793
