5.28161413781975
5.03393052146469
4.57510120864656
4.69749742886681
5.0848775699332
5.68683034484905
6.31105002451549
5.72937765598221
5.84951269972993
5.36052139566204
5.83437034042476
5.49477796928881
5.38561638558207
5.11970065065583
4.99042696642613
4.80673481046458
4.67396509635498
4.1661911738315
4.49044931642526
3.68450270199579
3.11148811227073
3.40196125979898
3.3877794607765
4.31556340076392
3.90194859451046
3.08801543064094
3.31026810876704
3.93587383809907
3.64160810732691
4.04927811487986
4.53544089892356
