3.61087147097943
3.26097172566598
3.70284103204405
2.70246240075586
1.89932211416682
1.79176178595891
2.7811062240312
1.7518387608966
2.50307604179626
2.34332703960037
2.85018149039617
3.18723218792958
2.60936746301969
2.07303325271142
2.50527858196666
3.26679928086607
2.69765814298672
2.854343206835
3.22220243721178
2.41254657458423
2.49313209506592
3.69948818369677
3.81423673055043
3.66934918381689
4.20741778311735
2.73922178640446
3.63420676395712
4.37073017077004
4.68154559612689
4.81252116362979
4.77012842686331
