4.74895971657673
4.70108905008959
4.64533416827174
5.53793537121231
5.62451387423055
6.26001920724772
6.86819042904787
6.81036176881658
6.02303368737826
5.84983593388366
6.4716175908679
6.24218274559731
5.04077725624571
4.66423341538662
4.17999522713849
4.91986337653266
5.01695434953199
4.74071691145716
4.68799038634232
4.53203759070082
3.85226798460415
3.64037034108831
3.27770856937921
2.46392585670172
2.22482466145946
2.48220734631239
3.62462629361606
4.42959003832719
4.84239589099725
5.27511564784636
5.53248740293038
