3.90175376616843
3.77994809177198
3.00397628812732
2.18360315483676
2.2123106148714
1.62444960942173
1.82793954980241
1.61088560253063
1.11879314306805
0.978355098391488
1.79562981740253
2.12719325452724
2.7759421250006
2.71839667681286
3.06672011163698
2.60609695628898
3.78210538496876
2.92387251170964
2.14236719451526
2.27007452805208
1.84690147420711
2.41369512296601
3.26441887129418
2.79158033049985
2.89562663730553
2.43480356728046
2.95358969142021
3.15203329349229
3.38696890893684
3.81530583287881
3.39233835936016
