0
0.14234426105395
0.355587443104014
0.936732701258734
1.31358239753172
1.02956835762598
1.24120210799485
1.41114279594368
0.692339027664653
0.69522850564681
0.416247793706134
0.0865443765651435
0.886046696221456
1.17839661194012
0.33124476345256
0.756290491437539
1.4096437622793
0.837054687689696
0.58143803360872
0.513158090412617
0.96861570328474
1.07089086459018
0.950515804346651
2.01783467503265
1.77352663601883
1.66903513210959
1.40836684137038
1.61544351872444
1.88978619721174
1.89348616042561
2.52371127262167
