4.66476103348616
4.2823439073931
3.46572775884178
4.04153780687247
3.83620149992984
3.80951257524091
3.6642490339839
3.2170893175901
3.30655511709872
3.31916309971373
3.17953787589456
3.5936879097392
4.41031682988639
4.72083459523517
5.1272799659894
3.85905431708332
4.16593822798702
3.65343582316056
3.36169776844546
3.30238262017012
2.70840456232183
1.67555093218327
0.887471533776043
0.520614956901191
1.38319801113081
1.40788588407335
1.79134901254323
2.04006772059833
2.55477072698068
2.62480973525908
3.54777600270699
