4.00680942273555
3.75539923900595
3.85518655016875
4.56358018539702
4.90121856191052
4.34093484584099
4.48239107335774
5.17938878476892
5.14741923294221
5.60293046252062
4.9959275251068
5.56919763365759
5.93276493333278
5.71194906910522
5.49647817207141
6.20245320844105
5.51516941078579
4.66957598673752
3.59428496920144
2.48676624200879
2.77869542274265
2.77481946331089
2.63319023633948
2.90706708842345
2.74073753251151
3.27590853605807
3.51723152190835
3.15901835869454
4.16763711046815
4.35806592741438
4.59386440507524
