5
2.82738392513173
3.01764166973583
2.81384676645335
2.69172873291564
3.04625442242991
3.03077653920269
2.95556884292624
2.78726241875129
3.04151997579132
2.92096011591062
3.07302695327633
3.25646349020297
3.25947749167383
3.09954420366551
2.95155839215716
3.15062511597974
3.21802834640762
3.08867826861741
3.14228310912774
3.14308452942613
3.14074065649564
2.99446229982707
3.0164235270596
3.32979169873297
3.06258247585225
2.9097759653199
3.10283117957629
3.25519607469127
3.37648528263502
3.29940882281386
