0.05005 0.05005 0.05005 0.05005
0.130467541012891 0.0825085535978298 0.148640954470695 0.122797238330547
0.124100534457504 0.0624662824914421 0.147456758809225 0.127105164230629
0.0956580241891003 0.0590627948608013 0.160299480634955 0.131316325796299
0.104897618652794 0.0578604887428221 0.122897435696519 0.136051590770544
0.100788163298730 0.0506293067350727 0.105168530344595 0.123349939407361
0.0924806724917223 0.0560941090400251 0.116831068605090 0.125955671831417
0.0904540164498383 0.0453409941313408 0.100652751044020 0.111294408315991
0.0799377981885844 0.043952475190405 0.098261580168322 0.103398182778777
0.0729678762954019 0.043952475190405 0.098261580168322 0.0925505635223519
0.0729678762954019 0.0371840718129494 0.105191727377797 0.075438851143541
0.056045362580599 0.0363134592524779 0.118877437470690 0.0736596073319633
0.0651655837432726 0.0337323290890154 0.118877437470690 0.0743334791648366
0.0607651155148225 0.0396425405757919 0.105313020771641 0.0765942307930312
0.05790248557281 0.0396675141741827 0.121023164849768 0.072494778925735
0.054794152991053 0.0344148458660137 0.105836679115430 0.0725409513216356
0.054794152991053 0.0307449540580339 0.105836679115430 0.0622134175537204
0.060782198326343 0.0334126032584144 0.0919756249515275 0.0627893665919202
0.0571317909826312 0.0319218508561087 0.10814019873654 0.0538808761803319
0.0532938069697753 0.0287672682328717 0.105782234312726 0.0493523416073648
0.0541519505982009 0.0240969302573522 0.105782234312726 0.0503213018038061
0.0522124949657739 0.0235947465662658 0.117019447710979 0.0659864669269283
0.0515811598256772 0.0243978883421365 0.109875886870897 0.0615912868819771
0.0548441442462078 0.02373049411886 0.112183299601803 0.0477854023863572
0.0387482227473894 0.0220663602279414 0.110889421273026 0.049880265985458
0.0387482227473894 0.0193855674558052 0.096109105389579 0.0486215145227135
