1
0.309525801829858
0.309525801829858
0.309525801829858
0.309525801829858
0.309525801829858
0.469845964079357
0.4955362131977
0.404590902741129
0.357848492972971
0.379087444594182
0.362748801511096
0.352718782750869
0.352718782750869
0.384145552716696
0.384145552716696
0.444232181852114
0.418494875027243
0.4290917225413
0.41069814840902
0.495645648835677
0.487203406365446
0.478632655968904
0.461458642501354
0.472551319744381
0.399923828940127
0.399923828940127
0.449028290068383
0.420093658253296
0.391743628313972
0.461374860074611
