40
20.8095628483434
19.4458256943271
19.154936416511
17.4142947597103
17.9559588979885
17.4426336107842
11.8194283232109
13.4601842108451
13.4601842108451
14.8430322605402
14.8430322605402
14.8430322605402
14.8430322605402
14.8430322605402
14.8430322605402
14.8430322605402
16.8561715725732
18.0982508987708
20.2047371919222
18.3331015233056
17.2859932768665
23.2960908635193
22.6606238543367
19.3104071138139
17.9755267465803
22.3650517221111
24.3060762541416
24.3060762541416
25.3082400753228
22.3415090458034
