17.0857978361624 41.817695974906 4.50177506012650 18.8941968212733
18.4373908936770 38.8830307392153 5.1896390060875 18.8402910017306
17.9964840118358 39.593863749129 3.79008959038541 18.9281883890638
19.3875024634711 38.9330859251146 4.14953933903374 19.0760350143985
19.2368579163210 37.322073987867 3.00050222352505 20.9796040244849
17.7890150566781 38.1463927234031 4.48117482816227 20.8683336377486
18.4900376473604 37.349835013449 4.61401512815446 21.4889020584866
17.2836219487327 35.3005710766357 5.1286654860416 22.3167539602584
13.6599349999415 37.3243025563026 5.59211302494459 23.7579671134565
12.5343436203512 37.2852714460643 4.76667421024121 25.6799047868091
11.5038665324064 37.9468118674978 3.88978717114586 27.7530149573573
14.9153261385473 38.3146880395060 3.34439859038028 26.7648232413858
14.2890959809653 38.5446448092043 3.19162155675511 24.6922010478033
11.3936650636561 37.5249889440528 5.35843549004565 26.7774311254202
11.3063950233020 38.0289774680204 5.20699538605725 27.6482985254075
12.5613678919010 38.9579674935593 5.51642442408385 27.1787536825683
11.4799396760621 38.4432714104384 3.70471620915601 27.3236667865949
11.0438414950800 38.59448004659 4.65576571139651 29.4565148938509
11.3836789054956 39.4307929291922 5.48067642708453 31.0396584540668
12.3114576440464 36.2761760244774 4.88724540704642 29.9169758765395
11.4135355892623 36.5182626939076 5.47699502035757 27.3053415988009
13.7118548358822 43.8553514748509 3.3155464753021 23.7350176318146
9.59543043272886 42.0294734001489 3.00446419436266 25.3895587927259
10.5497209859112 44.9009094614865 4.03266237554853 24.8541266533143
10.8487132875911 40.7688610679935 2.71877563507077 27.7994306354381
9.98442103802144 40.5236289441119 3.72231236281586 27.5085779034130
