18.9446449044397 42.6035148783508 2.29427840759132 17.3009239482566
19.3244326881665 42.5388205543081 2.40359269033436 17.2792556556746
19.4640859815824 45.1557092091921 1.82664952659979 17.908641555877
22.7783718371914 44.273249064378 1.64652132522315 18.5250299550309
22.051729787751 42.3905607288029 0.70129220187664 17.8939428306833
23.3661402758722 41.5808864383952 1.78558296407573 19.7051958787847
21.1531726049973 41.9720164966137 1.50008621835150 18.4438918900459
21.2145333627952 44.6111561553852 3.15355710801668 19.2640053719997
20.7641683623908 41.9146703426094 3.66489830240607 21.5234928137406
19.7528961284800 39.7222792245747 6.42385289585218 22.4636961842670
21.1355817721007 39.8421992361845 7.54568046773784 21.8363276276283
23.5049241979389 36.6390434404137 4.38428937457502 19.8488037216954
22.6658281984521 35.8104255332845 2.39006692729890 22.0607411380403
21.1978934754400 37.9456274102799 4.3771724011749 22.3558158952289
21.0602856025801 44.0778073354981 3.46156830643304 20.0003685423650
21.5294904175004 42.1066950749032 2.91026187161472 16.8860662396543
21.6059058408043 40.1532030709445 4.67739543909695 17.5824599287762
22.7511655290982 35.7330889406971 4.08022680072602 20.4496241140468
20.5364845398253 38.1317963790827 2.38551938100275 20.2773751079394
18.6003123606652 41.2570569929414 2.22038009911333 22.6919491797043
20.3384543500006 42.4690391436066 3.00954668675107 25.4567855692758
21.9409833747059 48.1044883412156 4.60315358740766 21.1247450544788
18.3005766603692 51.2711962062353 2.35425845845160 19.8696214680849
17.5536466320904 50.5939123647756 3.28528550521511 20.9416741489722
14.4954546043576 46.1009956636845 4.34855710294138 22.1099751604079
13.3439323314716 47.1110740868059 4.38207827972289 23.2645477562500
