20.0336590190558 40.2997510345811 5.1118833107533 18.8384783516895
19.5401964322804 39.3104161830777 5.10070250460832 18.7187946827101
19.0691446956957 38.0965853879387 5.07799247040149 18.9264784781364
18.4315638048743 37.292595713471 4.80321587819852 20.2378461208284
18.6141513076087 37.8064917950676 4.0855050632941 19.906293262364
18.2393881922995 37.7909525118827 4.16623938141637 21.2107408285231
20.3848858817704 36.1512176923512 2.96530434686937 21.4978921791628
18.4233779668784 38.2510399609973 3.03466087404885 22.3258420532659
15.7028348915258 40.6642948488116 4.1197691973044 23.1863634674048
15.0140199863713 41.6758266730577 4.92135058145285 20.1691828515269
17.1635970964457 42.3665503776975 2.34228346601375 21.7309426005819
18.8801263465907 43.5028843293711 3.53579525449476 20.4574450936058
16.9484537334542 40.4008434609849 2.30942820417857 21.8116814188549
16.4657345874791 39.7203017570417 2.73908393979235 25.9096038333961
17.0235996623148 39.2114255120386 5.29600829244754 22.7257761165389
15.9181833075916 40.1562538574789 4.11980634099035 23.7767306148896
20.0626529561912 46.968652540293 4.02420276552601 23.4486986377515
21.6366587499713 44.8250179192390 4.41192969642742 22.4054273625143
21.5406014429962 45.2299440390769 5.18664671979076 22.4699897325836
22.1907718771896 45.9973314771768 5.64257851485326 21.7696492427267
23.5397768425882 42.9969788753384 3.06287995254435 24.1199120513402
24.1750054829881 44.4493271509142 5.55398564174586 22.8526182675041
27.0075180348742 43.2459136714184 5.8735003834013 25.2293862679280
22.8364599195781 42.6351183432811 5.73659679334425 23.0067518406552
25.8232660831424 40.3768267299705 7.20520201389492 24.7923252365557
27.6780361012740 40.3546036196598 6.07855250655838 24.4735043847007
