20.1985500106397 40.5255387921727 1.02789583207488 19.574114258603
20.7491585003021 42.0939497233278 2.69324776274152 20.6346028700627
22.0756547204959 44.0793931216843 2.616548590495 18.9945096916401
20.7784313576414 44.7788738577346 1.77176796844484 18.2851586251402
22.1422742194925 43.0445599687937 4.62796958339655 17.1620674592325
21.2245196541269 48.5249570039243 6.76690225782127 19.0637833096900
19.2180093924512 43.8877941685871 6.7219921219095 23.3326789646292
19.2830009550784 45.1917387781807 9.53929840088145 22.4991990609908
18.4550050307698 44.9167899185934 10.381407784431 23.3823361343586
18.0254639393352 45.7978587666669 11.2474223264891 24.1744479082726
21.7949274868406 44.2050926065215 11.8599728271041 22.7923902619831
22.2532653450854 44.8789956451561 12.5209857464441 20.9366241956331
17.4342925656475 42.6719484592956 13.7830843673226 19.9013898598232
17.6617060076333 39.2759188034739 14.2604090849798 21.7806791162320
17.9401742607243 37.921803782518 13.7072385952768 21.5866439875417
21.3252667520083 40.5595859292066 14.7979554566980 22.828159826757
18.8813536871113 37.7647262227824 15.5443788532128 20.2459380197763
21.6420809324719 37.9369884774191 13.5990816718393 18.5004827361047
23.3211136391274 34.4534922878423 14.4415232916788 20.0848894387991
21.9987615230283 35.3163526014640 13.9892339763501 23.2087181181223
23.6405374725039 38.1365442493214 13.3417932231714 24.9164310412989
24.0631491840507 36.6825063368321 10.9234867665254 22.2208248617635
26.1823641434933 37.6070481198855 8.52666301525095 23.4529857708649
25.9100718629236 35.0029680691675 9.31747883670003 25.6801550629125
28.4580643977532 37.4719443637135 8.51762288408325 23.7476075979457
28.9233537910651 32.6487014115977 9.14380934423744 23.7214023304846
