18.7127748184757 42.2298754035137 3.53849497050914 21.6123345836184
18.6062459276772 42.4479423016883 2.83678817385743 23.4569163319773
16.9244397579495 40.3400225691549 4.30454084589081 22.6255273201621
16.7488357777510 38.0298948428645 5.05519699384394 21.3911431870028
18.9083007815096 38.6020604345067 5.65200909189815 19.307520822827
20.4987340680126 41.5632290203176 6.81896048981186 19.0387194987575
18.9004613932956 39.4548526433439 7.93478206905026 21.4368950903604
20.8221631579835 35.2974421930642 4.52497679308478 22.9826778063739
21.8951354360942 38.4925348603973 3.8254429182173 24.6029186902756
21.5452523504070 38.5009556276599 2.75874270299871 25.6723344346697
21.8307021709777 38.5961006054530 2.72415998053227 24.3320123611207
21.4536976597222 35.9210004935847 5.69615193071265 21.6089951882327
24.9734682335468 37.1300493095278 8.49397635093759 25.9804230362365
25.426318403049 32.8772097363344 9.57052375242914 26.3069068660794
23.9019050256191 34.6895560338234 10.2768252973440 22.8494317263200
22.6830819710381 28.9069839306247 11.5456189983054 21.4941264225005
18.8267327924482 31.7831058963274 10.6726173171114 20.124762269838
22.6106333811991 33.9560220353377 10.1795236544489 24.0946635586976
17.1559473755993 37.2795331985761 9.88968974741098 24.5432617228313
19.2089439672641 37.5328320730549 9.8052962549768 23.2348805276512
18.2569493730776 36.6700099450608 8.1471470039956 21.6462383802815
18.6697426303513 32.8626253670153 9.94329498472285 21.9309452326803
18.6962758102678 35.6309704985541 10.6514007358033 24.1253965601160
14.9139510770552 38.8942841296156 9.27577637293522 21.9453624924643
16.7229534336589 38.1303194360879 10.2407330521889 22.8599366592241
13.8683432177864 38.1544839432535 7.96208542404173 25.6772685507311
