20.4448297795567 37.8188383472873 5.57748256544665 23.4600973931672
20.0908170238796 34.3519980214326 5.11617433549919 23.4964122790928
18.7053165172702 34.3057598546868 4.45525707702297 23.8037297160279
19.6249030496790 33.9698758650857 3.21870630430242 23.7053792992335
18.7298811178623 34.0318124068575 2.83777994937247 24.6793934154753
18.4655758634179 34.134484185372 2.52038812097145 24.8884456756165
18.2271183650507 33.4016317889972 3.28241763192587 25.3654914087479
18.9495377787886 31.7014321872911 4.16457419677995 25.2138355407806
18.6250866481059 34.1474917057848 2.39181918579512 25.1817485467667
18.7760071813448 34.0184757714518 2.25483474810608 25.2310355132022
18.2155300959333 35.0942953597182 2.35065474289743 25.1327381410172
18.2799133016978 34.7409652937562 3.24829413267966 25.3065248111886
18.6640209882770 35.0478761802932 3.06766765695035 25.0097279430962
18.1351400931845 35.9969102876957 1.98721509310417 24.1076650613583
18.2474167307658 36.5576688071917 2.14120349982929 23.8634370185983
15.2505300406185 32.4992335596203 3.17400542830672 22.7993739156601
15.8322887604875 31.570501351644 5.42174373205336 22.7724147382343
15.1367351271031 30.8650605505413 5.44583848147297 23.0630270647671
16.2279376274297 28.7033666986122 4.9294233925991 23.7750367852714
19.5385183941895 28.8632428221485 4.13101167173553 24.7796277918444
20.2795803060317 26.1307670090639 5.08090889046738 22.5220264491977
22.1505857554757 28.3810629230380 3.09900738403970 21.4885738462217
22.6114336519995 28.4513802293895 4.68094835395763 24.3582998843293
20.8918082160439 29.2631854608862 4.92281331506396 24.9446861047505
21.5810520859368 28.2605058477024 5.70391641112795 26.0417957163422
19.5331386621627 28.5475951955472 5.90386170179411 26.3974536468281
