17.1650261807046 42.3059551048662 0.95094604726661 19.0801142291087
18.2818443973339 44.6441136601951 2.77356881112792 19.7292185057807
16.5291894919030 43.4890433782965 1.61852832345225 18.6829174740045
20.6688245704106 48.021770587682 3.48568710777909 20.6665973571865
23.3815002796880 46.8408564720557 4.88954176173316 19.0879862561627
22.0816918728774 43.5281729650698 4.57023125981683 21.5049431623696
18.7083431059816 42.5147522957079 5.29660370505186 23.2616233296497
18.0809598958911 36.3400481803357 6.48572943710493 26.1354957663189
16.4562865982623 34.3429154063590 6.94427447418453 27.2264424136574
14.1712747165951 32.1165075776182 8.48776884448486 25.8367910375940
14.6695894238894 36.354662747962 6.74185553101594 28.1023807227733
14.1210298112949 39.1383640382084 6.62832665002676 28.8058176776515
13.5124039728433 41.8992600857856 5.40220491845863 28.0924304537596
14.0178481325746 42.6243127423915 4.34917278636018 23.3913508886592
12.2953859310836 42.8568165993486 3.04015624734344 25.4127875352399
11.8731959317118 47.3655676135961 5.64080016758995 23.6678878298448
11.4228651993215 47.5991073792968 3.58900234151403 22.7940561805339
10.4700524969265 47.8578845436782 3.50057703141825 19.3884333191859
13.2556274739973 47.0989611402251 3.93653857343626 17.4126575362552
14.3988561538927 44.2510872499183 7.43658149739523 20.8674836593363
13.3086181461758 38.4492467830055 7.02360320658219 27.2275481239575
13.8304823536373 40.0338608005181 8.49734147250448 22.5698086392749
14.3343131278768 37.0577883317232 8.06848884308715 22.6440643562618
13.1550895133763 35.081557797464 8.53816862271552 23.7237483408916
13.8482995298371 37.8340436906651 8.0432882072163 25.7154329341519
14.6830730097980 42.772426624047 8.3908852337153 24.7106985400114
