19.0125759387731 41.6134914891242 7.38381608301688 19.2169891725607
17.8523320075467 41.1317242929159 8.95169540453616 18.2633591861777
16.8488709893420 43.437862547618 8.8425376546188 16.3045245924839
17.3997668525547 38.9878191084252 8.43117479682814 20.1848653655032
15.5515133798465 39.381058168842 6.40668056390537 19.48261401779
17.9606044808745 38.0657301398576 7.80404992142981 19.4754853358025
16.8208701161904 39.3883279469481 6.19221881867676 21.6097443884123
19.9177171667906 38.7649322595133 6.26842015955886 17.6835517853383
17.3524032920468 38.4971514205134 6.471836235582 18.7981359137107
17.7008639848474 37.7629134958296 5.40669293722427 20.298166212428
18.3861806936868 39.3366179536714 4.8443443360488 19.1007583731972
17.0923174642332 39.1678981008625 4.5634654378268 20.2830237582316
18.3479830335163 37.6083725249457 6.91486504146357 19.8794443694864
14.8454559735292 37.1766827992334 9.23892746664111 20.1729121593748
16.9501702917077 36.2177797575652 9.13032032478549 21.0102464681481
14.9991095938654 36.7977937805637 9.0991916498071 20.6826411135484
14.3462047574045 36.4052792488997 7.8097806414491 23.3065212095089
16.1388500825522 34.7826596707506 7.59086257777125 23.1504970889446
17.3244428712977 37.1491504487982 3.92178040788457 24.5649441413489
14.5509695507688 39.6559218563539 4.7376156961447 23.1765974962992
15.5791139279914 39.2976960073625 4.33475836761244 24.5004693062628
18.0476991127667 41.3730748225423 0.809786540921777 23.7595142244945
19.0502689446745 39.0438207096842 1.51557703223079 21.4506529530162
17.2981041393665 40.6178140637886 0.981695440365002 22.3772298793892
16.5313944008819 41.9193385422653 1.13307609712365 21.9440178251511
14.0472190121806 44.5006324367089 1.34359339807504 20.748652042324
