20.3458303684465 37.7237467441973 4.83502131055798 15.3108303278299
21.1065623458571 41.1489171802332 4.49477670162674 16.6119374177965
20.872933830703 42.0932450296623 3.65403810319359 18.1014052398118
21.9422506971231 41.2212859901865 4.1190502835797 16.7917368291609
20.8565484343043 41.6531383805616 4.26921512306266 16.9295154456713
22.259239277052 43.0067073312296 3.31806800504033 17.8110093678475
20.9862448027645 39.8092100622646 1.65128923673183 19.3572627780155
21.1866977239768 34.3876231124207 2.80015385057777 23.0103360823017
21.6733784939595 30.4621878512034 6.96164791798219 26.5602583811566
21.6550267276787 32.2854132907295 7.49810990737751 23.3562819148361
18.8012591193863 34.8781046344729 7.04607404954731 23.5401950274542
18.2539870397621 35.9669454059394 5.49014988052659 27.3002369963511
16.4821802954056 37.7007080380635 4.6212142878212 28.3013464781403
15.3004771048325 37.0914511921646 2.31496022145091 28.0177925155446
14.9924296323338 37.1248713215142 2.78497835660180 28.7403765172645
13.9672826424848 34.7448239396586 3.3296709662938 29.3690832155783
14.3974201072614 32.0617881743497 5.84756998668775 30.642156303956
11.7520914951946 32.6821570074694 5.5123946019204 32.2106715858282
10.6593548430737 38.7904011243532 6.2729518380703 29.8811433081057
11.4030353462931 35.7839415304794 5.82751033848502 30.5184126666121
10.0825850980963 36.3421807912893 3.05240385744139 31.1308824803986
12.0588817443969 35.2349978543095 1.64531748250477 32.7767927527733
14.9057987431335 34.6154291818126 1.59076439612545 32.6845458122172
14.9102208964797 30.7176886975973 3.36621261248365 32.565616503378
12.0981161032143 34.3677834861189 1.52509114542045 32.7189211442416
11.9486019496145 37.5514807731121 2.57079130548154 31.366075692447
