23.8574102104087 42.4299003820679 2.52798233422535 22.0074514735342
22.2275753032793 46.8859146101213 3.07784872394139 21.2623804721833
22.5379790302743 45.5219549654300 2.95694916470991 20.3857258276866
22.7439108912278 43.8267204539168 4.02282025913714 20.2565364106338
20.2987577589836 37.4398803898382 5.79545317652641 19.2896759533103
21.4076692313707 37.9707142106506 4.07883051798685 20.2039352436438
23.4386200030021 42.8029460639368 2.77275109772576 21.7129298583492
26.3014672333993 41.9368991733204 3.95693982734351 24.2456129782241
24.7600932077961 46.9066150242138 6.06790743295109 27.1062647702512
22.4341974397329 43.0433017823521 6.26866552715196 23.854951833595
23.8344300537510 45.3689936536971 6.81525096056989 20.3910760173377
24.4062141997937 48.2381984578201 6.92974412713206 16.7538937490236
24.7031295686438 49.2458201647492 7.65906729984103 18.945201726897
25.2204576326012 53.9600794646645 5.13828958679928 19.3682101092174
28.7667118657959 53.5475233919674 1.57846154195262 20.4485337485432
29.3618299048630 53.617429569404 1.62130073051919 19.9647828222125
29.0006325329296 49.0470940093914 2.44552053920012 23.6359380709811
28.8026562156835 49.5752723236266 3.74323541521114 20.2541760432407
28.6267564260149 47.1458792333189 5.05914992316645 20.4674816124945
27.9107949194247 46.6490264903452 6.09819108586778 22.2928215943231
25.9312751014465 52.3817359856959 5.73243109825086 18.3978791020765
26.5740210023457 47.9554954791139 6.42713477848117 19.6906188351281
24.0472558443924 48.9260699102353 8.39086134605129 19.5459055989578
25.6953511140799 51.534757989056 6.8940473416729 19.4783380604878
26.5386948594017 54.7288687346201 4.93011970202458 18.5858726907119
25.3870068648024 55.086395204843 3.37612050202694 21.0654892321273
