16.8839547716426 40.3168713460879 5.53626228437092 17.5674673621513
17.0011459187018 40.814956213461 6.48176361141991 16.926813997791
18.1136707969354 37.1554217661002 8.00941064079557 17.0772961362763
20.2586067242892 36.7841861612366 7.5540550589681 18.4192108999774
19.5349455371843 37.9885278624685 5.41771078469496 21.2776049546734
22.3167596839713 38.5913863839784 3.86714486039554 21.3478526970208
22.2228090695301 39.1244637676127 5.33444711060573 21.2799579625786
21.4842964128787 35.4994879584128 5.73970301712242 22.1293092438787
22.3129657429839 34.2968830964828 2.62040005887237 23.5330868841917
22.5392002460743 34.3206301178152 2.55125807303095 24.2135700966435
20.0626097328225 37.7780677392448 3.04379354984714 26.1296445607411
19.0737617432709 36.5597998956518 5.34935799342794 29.3720549932884
19.7971601260463 40.0633756667676 6.34995289763522 29.2530874164047
18.6768133324295 42.581247700874 5.39969643422671 28.4800022798103
20.1124143200650 42.8157449684421 3.79192414934084 29.4240273666731
18.8872359349116 40.0562261611538 3.32598606830731 27.7907511760643
20.090141344881 43.0291847501265 1.46261667204089 29.3747768534728
17.3325628107061 40.1587309751975 2.91431017848663 33.088279786744
16.3214591638763 40.5542413302081 2.21727147814818 30.6610256072514
16.5179795492087 42.5183900509344 4.64495806857664 29.5531333798923
15.0103261479755 39.4029542471597 3.48625932885986 28.7535635179289
12.9596605479146 41.2108114825877 3.56940687024686 26.8023638327055
12.3169029691617 44.4103145327734 2.05198824720595 28.1414539661804
11.1197751771087 43.6648485766107 1.84528310224414 30.94515270708
10.1490188195730 41.6751901454607 2.47658979683183 31.9187277637185
10.9199841638456 39.3142641115317 1.46367946732789 30.2211888119228
