22.0501167388399 43.7728469717361 6.57654604711543 19.779826841358
19.0318344706435 42.2697038795843 7.19290145696114 19.1008747965506
21.8294194956343 42.2264822857499 7.71070042798887 21.6106355647034
20.8995630139222 39.4477324461156 7.87050773470323 22.7985153785384
20.7234597228204 38.7301228329131 5.32331362400796 22.6022785371578
19.1535705652181 38.9366102111962 5.73681116114962 23.1103145191855
17.71248189901 38.4646136543839 4.23162751702252 20.5900053020454
20.0991583860771 39.5182997334874 2.99353850364345 23.4876995498150
15.4459608060599 39.9161992089017 3.18027074785564 22.5603921172089
19.6428952462331 36.6523642344057 2.22770553485118 23.7243064931474
18.4905135234178 36.84576306023 2.60112866347284 24.0946112888796
19.3523751723872 39.6600270261645 2.34882024955004 23.3485061851261
21.1871888147027 35.4546012222199 2.44856812641956 21.3286830081291
19.4611967828082 40.7551253738331 2.51462694816291 21.049534252513
21.1816361032384 40.3213204096521 2.80633622599743 22.9134608878333
22.0208342882474 40.5393108126071 2.71123038121915 18.5445116282020
21.9102941329261 41.7743929551278 1.20225522470968 18.6778514607388
19.8908799017449 41.7137542058467 0.578698778059334 19.5605307853359
19.6832352541947 38.7361723583115 2.96869378723204 18.6449682245541
18.0204556285819 38.8486779157099 3.61517040908443 21.0565527098763
16.3784230318278 37.5713765096877 4.7061879040082 22.4371005556125
17.4597821062789 36.4276540930701 6.35528872226017 24.209789112075
17.2235786956162 37.7642225544485 7.15898840752082 24.3488478854809
15.3279186612353 37.7965819124014 6.29732796520905 22.7326932563672
15.4134684246391 34.5894992650368 5.97678237283163 24.4587161542873
11.5375655474499 38.8463266627745 6.93340329467811 25.0388750939382
