18.6774012365308 39.5561676608982 3.31617192475164 21.3128515809791
18.7869036535662 37.4489283474746 3.1370393963814 21.1590203570219
19.7854537645794 39.3952019765625 3.61800805468359 22.8846106859099
22.1202291702762 37.7377402806545 1.82212567202062 24.3086930340331
20.7870803437265 35.512833195355 4.19007711545088 24.0368474846881
24.5369034110638 37.74637149236 3.8803287878585 22.6199851170184
23.9359089790895 34.7083197949344 2.85380912931012 22.4448690412481
21.3336005632519 39.193405179964 5.0491460941674 18.9994762862369
19.4570764268501 41.6761322167754 3.74180937026979 20.5069399044185
18.8838397099641 42.1154195338268 1.99880586729458 21.4532062370597
16.2111061888751 43.2222952496041 2.74137097870583 20.8507871207673
13.9109123500999 43.7240613349396 3.26681096564718 20.304744058233
14.1406799670462 42.129462711947 5.9928355642289 20.186272173133
12.0539075822878 42.5752993684923 7.29658508432769 18.7293772581366
11.6684732051319 42.4548674695333 9.5890295933161 17.6506789145392
15.4334895745280 43.6644243583158 7.35195260418144 17.5936348229048
15.9196928231405 39.4816021909443 9.51753569480528 17.4713516681686
12.5337820618640 38.7943600746309 8.44988237198007 21.0526679936916
15.5925113090540 38.2742559368086 7.38700155773538 19.8577224990472
18.5888765039549 39.24475652476 7.61032155039127 21.6560100555539
17.9096729322405 39.490530421335 7.51080862282189 21.0209135959044
16.4207442502304 39.5462685435375 6.59841759166746 20.768656870921
14.0477838001027 43.5972103508848 6.61805540137946 22.4782909685791
14.0020833309595 43.1179854934762 8.43838109722861 24.1631815838545
14.5911069182535 41.0648839971709 5.7105048809053 27.7684019287034
10.750793797485 38.1023411312799 5.74633534371018 28.0372675605967
