19.9514618863687 41.5746845982090 5.6834990192111 18.5617320925476
17.6562561813913 41.714929611938 5.2160124109033 18.3367352063315
15.4122516879842 41.1150659021674 6.67210724841798 18.2246207027489
17.0221699035902 41.1583110373813 6.14584837600033 19.1473136572892
16.6545623948042 39.9841544357689 5.74780803034047 21.4282629965598
17.9118703489367 40.3826703141893 3.98906155233236 22.5645152303184
19.8472286786128 39.5110364813807 5.72548964876689 23.199936686587
23.8566387432803 38.7875053901956 6.98255024706175 21.8461601245594
20.6208194780339 36.4775694437193 6.64825063985934 18.9569334726617
17.7842326804240 39.9713128009679 4.99083162653422 17.6178480073646
18.2860305650379 38.0534939757416 4.33580181859595 20.1776107851252
19.1769904805298 39.6054048511067 6.55500394276333 20.7935312470921
18.0494314538265 39.1348005159871 7.70087509889145 21.8204263799393
19.8788244525565 37.2847407956378 7.49518575643179 22.4260229846963
20.4782043188264 37.739418689418 7.88245011795205 20.8629851785057
20.7830411796904 41.0977525797443 6.80785494902064 22.847445983246
16.7178850421197 39.7128479917554 4.33465499290158 20.4390389377177
17.4205589942149 40.7769216517007 2.86957019193922 23.2044542280883
17.2905117474011 36.3922121370232 5.39441416248572 22.5094006227255
20.6574231354035 33.8771884143898 5.67682323231255 23.0586063520638
18.4478060934208 37.407844854596 6.47847449822212 26.1100137147681
15.9235269451029 34.7211506106732 8.30511737587722 23.6073638682813
16.232125649739 34.0257718331021 6.25666502859304 24.1428523480520
15.6839079247303 34.0270027686683 9.61553915143805 21.7976102677733
16.6975862277985 36.6618255373229 11.0670032361136 22.9573993559431
17.2783346833974 34.5360402390342 12.5350321868514 17.9779895141225
