20.881114514453 43.2139781050357 7.88079540392748 23.9095908103338
21.0106907228081 42.5189334971804 8.62920400601244 26.0031526580280
19.1205960607229 39.9728398479495 8.51842798918591 25.2753352465592
19.9437069457097 39.9591140191044 7.72489247491689 24.4617983130787
23.4723132943808 38.6612536164905 6.37743566950888 25.8201039154131
21.6732591215594 40.0771689007963 8.40897357004177 26.5003334145858
17.3837335689066 39.1669638182941 6.52322536410246 24.5947440370782
19.2997102199929 35.6897095435272 7.16298523807381 24.7233033535867
17.3446859282317 33.5244057735402 6.04440210419361 24.8489744681869
19.5856236501473 36.9475466952261 5.83384550790888 24.6550449360269
22.9024822232729 41.8495869732995 4.73508564601307 23.9990798204838
21.2369104661701 41.8967053236973 2.37974372258996 25.7487730391024
19.7929126446053 38.8246929863069 4.66611421838988 27.1908589347898
17.7206965361639 37.692154370535 5.06503685735752 27.7617044418751
16.4927430018458 39.8837261577814 7.56863063443106 27.1280479892653
18.8070904636431 42.0556437047875 8.39035494448271 25.9402558147472
20.150267934953 41.0049242494373 8.4454665864067 25.5618055086148
19.0739310520451 38.6840546973503 7.62748298999311 27.4359713397485
21.9814958288109 32.3373311217396 6.29524936785299 27.3782138911345
21.8727197269683 32.6470526066974 7.91260173148547 23.4657798757115
23.0936459476529 30.8594866373010 10.5981706008322 22.5109079340339
21.4294279476381 31.8816772431562 8.46541941864488 22.0124309938267
20.1368209494031 35.7461110420952 7.44870869303194 23.9432369504168
19.2632223346955 35.9423254386017 9.0355703381363 23.1635332327381
16.5833586046172 34.6224442243072 8.48812609980886 23.5139509985268
17.8746501514608 33.9473089163618 8.36415983201076 23.3152423935055
