16.5437766080903 36.5439516875844 6.17441223324707 20.4416853076766
16.7715205839084 36.8102520793919 5.83021296905784 22.9156600915815
16.6463676592798 39.6151581390397 5.19519341451131 24.2512123472167
16.2705901066795 41.5126536095151 6.49663741905804 23.7495818332878
15.6698027363828 42.734975486318 3.89090074385147 28.01226057104
14.8722597033567 44.1965861965664 5.93663334725986 26.2242699192208
14.9057153444257 42.9532136812568 4.04002784281599 23.8038029942032
15.4146622884539 38.8668279217318 3.93895651582259 25.4410739281517
14.5753322280463 44.5779388367891 2.09391232925098 25.4517436423341
14.9539061197531 46.1301517231565 3.00312474924701 25.5435339114631
15.6777696366873 45.3413612461824 3.51941337610231 23.9997355830857
17.1867509843537 44.0654319535185 3.34497654495397 24.4501490988770
15.4758958942944 47.9898912809965 2.68244428198421 21.4164622635582
15.8613185543322 44.4269368225884 2.82359119621105 20.8394363173285
14.5785650306342 48.9714898931231 3.25708279123066 21.9760857964868
14.1474432836248 47.3505907065659 1.80676115575187 21.6720939907247
16.1930873832661 47.5492544631147 0.466723845340312 22.8184115807528
16.1199374842453 46.8187850881973 3.29668855061755 23.2017568875863
19.2581889993507 44.2442387478701 5.86797818471678 19.9374143122523
19.6896342962045 46.3390180716566 4.75203334749676 21.7478097150861
16.6913665403608 41.5601351038826 7.36309756734408 19.6543066438293
15.5102814744222 41.03106245364 6.13346368912607 21.8405653335109
17.5385080809701 41.3241667976876 5.53872760309865 22.3038523163602
19.4697416109029 44.7507851963205 7.69768128934344 24.5825107064053
15.4904660471711 46.1583262426618 9.34487113001784 26.8358029875860
15.4589613909829 41.2785022911455 9.00789837882881 26.2439444554766
