21.5601466811698 41.2038258418503 4.48794475932817 18.8359814980885
21.4713245961524 40.7035037153555 4.52983468191324 17.2021824872007
21.7148897276819 39.1094050305731 2.35278433488614 16.9714260274431
21.4831700068873 40.4390396496418 0.794267247902602 17.5304631410053
20.4979445901434 40.5453953517229 0.418355884795162 18.7999439555024
20.4720470704617 40.2616882848532 0.153529566479847 20.0176134229441
20.6192177908951 39.5178955424746 0.00199412202300409 21.3731155420410
20.6254670104635 39.3866889609127 0.156995734898373 20.5771353843374
20.7049452212331 40.302069632826 0.104282340169692 19.6617329848716
21.0859030739262 40.1659363821686 0.0633447743870353 19.3951932538504
20.6212262844111 40.6947324880689 0.518930179522247 18.2264588079061
20.7022826792777 41.0657339727241 0.406781527406805 17.9661848804948
21.1537445513636 42.4781426094312 0.895558658415398 19.0086400126142
20.9628381656279 39.4718753575924 0.8183028033283 19.0648600895924
20.4137469535459 37.1162525877703 2.91893312358297 20.403492103186
20.0342307200752 35.2104321607735 4.37975117890164 22.1920884028159
21.0365218159728 34.6532346171339 3.78197967488959 21.3466519964941
18.9617093068533 36.0454286572536 4.31024296446641 22.0857766177587
18.7507566728614 39.2556856459019 2.28347794230774 20.0266706431366
19.7548789477482 37.4477536257369 3.44863119458038 22.3981493363059
19.1798390809302 37.1265764243913 4.59870230585527 21.0156856551048
22.2347089376156 36.9793371556339 1.94250160169046 22.6651079877821
24.4001055031871 36.8281166371 0.766111692879349 25.2275475051021
24.9104768007849 33.6525442361874 3.24861827909512 24.9783033283194
24.8766103028494 30.9842026330573 3.05892495575858 23.7717168075884
25.1483189563619 36.5291872752976 7.00818919714106 28.2710876004691
