19.1146205033612 38.6058191040505 8.56096813114138 21.3812382337009
19.4732687113311 38.4498793315127 8.87173960045263 20.5908236360144
19.4892655650546 34.2808023012006 9.92484871194981 19.1032260312593
17.5940555982625 35.3484964032589 9.7558808127819 18.4027748248434
15.5516830737465 36.4897821828339 6.85906577775538 21.6275151277415
15.2211086030162 39.613831288981 5.37371886791013 20.9793814167834
15.3265106982595 39.7443579927634 5.25931327267833 20.0281822391308
15.7343364512826 39.0692704548393 5.49765007281028 24.9157389931835
17.0560810804645 38.9926454467047 6.81009181928173 22.803109430216
16.7498035986254 33.9271945372108 6.7691024623264 23.1149173757871
22.4401082840095 37.310680053889 7.3348871765111 22.3049618015737
22.6587074209873 36.0107858341589 9.06894288048263 19.2352224589066
21.9589420032730 34.4691347624179 8.01495613082282 20.5726124772705
21.5930790329688 34.3937881586379 8.06412612250929 19.541313873408
21.4420809146352 34.7009629886616 6.27168326104647 19.3365222614162
20.5265272274949 33.4381237167042 6.21452255563367 20.1535262351759
19.6514761045088 34.368383930417 5.66977160025869 20.8934211691745
20.0559412769486 33.4490049608938 5.68088411933107 21.118668765565
18.2659690536072 33.83765840502 6.97624136498245 21.0419741938957
20.3854637338828 28.3937089063182 8.34375942665477 23.7718793214434
22.2794724692432 27.1706638906106 8.27999920107642 23.3993385718339
23.3862503627270 28.9645963607867 7.69658248560179 21.3809104305827
23.3495099694478 32.4896898282272 6.7997491859426 19.6498137726583
21.7658458529982 32.0428957989019 7.65419489322838 21.6045458563738
21.9074374503466 34.476154243551 6.34273733376201 22.1752990665980
19.9538300019699 35.6178529043457 8.30224414421697 25.6041294089653
