18.4202365499596 39.3484348687694 4.20003488462574 23.6856429206056
18.0526605040442 39.8628178690911 4.46427909623056 22.9110006932999
16.0113595615939 39.430831217169 5.84538927577574 19.8157153759427
18.9419637791679 38.3075138800397 3.75131095849115 19.249809011472
18.8426104587340 37.2653855234004 4.1609933683903 20.1137995830385
18.5850111254328 35.6901593152446 3.75820799367442 23.4168680448664
18.2175292762764 36.6774399636045 4.27778849829859 24.6497466849300
18.0196187786742 34.9781966961413 4.98517258218429 24.6352676246332
21.1305477881788 34.7603109378178 2.72102327584228 27.7619524084625
20.0982825087367 36.4950410707412 2.92795252287760 27.6680928380242
20.2734474763419 36.1515795717553 0.301692070439458 26.8626422728426
19.5516566139857 37.2391942327629 1.14440634869970 27.9399466986816
18.8029987723230 30.2498658157672 2.50242809113115 28.8965776120375
18.1963931717573 33.5083753855686 2.60649633337744 28.5651426100487
19.9230944022950 35.3841769274111 2.02545459930659 27.6012533520664
19.6687609632193 32.8570751073142 4.21358605021485 27.2771278265248
20.2664022906212 32.8797241342557 3.27516276262574 26.5976233832156
19.9615357010154 38.466515246809 4.61182647001803 24.9094030326259
17.1266963560594 37.8877129535268 3.32598766674161 24.3498247415905
18.0915106399445 37.3673064837184 3.24912980980114 24.8011636987086
19.1039061657539 36.8180464620301 3.41119850928769 26.0497733402755
18.1640025516426 36.2369472144702 4.34828575783283 21.6122081523518
19.7557037145867 38.7995052083926 2.70051978005901 22.2756803134345
18.8269219641372 37.9793793468335 2.49665160553327 21.3266699339389
18.1719997784704 37.9330466495926 3.00028880822950 21.6527824781029
18.8889601658592 37.1672155507602 2.29176473382407 23.0146723968025
