18.0147445279865 40.1277270609765 3.17238559154674 18.5428496468706
18.1703003610309 40.3293681293047 2.91242953087083 19.4490243578224
20.0421658095729 40.5509143303401 3.51064417837068 19.5297647584124
18.492200128996 43.6429593310944 6.39698425400882 19.7386898808075
19.0375716642301 42.2290956920592 5.75964301505544 15.9207466877891
19.0081392128777 42.9875193049779 8.31017077697859 17.7968907895786
16.3151873109549 44.0949054521156 8.13692762125318 21.0444478168440
16.6618231480628 43.8833008797487 6.32374390987714 19.8659151661498
14.6972401367188 45.8041130376627 7.21120978873257 18.8468005032567
14.1149083200529 43.9155014080574 8.03969829394516 16.9381771003184
16.7391393232778 45.6500077515939 9.7486167534258 17.1429858477143
16.0756292344689 40.3720361937867 9.49321900848334 14.9712574473255
18.2331080009848 41.4332231123099 9.31667354481889 15.1982990885758
12.6868037415356 47.4062960938392 8.36362954120805 19.1107139262044
15.5979571791053 44.6295565552872 9.62336342952867 20.8813795732262
16.2295216686711 48.8669532168247 7.75811370402709 21.1137251030581
18.3592202497333 45.430650057137 5.08909910950944 17.6619508281277
17.3480455867633 49.6575002627038 5.24040176566825 24.089340798177
17.0976500633791 48.1373944608655 4.44187026016398 28.1732795551798
17.6493306478173 49.7159583899353 6.88086230160848 25.5047709482169
16.0839414979950 52.5781916440625 6.13463987261947 24.9758295096835
16.7856359818637 52.1034445250567 6.09208736420568 22.1405050080648
13.3945007353708 52.501435359617 2.86859443472657 22.8065943407273
10.3030471803308 49.3147605160747 3.53321095087075 22.6865787552652
9.82869775422514 46.4905335909251 5.86500291779147 21.0531395450217
10.6645847085551 46.8996275115323 4.60000169776803 24.6416690917668
