20.750661792108 40.1870562650828 4.05188846900824 20.1708308453919
19.2288193605118 38.9469586599252 3.98509704213076 21.1000269184146
18.554440617308 38.5848578018432 2.43174076298704 20.7769637414398
17.4408873759603 39.7384070336343 1.08781167870489 21.9555359672313
17.6788233905699 38.0633173626418 1.62742096900759 22.1596878493028
16.9553625654098 33.1109498734156 1.50312464207818 21.019240747747
16.8235293138441 27.7790871634393 0.0356083139777184 20.8896540473293
17.0518455529254 28.1834712751425 2.14129666138954 19.9927376433813
16.0726564187225 28.4455433326057 1.78222454781644 22.1695703342163
15.0764463382512 30.7329818961051 1.92204716492714 19.4102390072846
14.2281161430169 27.3002866303283 2.00423595774919 18.3122853189313
16.3770690257538 29.5680795234363 3.48314274860399 21.1657189428412
15.6416267417971 28.9220800034471 3.96467008677512 20.0771092148104
14.0032264199708 27.7621701522551 1.73889910176598 21.1845378278013
10.8478100291123 32.4751382876944 3.80951080713572 19.2204949444350
14.7566794323718 31.0795596653693 4.26915553873556 15.848325423729
13.8652045251807 30.6086062920763 2.96510437000694 17.5775715115062
13.8399917864914 31.187549675025 6.1875635859106 15.1586083897496
11.2647662395353 32.5167001566402 6.10766743365827 16.4680813736229
10.4003960471342 32.1772340253479 3.59196731271374 14.7193423882221
11.9133170385726 38.1711262389009 3.09216652276135 13.5814678235521
12.1626558675311 35.5609843375492 4.14888542938186 14.9990953257849
11.6038872468166 31.7441041743392 6.89788269345789 15.4847828219255
11.9558283311919 31.8367962093645 8.13509339863575 14.8769622840529
13.3400700810253 29.6228648676146 8.06505276591854 14.9325396351381
15.3933012989237 30.7780924398061 4.65275041762145 13.7752319142984
