17.9738328789426 39.3883028641118 7.03377840273673 18.9464467397960
18.0587039074925 37.0017958819641 8.03921019846233 18.4444633440183
19.2644969343273 39.6278488920776 10.3950868106719 20.1205239852028
21.0111279196171 39.9237053476468 7.32828736745676 19.5320000589894
19.2884541421262 40.5503220565811 6.20398404191172 16.4133685750024
18.7207500820113 44.8828920585297 8.51132740893325 16.2836946461855
20.0520788558824 39.7473213425246 7.69030180455109 19.0056812100617
20.6437900513145 36.4790559415114 6.73216646348981 17.8361272130657
21.2153155179429 37.5118083403786 8.5128662305556 16.5366948310781
22.5957790417331 37.0199722701331 7.71087843167109 17.6931609696273
19.9704436845812 36.4291778106821 5.32353282334727 20.4852971019941
22.6897156545627 34.2214731164553 5.80177325794677 21.2181378281462
22.3012207150194 33.4529447113441 5.32025566561735 23.3568234615746
20.3394144428629 33.3089890681883 6.46774597842834 24.1510799488456
18.7944581778455 34.0312856370144 7.3395021367318 23.7657496098833
16.4394007604304 33.7143388594419 7.35338155068113 24.8182633061366
17.4075716435644 35.1139771089541 6.25692953776875 25.0876229775030
19.7608910776512 34.7200621639634 4.48419271640498 22.1350704717342
20.8544200924032 33.8772233915707 3.79065533050354 24.6317023513208
21.521134256301 32.2296927795872 3.27721559055507 25.3266119295101
23.5234608737049 31.3874476986027 4.5648441648519 24.9997996491681
21.4811483293538 34.0344959302536 6.27060148035533 24.0507846716161
21.2319831557338 36.4525480038217 6.1746708465217 23.7230359113196
20.6844987266653 38.1573424866153 6.94940172306381 25.1017944833616
18.2823485129469 36.2299089912055 4.4638324024447 24.0603987716490
17.8929894805406 32.7999756476572 6.87863152234951 25.9999538066218
