21.9711725857019 38.0895161543663 3.26127416764155 16.4110404891472
24.4822104886084 38.6059453309203 3.61781395210653 16.7798952251251
26.4886147736869 36.3732179590877 4.33916196081387 17.8124258756216
26.7719607859216 37.2641693197488 4.71362588991011 14.0935465856965
22.8413290151692 37.6562362523535 6.5587644063226 16.7886008793067
20.1365838445089 36.5690485318908 9.57809688461116 18.0744786870012
21.3741498154885 38.0031335052613 9.68032428839347 16.9427415243139
23.2120252298712 38.0571394247514 9.24003108365564 19.2267054020216
22.0874159671887 36.0031098184686 9.36244123732496 22.7386531009127
21.9968595396069 36.6694355603818 6.8430929286481 23.3966629578521
24.6779932580912 38.5138534141284 7.48182681436475 23.6869884327774
22.4152295215949 34.8230648559097 5.43494497868989 23.3621726956938
21.9182420846969 38.8975213483487 7.60231048032466 23.8581565164644
20.2994979529662 37.9140958321791 7.84665258928027 24.3703488197792
19.6155477652158 35.3627918368716 8.20997422676884 26.3201457264516
20.1280730734153 35.9405376103758 8.4048436718185 24.4992969895396
16.2183098760008 36.1943131827819 6.77325430973753 21.6895436854581
14.6751914538582 35.961656401968 8.0350592504296 21.3512705290238
18.6296519270295 38.0235651942067 4.7819760688621 21.7144653401817
20.4447135344276 36.7843987612151 5.97330358578297 22.2702315696995
17.5925899936015 38.6027594461203 7.01504037692616 21.0094955992088
17.6929704703288 38.8378648884692 4.72683211393128 22.6046579200909
14.3514495778726 40.1839656542939 4.83875543927247 24.4283101592425
13.9356468159603 38.9980535858263 4.03339676303262 25.1505931995523
10.5433462828295 39.7291418265383 3.14943940492344 27.6578240308624
12.3246978840086 40.0783667771909 2.75270056325939 25.3392233929859
