18.9514434608203 35.2929859985623 3.98833329627737 15.3422182238438
18.5167203685772 34.3978085005682 3.92080274924151 15.8681091198365
17.5556918761500 35.4071586308512 3.70599049028456 18.5435797439555
19.5425525756199 37.3376771279958 4.54993844848573 21.0976209647621
21.0583239096795 35.4284426280148 4.49105455994589 19.5537127415779
20.0536347277188 35.4368850159824 4.67175818386471 20.1678612019065
19.815454287014 33.6626208125979 5.16283396290007 22.6596281172035
20.678745491921 33.4087539671961 5.51204976668677 21.5531320327220
20.1327699453280 33.865498735183 4.54205265800564 21.6741041101952
17.5257712008199 35.8785773612257 5.67288814623907 20.4959147827338
19.6327509723372 35.0586648610118 6.47616543958777 21.3167718875791
18.3018384316704 35.2799580836366 6.33632975921848 21.2131472945561
19.2530214709292 33.3875567409008 6.79364649109407 21.8737090618189
19.9766907323153 32.2182128703019 6.2787940594913 24.1899111286577
20.4820368333336 31.6578225925362 5.0278634794136 23.926013226944
19.2944208208122 31.1195829220994 5.94044837940582 24.4238852563751
18.4048332329585 31.7314714259049 5.94149070647055 25.0351495578391
18.7711495026493 32.0757279325709 4.69888105473795 24.8026078415223
19.2025823043386 32.6370623933431 4.05057528007158 26.1825398250603
18.9185802334652 30.8389446568665 3.64853514029959 27.2758596735259
17.9829485502428 30.7837027740654 6.4562239648992 27.843787681128
17.6267482832711 31.2910443709287 6.24075647161656 26.7828825540103
16.9533564961218 29.6044790784448 7.21411605968454 26.9679030565508
16.7857477259952 30.1533137444311 5.95157204123528 27.6903223436289
15.5981497893388 31.5944631947971 6.04108709449542 27.3585751443336
15.3025247861345 31.2531547853457 6.30687643438114 28.0052457543674
