20.9551037718488 37.598574081248 5.04184193332629 20.2674327915211
24.0095295189826 40.7584282595649 4.99576315580659 19.3875190563177
25.5130921255399 44.5234540000543 4.51350627344825 18.1435340236549
23.5357747690354 48.3809973185867 3.80065330008205 18.6783334439297
22.4282230918829 44.0887179319137 6.567408793207 20.6236081517910
22.2131271025948 42.3336409296678 7.27432212950611 22.6671711965612
24.5803482067703 45.5958625248225 7.01847404084537 23.1521098151408
23.2906093604303 46.5912323563883 7.66312040790353 22.9422538879864
20.8242396538943 42.7349877341242 10.3102897189688 21.6048882672168
17.3220781352237 44.9952741497429 10.6517959035132 20.0806575579174
18.2133995512366 46.8540116137269 8.45224003313478 17.0376024854906
16.9354693194717 47.1107293784994 7.25063781666922 15.7541254398949
16.9066175179422 44.4384446766603 9.78681149676795 14.3743255586243
13.6069924206271 49.7496998806859 9.0972370683996 13.8911707464608
14.9474755746717 47.2372263150221 6.38955657224524 13.8919709142987
17.4492148158546 46.7166542593827 3.75933599116634 13.2400747029801
19.0524008219890 47.7430452337926 2.89638424681853 14.9342467165311
20.9634516995227 44.3522084799101 4.40788421377893 15.2265593749230
19.2411806110119 44.79125757904 5.9244329167379 16.7242084718068
19.4559654120182 50.4109308837655 6.05937699664737 17.6959760314544
19.3925047676837 51.7846218630925 3.90305481099877 16.9426238967534
19.9070443233301 50.390239379301 7.19416812405343 16.3546406526391
17.8593716576522 53.4457828049814 6.13406384497303 19.9241534408454
19.6811529911881 51.4661401146704 6.44190169934537 24.2071428940461
16.1961698394095 50.9916486491365 5.01805920566785 26.5548105834813
11.0253060238262 52.5865799372932 2.17095503141172 24.8471336875872
