20.4076607482749 38.60587493178 4.91792051658123 21.6168059747905
18.2999695301297 42.6220945030128 6.88290108392103 19.8246130649239
19.2806187671036 44.7710350447943 6.31337011233992 20.1012949081376
16.5570947721959 45.0787270561469 6.80694388832054 21.8089506061986
15.8738632602125 38.3697791494106 4.33940785798332 22.4469441579975
17.7473937123522 35.6953810382805 6.22535668656681 22.5594361186348
21.4287942328126 34.6927646085791 2.35811699175727 22.8623153329216
22.6728652338176 38.3396376379937 3.14222603820715 21.8339575811814
22.3266878588735 40.6272366647425 4.02409813378019 20.9441603773243
23.7533115143566 43.3612595470438 0.357279848186426 18.9705724173195
22.9417827898873 41.9781028777177 1.85316054742302 20.3006016674421
21.7601486338539 40.4433785234394 2.74554568632024 19.3941446819312
20.670761475922 41.9001591214726 2.84804258309305 17.2230490135930
20.4017196256904 40.6637843651513 3.9886442039245 19.7007789339562
20.3128629695861 43.8593884674538 3.99804228153910 20.5797505180975
17.5262328857793 42.0047886954327 3.07998379232261 19.6616385334795
16.9779130626706 37.9359314623926 5.99375345679831 21.2542605022582
14.3819777906178 39.701297374506 6.12320868303899 22.1574135920646
10.5046122648058 38.6571137165357 7.96510421397064 25.2406479282918
10.1083457065983 39.0871747185364 8.69815551541645 26.0131152593213
12.0618466519705 44.2975385452509 9.01128225010719 27.3651264524396
11.5658395149700 43.1053757795681 8.32366887452588 27.8729988606955
10.3639673440672 46.4676801941906 5.63674807334826 26.4635802624935
9.134499091 39.4414693915833 3.28106399295427 28.6718578336768
8.44160590641694 39.7401056597624 1.96385063370690 30.7041081728421
7.02972171586296 44.02258764912 3.85776315000840 30.0800111829987
