18.0134314492178 40.7451135729391 4.34350681688805 18.1935752999074
18.9985341245875 40.7055003332933 2.69868697819468 18.8338242122940
20.6101213882312 45.1976272235796 2.27924322293056 18.5937107853628
20.4255744528592 48.0146137448199 1.29221415964802 21.0381313428320
20.6960944656849 43.4128841520458 1.50530406553298 19.2180092172734
21.7665534301296 43.5570685677402 0.657896522898227 19.4970068220086
22.9959210383341 46.3355911168137 1.53314707567915 19.1692554937712
19.6215847589460 44.8482875347936 2.9319717977196 16.0749288206957
18.6248943208170 46.2564512685739 3.07122730999254 15.8361096080202
19.1066205760849 47.5265890838445 3.76778728491627 14.8151156032267
16.3227623196704 49.0500679820643 3.12754894858671 15.8828215166736
19.5992789881689 48.3320279242668 4.18040108210852 17.245570686293
22.3659900797916 49.991305558962 3.67123398703564 22.5386832539190
24.5779618852225 49.8425595308651 3.23117148719769 19.0980737876344
23.2557961085221 49.818674240261 0.895861398428679 15.4249093393338
23.1039623489013 48.2113582445306 2.99885347858071 15.3169011613828
24.3676258885265 51.6636283290569 2.82747030048631 16.5412386935692
22.0882159118504 52.6121950927187 2.50129688078732 20.1247700183208
17.0129753724635 51.3408307850762 3.30969973867204 23.2965085544180
20.6739503853918 51.2872470341092 4.50309638217468 27.2845138283934
16.1902913116813 47.3583587174308 1.96970099424388 24.9402973289158
12.2676472199113 44.6319970468995 2.47961785951074 24.285098227721
11.1224345519171 45.5800149453808 6.17177912550423 22.4529003398980
14.7582213214384 45.7331638582055 5.89348870007697 23.7837150767933
15.6668410037429 44.8395151789419 5.98409626450766 18.7795933168869
15.8004170019896 44.7143155577952 5.91447424962561 17.2832147721689
