19.7453445809670 40.5321541291 2.38746580437611 18.2097058069120
19.7675368412174 40.2920847211303 3.09685070792067 16.8789407299991
17.2192396566469 40.050666711345 2.30880009231318 20.4825412363185
18.0879264984477 40.9378339533781 3.01907513910018 20.6835055309809
17.0053873054709 41.9591491318983 3.32725371887616 20.0549067682388
15.2546725412929 43.2584894714861 2.41768255132891 20.1842793278434
15.8061098111892 41.8359734678788 3.45428386653223 19.5370207418531
15.3939622304161 40.2772446854187 2.70059292550579 22.7238022721216
16.0855349189361 39.2633859337147 5.09334101408169 22.9326545683663
17.7529040436813 38.7586522739089 3.16969004475419 22.0531078645956
18.7441654959395 38.8946866270794 3.09034951443604 24.497551891103
15.7237018588631 40.2348047752994 3.45498142990104 25.3475773223560
15.2334745954423 39.5958859754874 5.50769055115811 25.1435473845601
14.546555703476 40.1970432249045 6.42851737833402 22.8987637966116
13.0041155184007 38.5141223508081 8.14093671429723 20.7685291928415
12.9302268058380 42.6334255442171 9.26590346817679 19.9424438572665
11.7287021792473 38.7949180550116 8.0305502136965 25.2535450349738
12.2825548262340 39.0811891307297 7.77446610400493 27.6699306833048
12.1435626454258 41.0934831470425 8.8929478464559 26.600330248331
11.6652711217829 38.6555538338052 6.54539030357277 26.2636715394948
14.2147834568822 43.5568181390317 5.63474281025132 26.9863515689541
13.6859216967204 41.6595894393885 6.5967409087812 26.5819497152735
12.4439042104178 38.0098083505781 6.46804756680516 28.1101523944015
14.1572013655323 41.8661496888289 5.19685229342444 29.7193890194332
13.1693874252606 43.8249586902001 1.84908785796737 28.192930868726
11.9192717513345 49.411755816769 3.7183057738935 27.7919227079412
