19.0922539721572 43.107631752234 5.62250613496695 19.8253026917353
18.8588990572226 39.0979163620758 4.28882121346947 19.6738170174823
19.9932019862664 37.5529472112793 5.70396673731562 18.391111925611
19.0386717918647 35.3000556356407 7.21507369337059 22.1023715095536
17.3311847532851 35.9908518107792 6.6036741578152 23.4262636465893
16.0967864028871 38.808856097764 6.29287919769632 22.7475477673587
14.465687259472 39.6607959933006 5.42183892237591 21.7653474061562
15.3435678578904 39.0534989401224 6.30886122393059 20.328622883901
15.7571227430618 37.3586732405695 7.20095053705967 22.8157159823626
17.3984255447304 36.9131734941738 4.88259904420318 22.2164724864079
17.0043014491223 41.8213170938929 2.97235885572935 21.0915652123014
18.4340059933827 42.0327564298841 3.42868703937473 20.1233442037419
17.5802223495782 39.865310187213 4.81980430039892 19.1210809473933
14.7244781182999 39.9938270439665 4.41576471839415 22.8981599732825
16.1162724429294 39.7183090800322 5.04324254494476 20.9852221570500
15.4920756872296 44.3068162350183 3.72318145750453 23.2640592818671
14.5895707727894 41.2339794873083 5.12108617732961 23.4863614765518
12.5880989336408 40.7199160330551 4.81262634695687 23.4962906078594
12.9000513718463 40.6051605646121 5.12148766473348 24.5915521992050
12.8907026125190 42.3093650833685 5.91371259654545 23.6281485308007
12.5303902736006 37.8103177229856 4.9335748471076 25.3936474129603
11.9443778477681 39.4743071226249 5.79898098338123 25.6917214656294
10.8290091220361 39.7354618752761 4.26283748558857 27.3657769432337
9.48227203619455 38.9425723328441 5.81708754337528 26.3450048025192
7.3465362291855 39.6175380855567 5.79447536188313 28.8588543729351
6.91013480704997 41.2648767995695 4.36015899163766 30.1228093746544
