19.2517689280182 38.1102076041487 7.97163333300787 18.0482023026969
17.1836370266944 38.1453591404554 8.27522814017075 18.2759780086752
18.2061216980189 38.1676636795585 6.16212112292933 19.6614229590743
19.688984352161 38.070987059835 6.5454350674127 16.5731517071947
19.2756848391116 38.4714300995479 6.06777546685867 17.2434273646324
21.8557039434061 36.2709106197367 3.87610515128568 22.0861139721348
20.0447353834283 37.9027976519215 4.88208942269653 20.4677368342056
20.8414347993206 37.6674868584623 5.32459828574888 19.9289411534666
19.8130791474108 37.1447884011094 6.9671467029158 21.4080105717405
17.9087159752195 36.7959833661411 8.04038872603737 18.2736111343949
16.6159086122458 40.8607101383936 8.91901850943863 18.3327725087404
12.9952470368986 38.4897963306617 10.0690778671898 20.9222414880171
13.1396044583340 38.9699719613169 8.86257046867572 19.1420682328106
14.2726386416378 38.2989085442137 7.95574795905653 21.2483654986024
19.6962987597707 39.7066339114432 7.84354158955908 22.5506701436714
18.4369373612702 38.3782758599838 8.76082644447966 22.0754958389608
16.3867409846410 31.2695344121886 7.22131557564415 25.2193277951611
18.2272005381659 34.2459854562199 6.44565595977172 24.8514773713706
19.3852230275646 34.6749770398615 3.88414677942336 22.9225699965192
17.4578105742414 37.3855857182658 5.55466833978124 24.45395502246
18.9324535625358 35.3336661445552 5.16982991748653 24.3049964325784
17.0497314194520 37.9868777516873 5.68260154713735 23.8008436912952
13.9244093643804 39.4862077260965 5.76314098990312 22.3449136417640
13.7798055541073 39.6574613220655 8.09252171168825 21.1112265687717
13.2131044028805 42.7280889774338 5.00431154059967 19.3331066051779
14.1233677177237 43.2203786779791 4.94254151379479 20.6481237435453
