17.8164036063894 39.4823982527583 3.05406691414119 17.1109994195883
19.4464577654793 38.1776199105583 4.01937972359175 19.4666726144512
17.0533458103424 38.6117766616243 6.2348304763511 19.9612791704188
14.0062983759677 39.5208299769631 5.75043703080902 23.8423939112748
15.4316105355507 35.9610595283641 5.17071242025869 24.1794715310007
15.9399484221311 35.3434458417821 8.16113593732753 21.8644757638675
18.5519122427748 31.2268778957881 9.11650564235384 23.533757463347
18.9421303082782 29.7874917676513 9.46042710529372 23.2954668022843
19.9184197566065 29.7682327471304 9.70447325460776 23.6595040899560
18.7642280092988 28.7816570344080 9.6984959746145 23.8173191292102
18.3961519173626 29.3409038012546 10.6656376929854 22.3717548961414
17.8470358365280 30.2475690974133 9.86399903249856 22.0597197926899
16.3706064071307 32.4683476753245 9.85165795973941 21.4723317344969
18.0795564101402 31.1025694866377 9.11052452899955 21.7669681507063
18.0716529489745 32.0053357949193 8.86261794587105 21.078221001429
17.8212124631991 34.1320058904855 9.18333083117513 19.5470769825342
15.1534101787274 34.6037126541817 8.99243290471977 21.9505439719505
13.9033339034085 36.6229198184286 9.61774970899469 22.7687962066654
13.4368217979808 37.4704073151377 8.91315179417042 22.9796918306772
14.5924305600365 37.1503247190928 8.00261143279324 22.9549762916092
17.2393786751720 38.0964844139023 6.83476279802683 21.5020430648698
18.2438308250567 36.4521174632405 5.5944232094201 23.7485153965651
18.7538985246878 33.6603887102497 7.33180998019937 22.6712017098440
18.657979628424 34.0496337657707 7.11627151454861 22.6257032390683
18.3477351460088 33.0199785388557 7.61085114894497 22.1646418927236
20.7407849057036 32.0021893939485 6.60345216890591 21.977305494435
