19.7749578452472 39.4335134758225 2.63906082271592 20.4626129262915
19.5255757181708 39.6435820386961 2.58493059227130 19.7005588452166
20.7736742849818 38.7485316067494 1.86288659772941 19.8019506968136
20.1959520621055 39.7567254038286 1.80343093536794 20.2729708617144
21.0680025448852 39.0434370486755 0.488819724395115 19.4762622950950
20.6695293640548 37.4386649480703 1.88753585042522 21.1607901551181
19.6045033306703 39.1006566779371 0.264266564196632 21.9215917251991
19.1262756631598 39.04912132965 0.0779415156841498 22.5265849390985
19.0516203018833 38.8717113951224 0.766357878334224 22.3042674337888
18.7819607064430 38.0613488724326 0.826164012076333 23.0817654815876
17.7842327851816 40.6222944586239 1.57251826766878 23.4824484168784
17.3429328018814 40.9672076363724 0.81940286416907 21.2664160301210
15.9080425335109 37.9500868846993 1.26534515130334 25.2872518628136
16.479308886277 38.3406652331494 2.01138275729921 25.5365256851721
14.6597220138755 36.8216262374215 3.14320510383927 25.7665241060961
17.4463758305755 34.8161467000053 1.60880961960695 26.3353592086039
18.2900050342591 33.9488186967811 1.94511234730064 26.0315134974051
16.4895043489827 35.7205525909137 3.07242681900971 25.1822219621554
18.7033485741044 34.7545690098502 3.17225715209008 24.0330219464540
19.9188886590132 33.3787021048052 4.11784154938743 25.7247727853374
18.5124827810211 32.7920257400406 3.09876677557409 25.9125859779434
17.8231262118203 30.6894853367133 6.05490001500293 25.4337934556619
17.0510172234128 31.3910590797326 8.51216603535867 23.8489570586161
15.9475856839487 30.9000850495658 10.6335782019858 22.9940711837155
16.7427883417357 31.4037176466527 10.6414075667158 23.2981238528382
19.3271836700178 29.4509431454633 9.195171879832 22.7386367024227
