20.0528974763655 44.501100558724 4.66500746776549 19.3960486506270
19.7984791674763 44.9409249643159 4.33326280504664 17.4385189335020
17.8938688453313 43.4823030572041 5.56331248643076 16.9036908138123
19.0995212692006 41.8327867296363 5.56008292901484 18.9556854532612
19.0271984685985 40.3280472890642 6.07332787549452 21.0944064492396
18.5352508866070 36.8088332720367 5.93450265171336 22.6326036057818
17.4229137435160 38.0373503419837 7.22574018224472 18.5425694664392
17.2702454904527 36.7311750159865 5.60194728852579 21.3780691574865
18.4877822583974 36.9674752343712 6.4256113986797 18.6272696673476
16.8681964630693 35.6293797571701 6.54554414868684 22.0068555863735
15.2313020880262 37.0497776520481 6.34889692187638 21.5912351529698
13.2975828255169 39.8634359105444 4.1714737734604 24.0877635065119
12.7517322078919 42.5114570866889 4.15314159848125 24.0837790701523
14.5804690234935 40.4425715701591 4.66426655164318 22.4367716811771
14.6725662295347 40.6945427038111 4.06885023226495 23.0783165699555
12.8289345646441 40.7324595079844 5.71492688844445 21.7990980907271
10.4660424942157 44.0899496948156 6.66864308060612 24.2253882749865
9.7668580940652 44.1260442516566 7.02620209430183 21.5121587491522
6.48413006558151 43.9200820216709 9.68905396017085 20.2633126755172
6.92295794717105 43.9729866297788 8.23454817643228 22.0967361801231
8.59120568348363 42.5416612915465 6.41193443702373 24.0075774085635
9.82658232518798 42.4931311786238 6.20012255101566 24.1430996017010
12.3383567952863 40.8306316155938 5.95028087567299 23.3862793094889
13.1757016298067 42.0403342088682 4.38866710640251 23.9974390109239
11.7628636243459 43.0427867653777 2.24599700700492 24.6334242513349
12.5788408737862 37.7741961833087 5.77368500505309 26.5132299102788
