20.3182471828453 40.7107413217572 2.65156279295332 18.3380663173597
22.3062727382325 42.4432717833815 2.40976238577276 18.9432414381157
20.5746527455241 44.0152193879706 2.28106569475494 15.9718807043831
21.1079242137686 45.0760877857914 2.63262366224080 14.2039212586506
20.3409841946751 45.1444217349053 2.48239204630086 15.0042137458375
20.4817283403392 45.8739260454312 2.85903007763268 15.7252684404528
20.5241077438709 42.6022557686665 4.45242939137684 15.1881812266871
22.0737036679652 42.1492561959312 5.23733333495224 14.1038585934249
20.2526856581167 44.0111246258602 4.02002763326058 14.7403285573629
21.9233832223758 50.4390469520873 5.87965722542034 14.4205492046342
22.1701538250268 51.12593108474 7.12768340550141 16.9087410178647
19.4584112953812 47.2542848523027 6.32935897327738 16.5493191015587
18.2888302192509 46.0636459071267 5.85847619312593 16.9973696994689
20.2454325793729 45.2436137524511 7.40212556088121 22.2187102719304
21.9232143018812 50.2412170319895 7.93547172236034 21.1661799115222
21.5897173811168 50.1729037681672 5.61496520696353 19.7373636814859
22.3192660691634 48.1462647462341 4.3289385882227 20.7886241295469
20.4106958205298 45.2292933462284 2.61709964387327 25.3397216725257
19.265952960071 41.4551446752719 1.06758685642853 25.2431603517038
23.1105963545338 40.9145631075933 3.90244375029579 27.6060488862571
27.8305968730197 47.105625430411 1.55319344485179 27.0500223399726
26.8456711214453 47.5452755594722 2.66845695208758 25.8185864971605
26.7530469228000 43.9745474614299 4.26176124298945 22.2350977017337
27.1579865193412 41.0341207890867 8.08403028105386 24.6027798711241
28.6883528905366 41.1546596128590 8.4381277053617 23.6407392437489
28.337161605651 42.9094846279456 7.10666967881843 23.6665211639286
