22.7806544336835 40.0439090497071 1.7889190237781 19.2718126490425
20.6510767038325 41.0982920197981 3.46227871471066 19.3138730906348
23.5988744126989 40.8935059217015 4.46436755250189 20.005341727061
23.0357397360286 37.3554672739679 3.67363318575527 19.9209391742552
21.9144106184622 40.8067144111767 4.74307000724654 18.3585156982371
22.1094764055243 43.7473097259397 4.47796447618845 20.1817551388415
21.7357481590962 41.5299404172358 4.97882906267103 20.8158130224405
17.5607908250323 40.0792473426220 4.66705099612851 24.9062854915468
21.3832882944053 40.2590869792575 5.33326921289232 21.1576071854291
20.2831049429014 41.0062046299527 4.36959073118192 21.0881694860367
21.6119950132205 44.6787672719756 6.58104677506049 21.7946317730588
19.4795496103577 43.2206515624957 6.63278029354547 23.3180647365866
18.0637304752254 37.2816567874352 9.48930081756112 21.3008721474675
19.4865589995989 38.8545641137125 8.85019804777835 24.0448606185732
20.1427294227415 37.0594587020414 8.52831278097142 19.9362089786796
22.2882219410622 37.7986187022188 7.72998119828549 21.2796981124675
21.9663845037231 39.563335812444 8.97303088389595 19.2215388589075
22.6742651926893 39.7956898568612 8.49630997025602 22.8288556658199
21.3220815023947 40.7454623200843 9.31384511965521 25.0776146496182
17.8246496122870 43.4118992097588 8.11686209797122 30.1634797094857
16.3976097925175 43.1646778079776 6.40428588770524 29.6981613177225
18.1121335074312 42.9934457828386 4.06394464846895 28.0865532017663
17.2482537606737 43.7784767764715 3.0877654515372 28.1639359227732
20.5839332582435 48.2920836535377 2.29290795070119 25.0006631871104
18.5427812717861 43.9251798381192 1.40546288411133 25.4438609403908
17.4236372465274 41.885432234565 3.49083860501532 23.9715231133044
