18.5867569814129 38.1087760919031 2.93429364508504 15.8535067109817
20.2733603031068 43.8298246807676 2.58443216572071 15.9432375790977
19.6873957155897 41.0759944077247 4.56898329302224 16.9417649411091
18.075577924463 46.5601357202643 2.53917733940782 18.3908756148496
16.0226953415824 44.4418831211181 4.99123255407924 17.8611346191221
17.193904034297 42.0213914010340 3.55587303347441 18.0112477826381
16.2168799038343 43.4766991493047 6.4647937725533 17.9566226644868
15.3326955815144 45.2359524411836 5.91666078942612 16.0533418770942
15.8640052639342 43.2357523614296 6.91918838841625 16.9932558481406
16.0065173193674 42.0376133879988 8.27450943491319 18.0593483635049
15.8528410758684 38.9051192077313 8.2957643236489 17.4451065689331
17.3977667706927 37.0772133931023 7.18457632525702 18.9933169299742
17.9173115025183 40.045548881075 7.69339820323856 20.0001145854598
17.7455736714324 36.1940897485675 6.73573605327665 19.9783539086170
19.8194644682949 39.60401950278 5.17941148074142 22.1387071063020
18.8231692555269 42.3096665317627 5.04239259424542 22.9348258863412
17.0493669182902 42.4085249804394 2.52414189997983 24.0922692522942
16.3284693117162 40.0991842309812 5.84452361820188 22.1706574421911
19.3521742506352 38.9057036070952 4.85573054549484 17.9665165856593
17.5409091231403 40.7504305058027 5.57673950588531 19.2611068604627
18.5098958951411 38.974412088828 5.69765464078835 24.0479716096186
21.3408327784568 38.0647976818362 5.07469961963776 24.8451506718682
19.7478004026200 34.1608728464561 2.54254742650498 24.3578168684306
19.7985585148419 32.2613522986343 3.49194219717007 26.2482575745942
17.7327160779336 33.5764021099006 3.67316029182818 26.4467566937523
20.4768420495042 33.0793682081634 2.57314325463929 28.9831529019716
