20.1979874984343 41.1710244062889 6.17909381294056 18.4270085263274
21.2615198443526 40.7067642169425 5.08678793057232 15.9834726778067
19.944893624699 39.5346181210594 4.5936319142337 18.9940830943382
17.6528099701463 39.4665755456634 6.24070270114942 17.7390621778115
19.9512321390866 37.3401721850784 7.23935983201853 17.5794152537097
20.7384435991480 36.6486373902114 5.78963053028463 17.0486776636650
20.4611230018272 36.7429496999645 6.20891011001598 17.4351402599101
19.7375700697957 39.3102523539962 6.22450041638743 22.5166925549243
17.2709162934406 38.2886879937539 3.49387384772357 25.9045698737979
18.1291113645493 39.0229646945188 2.99327988830617 26.3519226717768
15.3058254998832 35.8178996380367 5.52608708386531 26.8943672939209
12.4871281145298 39.3314837773279 6.28085595719738 27.5547577315730
14.3563408993342 38.7671064630839 6.5948148039285 24.6387648693713
15.3030161366024 40.3137850988417 4.36562591978571 26.2245942893865
17.8826783459791 40.7074828589096 3.50429930213129 21.3877713083717
15.3552253662953 40.9725837787080 0.510263721180746 24.7118465695026
16.3919016269380 42.3778141641456 2.04396146116778 20.7596477791163
14.7245014168930 44.6531303196612 3.4130715331994 21.5533090832407
13.6573715795440 48.4254397984951 5.34420059692691 21.4026635785351
13.1512369049547 48.5612831778882 6.00310847746785 19.9868090835164
13.2019629247321 45.8597421832747 6.1272240297554 20.6824892771194
13.4921742409302 45.0280597223947 5.37570124190877 20.1090997841904
17.1843905413358 42.6657567371711 6.45901324438507 21.8429178812305
16.9064915433360 38.1442705775843 6.30447334778335 20.1579379637490
16.4155143072663 41.7522771718213 7.13504917948347 19.8776794180969
16.1362315827815 43.0093583652051 4.65181125868883 20.7632037087108
