19.7145654765964 35.8654542389042 7.18074108437181 19.2770010190625
19.4808523961847 36.0209223231641 7.09048927158385 19.1094108170341
17.000781560274 35.9808953698454 6.95910734196461 20.1952544855904
18.3778624180278 37.0776969317552 5.7112947330757 20.0351622472536
15.6346331741234 37.6916178790231 6.27702689029139 22.3664892832767
16.6139156485860 37.2390281076764 5.06160603027007 22.6847709423819
13.3476196804459 38.7354809672793 5.08226426649986 23.7134672065222
12.8504359300623 42.3825693613139 2.53712876379637 24.4017220388115
14.8106217265498 40.5902822582322 2.22833019734730 23.872607858567
15.8324707910913 38.2593670320968 1.01230307192059 25.0051976858587
16.1884210115793 37.6020971258768 1.58614195883274 25.0369584538922
17.2958466874278 35.6340322319084 3.69163144030608 26.2632740099863
19.5540131424939 34.2585335445256 2.51372478296980 26.6447945867613
16.6042325952421 36.7618894926418 2.96307630767114 29.0042210292951
15.7690297243516 35.2857339813958 2.46431985427625 28.1121992007178
14.4593745621564 35.2943972259413 2.55987918726169 28.0509405481497
11.7857016979428 38.1505738593291 2.80300721107051 27.4046740528543
13.5344233035188 39.2139143709678 2.29528935137205 26.5962897887699
13.6795637871261 37.5782405777228 2.07795925166837 26.8390489893685
15.7515535466766 37.9680467690219 2.40913226511406 25.4868280685227
14.8960736999681 38.8946130387363 2.78203954286448 25.9779042324703
12.6335846381655 38.2340920568846 2.60638361814974 27.54092733868
11.9317790661400 39.1744980919632 2.38703678100912 26.5667227186769
13.3799219431856 41.0950681715881 2.86185747867130 26.7411238613113
11.0726927583091 42.4624948484949 2.65969541505910 26.9544209676369
8.50657464368118 42.4851181360088 5.58513837098144 26.8452700028702
