20.9733952439676 35.4977625149164 3.64787064236628 21.5818846374091
21.1861558264019 37.2715488296795 2.76813823287415 21.9284239876357
21.2908301077709 35.8223096366834 4.95052784960757 21.1541617120889
20.3363077995850 40.3094407693907 5.95503701292949 18.3265650662866
20.8621754647716 43.8349668240599 3.54100086794492 17.8650161548790
19.5690977747445 43.145783801233 3.85364056726244 21.4527809833449
19.7983642422487 39.3401626065798 4.45345394539202 20.6813840157625
18.0995391613697 40.0025076401844 2.30926083324032 24.4184001320787
21.1936200621431 40.7767225499347 2.2392020879779 20.9564705854096
16.1648162134816 44.0313193998382 1.48383464477956 19.5088716428541
16.3639495304679 45.2643265334790 2.16972303483635 22.7202417347394
17.2874065560182 42.1803064911527 2.96515431837179 21.7550050578826
13.6869948419635 44.4151547259552 4.45418902183883 20.3891818905063
13.2409139170205 46.4046164686925 2.26227423245281 21.1109090885300
15.2739078530004 43.3393894917409 1.81301932767589 19.5972666144523
19.4639942941149 43.8790082441720 1.95300571667030 19.6734593315202
19.0329421420475 43.5215780776191 1.05639642965980 17.6016280837509
22.1997276318153 44.0659848972421 3.47772434097715 19.6845700461569
19.0225381689971 45.7811406790454 5.57008995534852 21.7686067707989
16.8735633806219 44.6481178091083 5.8286382619659 16.0343079585734
18.0319205743154 45.5863295947377 5.80317067130419 14.9442268703285
18.0982462462862 47.3946035923612 6.12020928548062 17.5744754420745
19.5879109275420 47.2520726041277 5.66505787074911 14.6201736796799
18.3312016601567 48.2236887546365 4.81759020192893 17.1932106267285
16.7395475857784 51.4186531425562 7.15481341599178 17.2419934698936
16.2959401902636 49.1466501060982 7.75148866969783 17.5204827177894
