19.6451411467540 37.9104959223630 4.65303083535789 21.7700521773073
20.5778175337735 41.6380442780653 5.78178438570855 21.0669936783958
20.2453159630842 41.8282618531237 6.7298988199657 17.4605612125594
17.2303320315278 42.4360699899071 5.06909935237217 17.1545665314767
19.2270277819208 42.6668987659314 7.48751379866461 19.6055486802358
17.4920994468577 42.8882847804153 5.38525901865522 18.9061541694532
19.7832753794811 39.451315213325 3.10496752537164 22.6177222001783
22.1009226140178 35.7826041633771 3.30415054261993 23.1568667506284
21.0288228286974 33.7163510698402 5.58236066755216 23.0931844235264
19.7654301856033 33.8537811034867 5.08467396502691 23.1176851455920
16.4777497012488 38.6354566596957 5.52779927095706 25.0274542736687
17.6273213109321 42.3188203031705 4.41678492133814 24.1093596069940
15.2134492130494 40.7968800038607 5.28620487628813 24.1762119291978
18.3407372705182 38.669155218503 2.89856381286244 25.7741564576271
19.3746340026623 39.0694848926315 0.922453986480832 26.9402828260332
14.8194657893395 43.5167799604633 0.885130332782865 28.0915647418448
16.7193342040768 36.6739526613064 2.45865063201212 26.9638044162863
15.944272218599 39.5486619312696 1.36395468092093 24.0043714883947
17.6807359376466 42.3875370801807 1.06870270846412 23.4872546642297
16.6158126605218 42.2635217645905 1.47554790065624 22.4373699509749
16.3888406412220 39.8456480160124 2.16971550883577 22.4366749431217
15.0520223726993 49.182780769351 3.01844204102495 19.279850212785
14.5894899977438 50.4483371244039 2.62134158380182 19.1232650102326
12.1545761240713 52.1690121579211 1.38064387880677 18.6996466032439
10.8035485189475 52.6273835275549 1.47169463778846 19.9385691115285
12.2548029382802 57.3785160935711 3.56879854621366 19.4058461307471
