19.2301993964519 39.4114625603326 2.23929891027043 19.5182846501544
19.3623313688020 39.9376810705655 1.76691701975184 22.1329984819590
19.1652169412281 39.3617800835725 2.17459884029813 22.4100839976295
14.1572277982066 41.716955679303 0.502102441387251 23.9142991961985
15.2428341124485 44.3522084470112 2.04259881936014 22.9027446472429
14.725984622905 45.4199383464936 4.19578877210051 16.4516008320607
13.5757968613822 47.9450841361019 4.67923650497004 14.8630944826983
12.3130667854044 45.7285820444444 6.78802318267889 16.0339528081350
11.9663051517074 46.1637435398135 5.86527629812149 18.4281967982061
13.3827318291059 45.2256441796356 5.62333519993679 18.2815955350144
10.4436487865513 45.3949471263664 5.32506450304083 21.4381584668500
10.8274449513173 46.0754087941239 3.42986606309443 21.0717483427344
13.4804051502487 47.1417280432751 4.75722079389981 17.5664064459471
11.5269485677471 44.4647159885598 4.43829350142061 19.9795182332365
12.2250893321715 45.8232482858288 5.04417538867584 24.1356748765303
14.2926722821674 45.5524323499116 4.95848628834813 22.6354305487095
15.5863155601326 40.8737945515017 4.60830574145633 24.0431806588514
17.9393439050544 41.8404595903406 2.93205291510652 24.3941940365768
22.2585587473366 42.1643339023280 4.68949354778136 21.3989839831776
24.4520983965847 40.89552185827 5.44218010351154 25.2766614349968
24.9758482146788 42.0819554473559 5.60037257092166 24.9323785219751
25.6454009381244 40.8229028993630 6.80777801143098 24.2106520709060
24.4121880989513 44.1737100446009 6.82044885273184 21.4762996659622
20.4654140548771 43.3509714166977 8.37375041086319 19.6869577300742
21.3033936630925 48.7596474100221 8.68824121577757 18.3338075895801
20.7491599071762 49.6457505144843 8.72444126602444 20.2574348756461
