22.8104391098111 36.622177108005 4.82207543695137 20.1153886316256
20.9637282565325 39.2310600213709 6.01416014287412 22.034009204051
19.7873345073401 39.754875222035 6.65830424586942 22.0228076752187
20.3160797879189 39.6732403284873 5.60324424151962 20.5747398164035
19.3435277026235 43.8364909186962 3.87781961920724 19.1360435474576
21.0032352266903 44.9436894006099 5.05096672598325 22.0736750478942
21.4534054428409 44.7959330268617 6.33602329163865 21.5457337985833
21.9409575659851 44.6520573851134 5.53847042268195 18.5780948058788
20.4440331035496 46.5608263970871 6.08987500199169 19.0931507342581
16.3167484388889 45.8157083988708 6.16766307695821 19.3406859033827
15.8069266486184 52.6710839280603 5.47190942645126 18.8726102526386
16.5313738803581 49.433990057998 4.5703063964104 21.1728697217156
15.1813465892539 46.7977989683604 4.26415755350195 21.4875355300580
17.3225407214106 47.2666934681801 4.22128341330268 23.6929087492723
13.9032289341091 47.3301232424309 5.77765420854144 19.0943772683937
18.7173473389818 49.7178715144276 8.13116136199847 18.0897823342901
15.6123843353240 50.1311983478247 7.65098514810257 19.5229611810144
16.2625830780714 51.6457604894406 8.84799337556638 24.4365962281671
14.9954573110034 53.4992192362548 7.60173473358234 24.7657054386880
15.3914144391482 54.5218471194644 8.17806464121757 21.8849257146059
14.5374800253948 50.8388249422005 6.5083918267869 26.1078226248784
13.4263536164826 48.274794328916 4.55415983558712 26.6271557695906
15.1024588234212 46.3222756594933 2.96814301996572 26.3259449954819
15.6412863952515 46.5626106455513 1.81464990629140 24.6427484545599
17.1610797715781 44.5773851144389 2.46521040173504 23.6817689556371
16.0515482497809 39.2450855164119 1.69102183263749 25.9328772453334
