19.6451445206201 42.7245335232721 6.20233122250815 19.5131362582739
19.7104462118021 41.9091183235563 6.32815672076126 17.8770282062884
19.7595464347994 43.9547064602675 5.22544523715792 17.3931660278882
19.3520391279033 40.0340129731306 5.548404279545 20.0212746904413
20.5850398721689 36.6744422365995 4.92404684765083 19.388114691637
23.1934388172397 37.166499122001 3.62915827814308 21.744863672107
22.7707298188055 33.465562210839 3.55102494006586 22.0598591239373
23.4439372322107 37.6626585516629 6.06089964580101 20.5316611974682
23.3048229930874 37.7204511376446 7.18441061063397 20.6680345767359
22.6920426456209 36.9434240470989 6.80839840502206 19.8587654800336
24.0282413587270 34.2761004222163 4.15829782996054 19.3682764646779
25.6216161800845 33.0458631597630 5.39996530596078 17.9462739703427
28.3051244495733 36.4716474891810 6.44499489982524 21.0108242479086
26.0805871634453 32.1060478084891 5.8521785781605 17.2521780540169
26.0918546072664 32.182845554611 4.1711654845977 17.9845345663691
24.4448640950885 32.3535473531282 4.22071925493682 21.3687594058776
24.4657766063627 38.0762780921704 3.58957873786593 23.8416446764806
22.9801022661473 35.7001035561024 5.48219656092652 25.3121267809385
21.1584941288476 37.7179768828845 5.51100239470207 23.8776910510698
18.2630846751873 40.6964970559983 4.35138412737825 23.5979859801794
16.700270560572 41.3766745746306 4.84099267153606 26.1249634438047
17.5536104273070 47.0858972427496 6.49150306182519 23.4956602007935
18.7467729430665 42.3621549733044 8.12592250304834 28.0668545282299
21.7941754488294 41.641007889627 5.9573925415951 25.7205447536746
22.7209468679522 38.6354919477426 6.56517591808086 27.3311530749173
19.4432235918958 39.5853145132833 8.794370138702 26.5440574918733
