21.1427601612234 41.3524561619636 3.68370660103247 20.0414398591638
20.5554766020799 40.9231743221343 3.63007084422377 21.7128724213362
20.813341101131 38.511891081015 3.65110734392277 22.5195976595939
17.7694869436906 39.2608130886391 2.40818366485967 23.5710421518967
17.9042257509417 39.18013440761 2.71819728193805 20.49784469582
17.2526138805289 39.5043601389491 4.83048364377395 21.9649506397745
17.9214985108439 39.9119319729955 4.73530109811725 18.8659411566532
15.9835541657889 40.9988446600546 6.29613997860031 18.9013412213153
20.312272914196 36.7978490442940 7.73589304348605 18.8098585053405
17.1722755138526 41.8609297327668 5.54180112919882 19.2460155433405
14.2750562278221 42.8381304495007 5.05515871007108 22.7951929962624
12.7905414439881 44.0612929103116 5.87853525831003 23.8324081620563
14.9041897990254 38.5280549296329 4.52042372197055 25.1356977263827
15.0282749692423 39.5276661927963 4.56298662883372 26.5210018324215
15.5205021660542 38.2861124079825 5.34712772542836 30.7838073784021
14.6910051509505 38.2767076559128 7.63569537206632 25.7760542632548
17.5386997947236 37.2743382188539 5.88857736526909 24.3131527706517
20.9451199706410 39.6147563837792 5.30082856233387 22.1165195593146
20.327094567513 42.7629608775968 3.02212318533095 23.4694997902495
18.8471330083366 38.002066238645 3.19698631029571 25.4823496510742
19.2114193453844 34.6302598611 4.13651477556671 27.1496845075397
20.1389238848741 35.2533661694685 4.79854214461643 24.6008320144845
18.9279265883769 35.3164983833628 3.87522399386060 25.0115069169622
22.0863281726296 34.5053423023271 4.46943827259954 24.5219146357921
23.0328249796684 32.760047896714 7.9142805150025 20.7066125432101
19.6240629102494 33.3859116509045 5.122238596274 22.3526534177434
