20.7881295576625 41.6703131054978 2.06370545510968 19.6585235714461
20.6858630113237 39.8842348889897 0.99916860437952 19.6700318378876
16.8177728082702 38.5079895009517 2.51923771784641 23.6415142498459
17.5036361653075 40.4034142352242 3.70719856298271 24.0022502593515
17.0709228550733 43.4386823604386 4.76020285452203 24.4328289963609
16.8955633465984 41.6684710959969 7.50972863740706 23.1663291125342
17.853976320871 38.5797757119005 7.77484204044352 19.5196339624718
15.7876521421223 40.536299368841 7.74321565097736 18.8725816997016
20.2303034921735 39.9582014877911 6.45265215782664 18.7491733457529
20.7411116554960 37.4751455841723 7.6313220726627 19.8639287648358
18.0715976178273 39.7611746684126 8.20554010251753 18.3364379496881
17.7297774996816 37.5992088195346 8.06019442023925 18.8673664761773
17.8007881544738 38.6356576013788 10.2863746111582 20.0165920520267
17.0475873307325 37.6449804984442 10.2118023399565 20.0752190707317
17.7102222836577 40.4828255647735 10.0675789796654 22.6929522046885
19.8335758701899 41.1602933063114 8.99213724340314 24.2703258341244
18.6384079515003 44.2844847874658 11.8482369770203 23.7315247826788
14.3286664153450 40.9622009961237 12.1469739000037 22.1122951031117
15.6131259475835 40.2504727863154 12.4782151951961 20.2585416937633
16.3964279715904 38.3479743562086 8.703033906598 23.8869639819874
17.6816151610576 37.4885852800954 8.49485436060371 23.8419282230003
19.2087587614544 37.2898194532182 8.7725080987412 26.7073871687441
17.8287993477844 36.4834191201527 8.33349394265023 27.1746599719314
16.4995151335730 35.4681798065142 8.34592067855107 25.9972147120549
15.2623453490793 36.3038356121515 8.63204835747929 24.4137622386603
13.7745329172578 34.3919819204950 8.33631476058254 23.5838205999149
