19.2682553157894 38.3931852193552 3.91582514826294 23.2193330317798
19.1257133226543 38.2656927805247 3.86823118562895 21.2676906218814
18.5973099166229 38.1160950950604 3.17173478599855 20.208637538931
18.2771662721954 37.9330815542350 3.22814833008828 22.7745485961251
19.2855486734898 36.714403220597 3.06478940545121 21.9269001534022
20.7347613274359 35.4283047138297 4.89005241937645 20.3853422573485
19.8852444340037 35.56639090498 5.30631747754795 20.3510243324137
19.7059224673426 32.7783291614613 6.643358330022 21.0626877285115
19.8742784013719 31.448538270199 6.21980710117651 22.6172476140928
19.2852271640499 31.3655887150109 6.25422022531038 23.5479025379345
19.1929680681482 32.9696687092494 4.98978976841487 23.8363037443719
19.3841340434432 32.7697220454697 5.47076243010044 22.5679613305843
19.5413238850892 31.8941000044291 5.37934739991717 23.2592347134492
19.0542563592314 32.8498307117323 5.54961144939097 23.4205305126751
18.7390835377712 32.5588406044178 5.0569356829762 23.8978644669814
18.1996310663799 32.6515596921794 5.64094224016535 24.6430439618243
17.9499711886997 31.7330408079479 4.25356251192081 26.160090200923
16.1386213217880 32.3513477054559 4.34497843505162 27.3855067625116
16.9211183791821 32.6878577036305 4.11237282582601 27.9850324356019
17.3231427361852 30.1900109360933 3.5573025678475 30.0977442632194
15.844083842265 28.6119035313046 5.15183703016532 31.0342194074242
14.3801322010799 28.703347097467 6.49673012990547 31.006765878707
14.7673306510203 27.2970536535759 7.31947218391155 30.8271823926971
14.4789267671299 27.1187573594391 7.2283863827657 33.2509344631017
14.1088872092945 26.0926175501547 7.58972980307627 34.1232768615257
14.8794111594190 24.7947220818489 6.89922350131086 34.8072965537324
