19.0176393347795 43.6920357129087 4.22084932303608 17.4505634823388
18.4423402776013 40.1643551361297 4.69763280795508 16.9474990389815
19.1713921778082 41.2634753936954 4.639026599653 18.1959002071012
17.4534692751422 41.14546712177 4.6525914158275 19.9939687109505
18.3310278436347 38.8704261777549 5.02894813023262 18.2080613651265
19.1059044987429 38.7582335634859 4.48774441834211 20.9859671617810
16.1487815676657 38.7178244435353 6.4351388629493 21.9700211101066
18.7314338833226 36.2010134414144 3.19304629056386 21.9607983763184
16.8831435730813 37.9571627650716 2.62851147879518 25.4913035278063
18.6592841316147 35.7887809495588 3.04214811812695 26.5024884951089
19.9176075263081 38.8930205437501 2.53791860825177 24.5437583335271
21.8386268401651 35.5614327490476 2.94205189714003 23.0821778689106
23.4122731756301 31.9326225952394 4.06158812003005 21.9461780527492
23.1471036656578 31.9915156420469 4.6312995756397 21.7416746180390
20.7862567401309 39.8652405114993 6.36900081097874 23.0662290437033
21.4100006346409 40.9870686261132 6.48482387195136 23.4150664947813
21.5795520936398 39.2156184888594 5.74072471747163 23.3739564671998
19.8531546975745 38.5833805934675 3.61279264764849 20.9432145535832
22.4713498886003 39.5783406659178 6.32168965271663 22.6535866960769
22.2447191270340 38.7240679701939 4.18197971113946 23.5192130694052
26.0683636375043 38.6484546763971 0.965315625770018 23.4256680609544
23.9141359886426 41.0474477470345 2.98100186465308 25.7748072549586
22.37505746785 40.5040718456223 5.11543172341771 26.7157073334816
23.3746398330052 39.3749777967157 6.19582780481651 26.9149772717643
18.9169516858031 40.8048000972765 3.42855001155622 29.1921432217888
20.4263592280790 40.5646048573824 4.47672944290899 28.9065022835813
