19.5874899976329 41.5680717204015 5.18526050856298 19.7064418986486
19.4580389667676 43.7948900961384 6.32387928024827 21.3713124606805
20.1540498981626 43.0282706443288 5.40061673557347 18.0812658460857
18.2753839824723 40.5713764591093 6.7474004657749 17.432392611368
20.3366952879728 43.8090211627024 5.86161055544353 20.4283359201759
18.8278270230071 45.8533057528805 5.15463319432883 23.5029005047068
18.1074557552242 46.5221492851221 4.90746336232832 23.3018724427107
18.0280373064928 44.3548425071009 4.05190119046724 24.505389700878
18.9527558652811 44.0845988302559 2.51404381121065 23.1607308469107
24.4082320133352 40.5500539623268 3.28670170690421 23.2655695655709
24.9961955608927 45.0860492478192 4.62112281095724 19.7994936068868
26.7077378587988 45.4949751599807 2.78059594702463 17.7219230464985
26.9545211516511 44.0256991232413 1.46724424088861 18.0541050105682
26.5411729519685 41.0369768063205 2.65588079276495 21.1901079590758
25.0218473187835 41.4568063495348 2.47379539324902 20.8974020692846
28.9681584650687 42.2245302004618 4.78057362581603 23.6597762068128
26.7918612865767 41.4822315266234 4.39146647136658 22.5577570467582
22.2662699138509 41.7134652491537 3.32006779124623 20.3296217915928
17.3827197495611 41.201146296679 2.82758008709772 22.0135448174265
17.0859047164904 44.5818779622083 1.43862508118747 23.3871613325298
20.6681104413928 43.9172542646815 2.8854350107502 23.7078492878942
23.7401935346188 47.7974012207528 3.30633756050503 20.5840321914299
21.3598628435571 50.8059002205086 3.80189579816198 23.0719766276895
21.6501099951852 50.9486316472356 4.16442674279807 19.5736382468610
22.1023662342046 47.4253399802436 5.56802866838535 21.3076063195829
22.7568110321004 45.873296870577 6.76348524980841 18.6629419784229
