15.7296087155809 40.8211226105758 5.27556314658571 19.2242349173420
16.8855696144273 45.3693179573001 6.69351572160807 20.7185689128481
17.6722313743533 45.4906370284437 6.26520664967854 19.5770233368047
20.0374815803021 41.9393861976853 5.06093981909823 21.4178386536904
22.0703133016055 43.9613771483703 2.85667453660887 23.0760992040404
24.5205711095756 46.9610880271933 5.38145620058173 20.3854387850978
24.5444786269703 43.004587584029 5.36438825129414 22.3910945916094
25.1018663421759 44.7097696760847 6.4993192922324 24.9074830971922
28.018516708214 45.5529500541451 6.98965036342852 22.2619262765672
27.3957843408474 47.8663009728479 7.53574014068582 21.9475544085306
27.9140326524704 48.1641925962519 2.86429150481709 20.3654124307725
27.5593080157738 47.2530057777527 5.62373006451686 21.9965245834830
26.6692251330565 47.8175283110322 5.93530025603992 21.3135668681282
25.1880823001589 40.8428742162504 5.67596328412925 21.4266473920363
24.6601608041997 44.4548517147632 7.20592446686511 19.2973590408731
27.3752601491611 45.0245202564255 5.26752279084918 20.3022567713391
24.9689522246222 46.1862485197925 8.74425876434704 17.0488439192754
23.7762235821391 45.9723547905571 7.97106900057567 17.1265865573418
22.3380536290417 40.4482966758198 7.97104325371974 19.5862614193135
22.8973221259723 38.7861891136392 7.95020502450124 20.9202919832566
23.6386382731209 44.473394090671 8.00718886375607 23.2466610956141
23.2852548111762 46.8088483129515 6.93391195026406 20.9345313447663
18.9547287090401 48.1030024055912 5.80536441452049 20.3956986034928
20.944475559024 47.2125133125632 5.55784719998229 16.9750314090376
18.410579802906 48.4380456307284 4.33061233490918 17.2377907155057
15.8975897947977 45.8460217532291 6.07025021665942 18.5755311535420
