19.5458992661820 40.8411132221111 9.97258570271 19.9642436201948
19.0850858956487 40.3825360124931 9.59639707549862 21.5804840424362
20.0938582723532 40.1116143807769 7.76763253687485 23.9622805101689
18.9765855982471 37.7619347542525 8.23693276621005 23.670966261242
14.3920553229321 39.5571240469688 8.33439090672084 18.8392318125706
14.3171322446918 40.4954719519118 9.15868460606919 17.8631745428511
13.4552581672227 40.5657769040079 9.96445894103861 21.0933536440798
14.3088685962042 38.3836263091178 10.8850998834464 21.5388963232481
15.1199839849627 40.6351758338386 8.38206816327191 22.7220391845994
10.5004776659092 38.5614407517822 9.17670117702144 23.10411215977
10.4977063907912 35.4195913736583 9.74985636409181 24.7057348325216
13.7994605413308 34.6042696725452 9.26728729600508 22.9397236959376
17.0320060475400 37.3091633045459 7.95746100768814 23.7235546441116
14.0404832184916 42.4105711183856 8.0732735662412 24.8213174336888
14.6637469910687 42.7272172444845 8.981540376243 22.6175492461851
14.4292018251496 36.6902389768856 8.97935954124369 25.9124513953705
16.8678507735955 34.057342187536 9.08070830713227 23.8862451152657
17.7706719614567 32.945059285068 7.42012304385393 23.9711421537925
19.3030045187103 34.4366807234818 5.40852152291886 23.6540581491029
17.7377354368570 37.4976499950579 5.49833014948494 24.2236709837055
18.7843399772805 37.1718428843129 9.59010674470305 26.3263360914028
19.7331917759416 33.4375372310575 9.65036644405886 27.1594105092993
18.7104263928172 33.8435099153254 8.1647652425739 24.6522201090778
18.4582200682175 32.0268255956877 5.36557081746227 25.3119202419842
23.1529604614166 30.2956568468768 6.83110204836643 28.4265657929430
23.3458641989541 26.6095661735568 8.30416801091573 27.4050846039976
