18.9027530449666 41.5262622101367 4.8889037124979 16.3972325624251
18.8003738127426 40.9064031857201 3.21152805059019 17.8712768183374
14.7267150139213 40.5665264096246 4.54806977195467 20.6036826522373
17.3107308340967 41.0839330755824 1.53403504972148 20.5822906634985
19.0102341267680 41.1320116459397 3.39550393054924 20.3708557496994
18.1657552727898 40.2510814359417 0.345123732928187 22.4525375795766
21.8600111016472 35.0668680644599 0.792036008555442 23.0531153278428
19.124297945707 37.3176178258336 0.532442138297483 26.3897333342703
14.9888127995123 39.5932799801534 1.90791839640588 26.9107775392132
16.978703270415 36.9120239537175 0.674128549173474 25.9743974695103
18.9270594201332 37.7668121909688 2.08916470315307 22.8785498200105
19.5386633898413 38.4196505054418 1.66245518121803 21.0060209503518
19.8410873866921 38.7003468161676 3.95403593019517 18.8761859845491
19.6160393850466 40.0106519735747 3.40816285866247 19.7107650257768
18.6457440115223 38.9724836848073 2.01476278505288 23.4742193810763
18.7816291569976 38.8348627644919 2.27380356812353 21.1972480893256
17.3483852429254 39.5923846389312 0.941918467869982 22.6102724439736
19.4851842366097 38.8302701569307 0.206865637275255 22.1349061933618
18.5869763085557 38.7557765373174 0.568341285045148 22.1165178389734
17.3379514765049 38.9097831922032 2.44428538614091 23.1731961284571
18.1145897993073 38.3755776832235 2.25714478259113 22.1092992018532
15.6111753015965 39.0800171800519 2.29763303151493 25.0085646971135
13.5517714052647 39.3639885001459 2.33130268633981 25.5822300235747
13.688996853948 39.3278163363544 2.93701393576339 25.6341804363771
13.8826794538040 37.9685348476601 2.63548687858096 26.2123771025805
14.0571958811347 37.2144790444841 2.00197554000565 26.9708715390200
