16.5957119245503 44.0964818865100 3.16318075960091 21.9406777785284
15.0784587808374 43.517057981826 0.711867190390443 21.7347997079728
19.6076889725362 45.3569430043172 1.91931604228271 19.3059176716147
20.9740498818417 43.6408898503065 2.65319685956960 20.6535528895570
18.6326131902595 45.6769149591077 4.11389434959304 20.8782755068628
19.6888096321334 44.4639131132376 3.48626118961287 17.7814672465561
21.0013361114968 43.9562048560308 3.49676180321288 18.2277942726383
17.9818139567931 43.0663265573939 3.15804262719015 21.2923891281703
19.1410957349424 46.2283298724478 3.59745095510865 18.1823920096332
19.3035645954754 43.3769003351726 7.22538161677206 22.0694752159590
20.6869818708052 41.4158408231991 6.01386066727896 22.3033078034469
16.5268673757938 43.2850061155419 8.3496109549102 22.5089763934785
14.2576898989183 41.3999052153463 7.57659616406602 21.8623146924317
15.3227617254103 41.7060552140118 4.36431592788143 21.444504820475
11.8074290154124 45.7063363267461 5.51985377298263 24.5871029737025
13.0689829958225 43.6361893115551 6.87100090495974 24.7937422887042
14.2363275400081 40.9460835510304 7.48841021752858 25.8802258501380
13.8108882083275 37.4215076968444 6.9663624787511 27.1929002039943
14.6640103742040 39.1184914917442 6.54709644949005 25.184331153414
13.6905214782111 37.491985693084 4.75081041392812 25.8393646375153
16.7242078832764 38.7620876062006 5.8445081972325 23.2271209628198
13.9047820751155 36.3847676467426 7.27773254116008 23.398418157256
12.6724365052367 38.0202669309889 8.36077870459238 24.0672131719876
13.3814468464414 44.7200153469544 7.35121771374659 24.8513657384429
14.4861682757863 44.0146255874511 5.42997467419071 18.9696781997446
12.8067146364727 43.894523855101 4.8720276457624 21.1912974695552
