18.3756957013016 38.7361127407943 4.82475263147872 20.2242645268709
17.1439066897934 38.7687255237355 3.80422085814435 21.3557980881453
19.7048693844905 38.8617511418546 3.65948567527603 18.956575417091
20.1084230016773 42.6317063873730 7.74717625335116 15.9336425756485
22.6711357697700 40.8857469359667 7.06054053141061 16.4062797903464
21.0131432074909 36.442875213574 7.24541265738453 19.6691727658183
24.6292116777827 38.4630794079297 5.34325605944987 17.2017174494833
23.1776058600795 37.9292192856104 7.96815252827737 18.8112923718438
20.0605813303541 40.4599222672426 8.33685276110737 19.6972040786788
21.5613338641401 40.2291055959562 6.32528602941726 21.7692414821506
21.5052304252696 34.8785996702412 3.85339508279991 22.2755711536304
22.1275427008033 37.8476522951300 4.76750910566022 23.8842087901578
20.6250688277171 38.2605058667163 4.23697209483029 24.2054241443088
21.4088995692114 40.5216335849749 2.8213978469031 20.6235674167087
20.3961978723522 39.889939233652 2.73458478330952 19.7274311847712
20.2472769388402 42.0253563885638 1.7849341659317 22.5885165745119
20.6428426684285 41.8363208075125 1.75321406918976 27.0619541594486
19.6817689078183 37.2649515227486 2.28093604557216 26.5825472792337
23.1957367934541 34.9607539971430 3.09551166021265 25.8755762997742
22.6601756275868 33.3460526126409 4.90085756289773 26.4888348414811
20.187438944844 37.1370804262834 4.33801104363171 25.4017012690442
20.1130224315473 38.3724408452179 5.16664481700515 25.9821455931702
18.5158850325295 41.6923239553733 3.90132337112097 24.0285974961186
18.9916576350131 36.3824692779606 6.23618638843415 24.7852549838314
17.5672304343565 39.2424654021314 7.62165210154764 23.7109638840372
14.6139564484408 41.5280713394304 8.9692347882078 20.4351381879711
