18.0587768333353 38.6518486593760 6.10023439686783 18.8789560022961
17.9112611182354 40.3432308803223 7.02075670321509 18.4316657931789
16.8620543491415 37.8281968734138 5.2970308015313 20.1857567682176
17.4193592781629 37.0468688551247 6.84841344796159 21.42556642939
20.4246792888697 43.7350973943159 6.42355917455192 21.6200058889821
19.1062669933270 39.4839578708544 7.78595399634929 20.6367738588591
20.2026880786251 39.886927486854 9.07656610209511 18.819370391487
23.9816843329425 33.6998759731561 7.49528182216005 18.4525584547658
23.2500440492201 35.6420739577062 8.8741248784309 19.4395010878210
24.9037662935350 36.5463052032452 9.26463332084955 18.6188476273032
24.6076428028661 36.7167212137890 7.57192900555224 15.6969350596132
23.8321992200706 38.3755266008836 6.95678260211849 17.8771167449655
25.5483838445413 39.6768062757086 9.71498574987404 18.9284638648295
23.3614578186441 38.1202407520953 8.42087502587005 18.3975673580351
24.5062977565608 42.1774617996755 8.53498045746587 18.0719136504266
27.2933717548137 39.9032448050323 10.0585815826932 21.3263532586205
28.1030514539441 39.5231394120092 9.54971253095785 24.0042638212252
25.3162018974396 38.518161684524 6.14740626296619 23.2597957860488
22.5074074719294 36.2122508210760 6.79599674014965 27.7603059729370
19.7125426134288 37.6912033355494 7.40265755836511 24.5503026285949
16.7222334979137 40.6524792041329 7.96580995191413 21.0523111328292
17.9631479274296 41.1053728730132 9.78572251126695 22.0128668622854
19.2819384069927 35.0929767436993 11.0754835353285 22.1962811482879
20.7048437412642 37.0653033856017 7.99295901415025 26.4595649039182
16.1191925130599 34.3029483099182 6.5451580537585 24.9688419900055
17.8063653664477 36.2253440227583 7.63584941463632 23.7679092665355
