21.8268990240246 37.559296255494 5.84659569391649 22.2617686616482
20.8824369185745 37.1262715962768 5.75290286747058 21.6882875541928
20.2367740196139 34.0077534104750 6.31749832580117 21.9939712216962
20.6119970107795 33.8904688340806 4.25495012287301 22.2030128914372
20.052942930402 34.8016009466917 4.30304462133226 21.4279793692374
19.6091996819319 36.0258214994627 3.58763576411893 21.7726373929252
20.7587988131286 34.2365776351015 4.54668219912522 21.4402969643195
19.6235005586412 34.9539018761533 3.83616920647805 21.9099627736586
18.7603501350025 35.6860419937386 3.71788260462650 21.9456171464216
18.6791587101714 33.4758691906814 5.26116204127626 22.8855919460624
17.6095159261982 32.8731957709302 7.60970645147332 21.9593142483309
18.4200605713302 34.2525617021792 7.74308628664308 20.7691595198512
17.3108934109250 33.7814772906802 8.32974378839407 21.7984441833606
17.0765596396583 33.9195795517173 8.19917462872031 21.2155705359860
18.8231231515589 31.9148085716600 8.54900604988502 20.8096309942289
17.7940923140052 32.5241169558057 8.82467084205094 21.3246842152534
16.7271174601965 31.83126581792 8.6506155014898 23.1159579348846
15.7341256393619 30.0476509839318 6.54875513263264 23.7053257417445
18.1253433740265 29.2175442803673 5.69120713428052 20.3535531875257
18.1141887322688 30.2807066053174 4.62500493408002 19.5417934082377
18.2896568203965 28.4792842878643 3.7351979351864 19.222968780801
20.1473622589061 29.1532621186557 3.25461369303807 20.1883117942068
18.7034996791431 36.4414457747112 4.12944640305645 19.6702712765158
17.1830299496673 38.9193369954223 1.9767532978934 21.9991513832805
14.329851810762 39.2922146182445 3.59955764954036 23.6346197125835
10.4255325085831 40.5529107721968 3.52207054915896 27.154563165955
