17.5209522711970 41.7736546832048 1.87328041521057 20.2509038907875
17.3501240852215 40.9802046360877 2.50660552688511 20.2109223355939
17.7159230817146 41.5226648421479 2.58371371355476 18.9159525906135
17.8378487104586 41.8330858833037 2.44966129491722 19.3999274891742
16.4152950478229 41.6893006027923 3.26529499381678 19.2021747230412
14.7638646059084 40.4138735244298 3.59618790750988 21.3476695910888
15.4055073603913 40.718104876354 2.84037202341147 22.712799142939
15.2673897571590 40.9833416876007 4.21309015083387 20.6024570406581
16.4247985272588 39.7128934764859 2.26891893814081 21.9125598581454
14.9834840274336 40.7679500307479 2.32709287979120 23.6077673348532
14.1477066487925 39.8947213032905 2.58195163232041 24.1729264645364
16.0712375966414 41.4651517243386 2.03654956561513 23.6399112934704
15.5281274243771 38.4345337817707 2.43975704046898 25.9048249045845
16.5336309540599 40.4710139729475 1.21609412876629 26.7597854011218
15.3403522913774 36.1763077598455 1.56105146205724 26.9453232739578
19.0429264159372 37.1578765447641 1.48063265369274 26.4174242135595
18.8247513820984 38.9225328701006 1.36833417462185 24.4339928389053
19.8120655756079 37.1906368431093 1.18472137581557 23.6092101822
20.8286624889456 41.0002180308773 3.14319309988059 19.8314437812518
20.2133650373303 40.5007900655008 2.99779680627398 20.1530749967646
20.9445534966521 39.2315167471505 1.58435938437469 18.7761337293636
22.5312681685768 44.7035497970618 2.07530934875831 21.53049186639
22.4600167836629 48.0195775747969 1.59718940849416 23.5759043407588
22.8701183696552 49.22469280136 2.01638956647366 23.224934960991
19.9427125699648 50.7327097565366 0.745341998990625 20.4953946138694
19.6076611827819 53.7249856864046 2.02013610396534 19.1524225085004
