19.8055995945252 37.9141801760911 7.98211402574695 17.3182217928619
21.8594301455088 38.8441200682341 7.83983448765382 16.2732453542072
19.2125321599088 37.2992565238296 8.84449926939003 16.0134106446299
18.1014284175254 39.3271375496319 9.52465166504881 16.1390897790212
19.5602065027125 39.6022349352181 8.74341591405138 16.8818442030120
20.2116023032360 41.0735283753067 9.18785606887578 18.0836959956456
17.0969221705714 42.6721765890881 9.40997594971596 21.5827418398354
16.8845547579372 37.5621603259980 9.48429002197846 22.5124844196235
18.8372646385947 34.7898814276454 8.09007996930196 22.0203629658336
20.0821624679634 36.1827807143231 9.19461882977959 17.3857424557919
19.7868556270519 37.2308454449188 7.26525311639745 18.6284137968649
20.6317933902287 37.8774281420938 6.4090556793588 19.9995468775485
20.8459112412478 36.2252625382699 5.81623836771797 22.4810428877757
21.4879256897788 33.4048673005567 5.21400786239866 22.3221736072959
19.8879280650239 34.5433604291152 3.7823511390223 22.6147537471191
16.6025768379863 35.8894539682637 4.7337878383148 23.7317032585428
15.3918897780772 37.9472445833939 3.44292355812065 26.0413571935655
15.3032257008548 37.2513519295003 2.84528430566854 25.5032458588989
15.0189388712944 38.5024334529857 4.3852301881808 25.8520140065388
13.5810025801958 37.9955371273565 5.9742631607813 23.9711414495991
12.6581698080601 40.0109912007931 3.63050705456484 25.08712227778
9.72150013801472 40.560175567134 5.22129320952305 27.8199545456604
11.6311836473962 39.7455602600867 4.3279075172563 28.7133084259867
14.3081299596759 37.6997703062833 2.76632899414565 28.8626779293582
13.2054497384759 36.0414730189831 2.53565594969134 29.5196005769238
12.0750024169045 37.8185792868488 2.06229877560693 29.3470643118188
