24.6224703392194 38.7643689279459 2.68626526209812 23.0643201275821
23.6757087376148 34.6649063405595 2.18366728592571 22.7191468925617
21.5903481761173 35.9230578241664 1.81997586577199 23.5221903146718
18.4562488882051 35.9387201349732 3.53160092216284 22.1643992222095
16.9449443831434 39.7445457474809 3.63934159339393 22.1518976648519
16.9634107309719 38.8894190894921 5.6784698417409 21.3575579530740
13.9743830191631 40.6452489733223 4.02480267947878 24.1611824368308
13.247061364174 38.5212694432079 4.98050665604289 24.0220788798476
15.5242593612598 39.1865941197363 4.49451331671519 24.9855447644612
14.5943228417413 38.3214784826262 4.85942947730069 25.2560143940739
15.1860573870467 37.826006365538 5.27528958113214 26.2311245702422
13.7168934216128 37.36567241798 5.93395642677604 23.0726855030499
14.9094442098363 35.9360268648521 8.2492853796324 24.9675475027471
14.6332283510788 36.2329623962607 9.4682337934323 24.7323203919515
13.4987204062713 34.9767323528777 8.28013289432826 26.0647824745685
15.8650716063608 35.9265639407893 6.27699734285647 23.8882456108987
16.6907837865882 39.2870377477591 4.13552483582111 23.7458885520756
15.0443083141007 38.3641749021654 4.95769428989091 22.8911596380868
16.7147858319812 42.0150171119777 4.7734407092555 18.3661333194697
14.5875590059034 41.9012010313628 6.0187583234561 19.2370000197403
17.8682213609166 41.709791928719 4.61699200190268 21.385499767436
14.4855313894398 40.8229636222973 4.39590054358346 20.6856782451792
11.8498189446576 45.2616384573198 5.44310440767387 19.6064967915351
10.5983760653867 46.1148280828125 6.57165948011942 21.8871509695361
10.6006955719869 44.1995035525418 6.67593872490369 19.9903490368212
11.6002722365167 41.8411499601702 7.85171000561553 19.776107511149
