17.4874715615688 38.0854451943648 3.21194729694179 20.3278089297251
17.6588848854108 37.8547567509573 4.99583780528991 21.3915971770199
17.5629177330024 36.4859235316305 5.07764373157187 21.5450778465034
18.7346042238727 35.0316234726249 6.96068501921771 21.5949197460809
15.3282941796847 35.9939853663208 6.53009438917441 23.1405685565346
15.3668248218514 37.7177611779684 5.81005575770913 23.1119600558026
16.3499774088182 38.302530343534 5.65003564425213 20.6311585675297
16.6709193832271 37.3721753907218 7.1039666013128 21.6212635706483
17.6355802532453 36.7124132816073 7.02197384048062 20.1247346275790
19.6125646758992 37.5995427946885 5.27754863613093 18.0666771992413
20.4888360196892 36.9583677145977 6.12578236570885 19.7166539640470
21.8561974311415 37.8303430554782 5.61101362740924 18.3676238512045
22.5408628883509 41.2888113422644 4.37331922318738 16.8647744110058
19.8612853058351 42.4691725679998 4.99453316339244 18.9373182574491
18.2937096788285 43.133975907943 5.25942806423594 19.1534548229277
17.663819609463 39.2998270846594 4.46755614750039 20.1181229001401
15.6991509387938 43.299219402733 2.02364650298841 22.6683607355250
15.5218359467311 45.2183732038985 0.408660072830372 19.6704517502828
16.2384845086786 42.7274091108313 2.13612783886492 22.3820568884282
16.4340087355527 43.5438251633415 2.49672735831700 22.5083635125799
14.5893173145870 45.1547874084892 0.608384833903983 23.1512366897408
14.6653613694509 41.5297028932939 2.21512161358260 22.3704212318156
18.2572412848969 44.5089325317437 0.213333073667732 22.9773961432848
18.5852110426214 41.6941333218804 2.9207575453911 21.8042311562795
19.8092454892690 37.9986580470374 3.14847416686825 24.3046710022364
20.3258618905315 33.6433256026154 2.72720721527003 23.9296272541850
