9.38454506478476 9.34793780384332 4.82174878555819 5.94492790450042
8.6201379804613 11.9539423674692 6.285239116638 7.06760267142838
9.2074139763342 13.9346082835805 6.22964360902555 10.2582638269891
8.00162166475522 16.2378464508708 6.15643431770154 11.2830314810057
10.0349486184047 17.8802514178585 5.70764803991191 10.2356604623277
8.05110574632155 15.3466467484738 7.07950733778277 13.0446334673692
10.0186504057763 17.7856242915576 6.18907598070079 10.7433163166647
9.36808404672577 17.6325824296063 8.17619795784564 9.02273014249697
7.5918343679203 15.2896309497727 6.70010214405344 9.8032732798387
6.76040320723935 16.5685341696216 8.48152886460745 8.06722715000107
9.35848838157638 17.4571106171196 7.84708332539746 11.2862840828603
10.8358887086777 23.5038236577956 6.59861299315677 11.7044305692545
11.6170387107102 24.3647208454048 6.73425550981635 12.7631486433676
11.3506856949223 21.7201650028052 5.80520970969671 14.2713788750699
12.7427411710067 23.2499497129517 3.88905674092682 13.3909282751829
15.3613331231443 24.0520528915273 3.8603175866376 12.3306492336542
15.7571397527808 27.2364933529804 4.50814096252018 10.8206008675025
15.1536892691383 22.0201252086023 6.61278052320288 9.19119958043851
14.1024772908294 26.2520238512131 4.93213500822478 10.9499803448544
14.8866628015396 23.4877804654758 6.10047676642009 8.54778578434892
12.1644984025490 28.247829944558 7.66394983878875 8.03102667268911
14.0657575752568 25.5316118618581 8.68506925478162 12.1209613356049
14.7907370513287 23.7968417165908 7.54978837766269 8.86173271678933
12.4771032890287 29.580807889543 8.49702160288164 12.7578350669945
10.6476242847723 31.7705187337152 8.30974781717689 10.9986323100755
9.86446988563804 31.173505673246 6.81260046730333 9.22541355295717
