20.2112877405775 36.6978321471253 0 21.4451907181389
19.668697638859 38.417504637968 1.18020379254001 20.9523983195378
20.4927135514588 37.9924854063524 2.91115786763839 18.7341057386203
22.4434854876743 38.5144768334088 4.04062756479765 22.4987241251348
22.936234558423 41.6702518328188 2.71788629636216 20.3504060339318
24.9764609406264 46.8099837168214 4.64693650327109 20.6657772669704
26.8997980167267 47.4253700920475 5.85037613360628 22.3474322902174
23.9789673310814 52.2883848883306 5.56625958418891 21.7685609180616
22.6910203217638 52.245210484611 4.26131897609167 21.9343159021945
24.5910944824216 51.2582976720267 7.37773385530755 21.3388435412334
24.4070273150799 48.8720437225238 6.68531309171487 21.5185093274476
22.1187262513784 50.6976059053377 7.78716465701257 20.8447828426859
22.9598459077177 48.8502934786774 7.9914524091569 18.0055493343523
25.0906333063838 48.3100965090379 8.12570780899829 20.4677456207337
24.5877466050086 44.7491706975088 3.52772871486365 20.0696798832851
25.5147154207451 39.373015706642 2.98690307873754 19.72585234986
26.6605486131382 40.7349830337152 1.09202225971967 20.6460860400399
23.7849093598423 38.76259101887 3.04432087065652 22.4952564398753
23.0833373113644 38.8859130535903 1.74978381511755 19.7038054441576
19.9387169061161 41.0024898783932 4.02984161605127 19.8839751904373
18.9264276837863 42.9268489987281 4.33877572696656 19.9729089898531
14.7592860339142 43.6838746783009 4.36195833978253 20.7806819196333
16.8684730566971 41.8686476084089 1.55664256189028 20.6533589543317
20.3921409202210 38.3803285199959 3.72764855491322 23.0082152451863
19.6207306901777 39.9037165814379 1.63795817790877 23.8744272816469
22.1395912556762 40.177309514519 0.744573103962466 24.6992818213542
