18.1721018524944 42.5420410218052 6.78390328391589 18.7773937901509
16.9324535150185 40.9021555445492 7.27152313493326 18.0981015040618
18.4347151890501 41.1325641218674 6.7041430431818 18.0733162820414
18.4066412849456 37.1662138151513 7.12240026080324 20.4837277479544
17.9407944614172 35.0908130310052 7.25435124600398 19.7548516340628
19.7352409383820 35.2083196090655 6.31523364276717 19.2798230474162
20.5004971625821 35.8360423741719 4.65126502078119 22.2752646266762
21.3179155264587 34.9833810183076 4.02512773295956 22.9003940459616
22.6791933842541 35.419961378709 3.85064576123128 24.0110494384818
18.8667530603424 37.097589484681 2.56764852650681 23.9512630470373
19.0252265212595 36.8818955535857 2.9097953336242 28.4600445285715
13.8044495852202 37.0309479666288 3.94322332436437 29.3856690705098
12.0632376916491 40.724495112558 5.53734293398892 25.4083116745852
11.9709760816505 36.0771813391642 8.70393659482223 26.5966108285166
11.3663340208975 36.4632878400319 7.78035173421181 25.044713968058
12.8506497581396 37.5089289380478 8.76927154593209 22.4230182172041
14.3943396470416 38.1148908103125 7.70155464148188 22.0745959767957
18.411531656878 37.3160258380541 7.47272256680803 21.9076085364441
16.9750741188321 38.0543025757963 8.94589916070031 25.9137071458618
17.2754861726211 37.3809890230960 8.57487055083428 22.4179244725029
16.1569770493428 37.9178665936211 7.3717199434781 23.8641262023578
15.6831070056368 37.2697325166532 6.66385540401317 21.8398805844465
17.2135484813568 37.8920000579986 5.47871301441544 21.9529076176515
15.0938763375250 38.6622766277599 6.52051294023379 21.7214794144785
14.7497002602411 37.4254887556425 7.93041290133544 21.1069243632526
15.0637902830583 34.9221655820264 8.79894301497227 21.3014237364452
