19.0286502753813 39.1296827559030 6.46939398352461 20.2872888281935
19.7555524948482 39.2213024477145 5.99933225898476 20.3964411005371
17.3075089605185 38.9635623338302 6.74136611148188 23.3703093333416
16.5014165827468 39.7549068200072 7.10984054910423 22.5961796203874
18.0631682287365 40.0447187021976 7.02883571204202 20.5753025943660
15.730782855417 42.1503323622839 8.26180335743757 18.4680025903754
13.0623119893702 41.6067893677303 8.67672475361669 20.2158842357122
14.0568247276570 43.0208976073103 6.69669892629776 16.7372871603094
15.5518945592667 46.1857447288843 6.02431049095634 18.3160986512177
14.2523313981693 45.6646441402757 5.42350971689615 20.3773273293934
16.6868033220272 43.3745328960852 5.25145718166772 20.7790644205249
19.3139315896879 41.7424240023619 3.83252909700553 21.7990051609538
18.0051663105588 40.9961817977404 4.3180258685274 22.3930017043910
21.64413957736 38.2287016478753 4.48976869480752 23.4219009046517
21.2001930425923 35.6854930748618 4.25667295763337 24.9695266996584
17.3022686594214 42.5776428520134 3.26932196570628 25.4283098570348
17.4305710435893 45.4590627666571 3.74727701856822 24.8590308484898
18.7560232772540 48.203962337599 2.42746646790833 23.2358425088120
21.9745779118548 41.9379763504498 3.36543538458873 22.0209925133629
22.0217598674108 32.4989043100745 3.25875358111453 25.7801154922588
23.8036460149054 35.4225151845167 1.67802385487822 24.5960528688399
22.1102456533303 35.4844573441806 1.34050639788620 24.6856161286948
20.4908190403067 38.7856720416967 4.83706763293594 26.5993928048653
20.6920906431906 42.9436149914909 4.67287636874244 26.5770496703578
21.7332129297711 40.12941407982 6.70151833025739 27.130712264091
19.7316224109732 36.9190736786623 6.44260743074119 30.2975495931359
