20.6826857822659 41.1837331447359 5.76407375172368 17.3841460397742
21.1516016526790 40.6110920924302 4.81753078251734 14.8057699216805
20.6146114115866 41.848124175759 5.11386718703090 16.3058336064495
22.7471093284033 43.8928818227332 3.64428647849365 17.5335614465645
22.2213034924416 44.2192524817141 5.31040389006614 18.0568910100034
20.9752492289195 44.9772629338616 3.94209929587907 22.0451258093587
22.760946547533 44.7983584665993 2.76291240132070 23.4407084992623
18.1428116130779 42.6982162704486 2.37073682001448 22.8197377313396
19.1701031196067 41.7852826395798 2.54449796150095 21.6095717827326
17.8758924239451 42.2733582461047 4.04357093767851 18.0846593806988
16.4488601646522 44.328413941225 2.69190611233591 19.2290321317038
17.0427973176489 48.1124274537357 0.994985699743324 17.4289920570797
14.1600795006933 44.1283005496877 1.06131749041378 21.5302091960179
15.0994780995505 45.8873917481320 2.52619383344427 20.2937106054591
12.5707577960696 49.3047826758044 2.35962354624644 21.1032543547766
13.6613648493049 44.9546396553292 5.7424479830823 22.3545864031034
14.5070871356833 44.1942607371844 5.50577473857431 22.2350167652023
16.4458778006914 43.3371599209434 6.95732659365042 21.772328036782
14.6953304102603 40.6088770022555 9.30677937793537 19.6604744595854
17.5843781439549 43.2851935122678 7.82042978762245 19.9021494394248
16.8522237734409 45.4052554499874 9.17970328766449 19.7417444927698
14.3224257444503 43.2343834463408 8.52554104442304 24.0462258370673
16.8566033513756 39.1486687135148 9.09184458165026 26.6474202523088
16.7596100531058 32.8616568888471 6.72470587201013 26.1688495421262
15.5990502638282 35.3235162962161 4.03489239781691 28.5357801759095
19.0334940067964 39.6515706051074 4.3685048342651 27.2987187629045
