21.4981865131794 37.9277111826676 5.53887852619192 19.2251684850391
22.2289708883999 38.2856992594178 4.8852692552635 18.057219396148
21.0453093596658 39.4744660169097 4.23192839056648 17.2830134663843
22.2719040946028 36.0165786532896 2.65695942833483 22.1259583370872
22.2509762012341 38.4271019365850 2.45696088412320 23.1508925087862
20.4811799545713 40.6641441331456 2.32555153872818 22.2450829852485
19.6423226779424 36.8841196362955 2.51052590166406 22.4795638524108
23.1189672330491 40.769475495359 4.99560480045213 23.4094518959634
23.4624555239551 35.7883783730871 4.91551226998738 20.5671421175038
22.7531108882901 36.1188745659968 5.46832448655798 20.3262616998663
21.2972838923958 38.9247410747415 5.47928531902901 17.2853118718749
21.2282479669899 41.3201491159052 5.79159639325983 19.3286992634793
17.9828494707123 40.4806867918596 5.16271720297506 18.2572047586700
17.8464751200751 40.2600767041077 5.31321635662449 18.8933136805108
15.6959531888366 40.4268056899165 4.86307769086833 19.9628055465555
14.9736072118909 42.9606295223204 5.10460120886254 20.5819423596522
15.8505647383214 36.7106848368277 5.02664060289662 22.5118413881546
20.3526492654861 39.1531388279838 3.05050866393603 20.0657426693624
18.5173150045381 39.1987325356572 4.01227544149614 19.9349958847424
19.0908099501908 37.9672744738168 5.07166362804591 19.6957931558134
19.1598216128795 35.4723265886537 6.31861246325306 22.0836141372563
16.4187929435892 38.2684674912023 6.41971041606038 23.7797327062579
13.9601769057362 36.8927014937515 7.40711088915586 23.2516193625050
12.6411609241162 39.0730596964491 7.13036082912467 22.8612137681337
10.6964962912146 37.9023206929919 8.18514459776507 23.9809562864246
13.3994526920263 40.2349492747713 6.34742980087922 25.3707388778744
