20.5702132023714 42.5697253059196 3.65365972382227 20.3984992306845
19.1968126585551 41.9655929656299 3.60645005398641 18.4948512640016
17.5931934904133 38.1552924102961 3.36193760501623 17.4980837787136
15.3971657449205 32.6716344234115 2.15967825072288 21.0665680902525
14.5222593027924 31.761491263616 2.33762713638134 19.9686524292684
13.2545757655803 36.3633686950012 2.87771004159003 21.6406870281554
11.5113319269199 33.5404503349401 3.42858517959797 22.2908489941147
12.3128242677827 35.5228388411179 1.20473031581462 20.8027231801254
16.2857881671567 33.3959652057737 2.78337362548336 19.3862481576903
13.6942877824236 33.9915357770286 1.90169589500874 19.5014360308228
14.5651649850238 32.6552941718027 1.08231655717827 23.4571219536988
16.9259817068283 27.6876637841664 0.91145060188137 22.2890859003011
15.7462030629445 30.2283956361093 3.24822643585503 19.6153850936163
14.9564811265020 30.2791787208147 6.4237073790282 19.8289432338272
13.7620084810926 34.1525028007194 5.19737095771862 18.2131309610624
13.8345263482927 35.7702904108788 4.26870750985356 17.7800569169987
12.1294841332285 39.2259365946862 3.17026984019104 15.5900159057994
13.6509048593794 39.5254726928717 3.41265799001275 13.8465227725748
14.2684032991160 38.1916917708029 2.60870435543774 12.4935749453301
17.6409707655762 33.6736278460619 1.98812865804366 11.4689391082682
16.1943986899783 31.8381147655917 2.58010644558817 12.5564829655520
18.0105371800815 26.7377323850373 1.84678635396995 15.4537189290456
19.0741697018598 25.8043568960706 2.74664150853641 17.5314436456421
20.7739903322787 28.7986781668892 3.30183707627987 20.1360631747404
18.1539246269029 27.0265939666001 6.98354530645122 19.5862263649935
18.0540443388875 24.4608589354966 7.11217782165443 17.82633985243
