18.3914312197616 38.2823041910881 4.33622980392046 23.3663539944301
17.6504434443738 38.4209520943106 4.31874721166186 23.2201320625004
18.7677344226938 34.62784677284 5.63367716869779 25.0675472257807
15.2618221948234 34.5015556584687 5.17386816157467 26.8607032738631
18.7010361804006 33.4344702368246 3.3607239436309 25.1110729161719
18.5083162784887 31.8574878527427 5.82897690888002 25.579029976956
18.9628135953871 31.182334653625 6.9207673747509 25.9298033347422
14.3454643117151 34.9126438433879 6.12284789491414 24.7152486877585
13.4525861574224 35.6365636814825 6.1916224121174 25.0432112753460
12.2589623818061 38.7705943169511 5.3992749111523 23.6282893786878
15.9176611464358 40.9274820163354 5.70468748908314 22.4525910834522
18.5508826143927 42.385687135844 5.27729384962293 23.8042968990952
16.2627183275185 42.8676720002987 5.15369524492706 22.8223096917750
19.252704071056 40.4893955050358 4.55647626554418 20.2214283769386
18.5488142205290 37.7683419061661 5.78125953709531 22.2470272363530
20.9035690707973 35.1600570346065 6.50004440767515 19.5330236268597
22.0548216059691 34.6473621942871 4.8816602876206 22.2503199878516
24.4825441596917 33.3332985112608 4.23113859130825 23.8970491460891
24.8510339559875 28.6127198961728 3.58646541263732 24.6998621293711
24.4393263315170 30.6993167446159 5.57946640078734 25.0941387250455
24.1481583516997 26.9028535614886 8.94450646464537 23.0682008564933
23.7486082977042 25.0483695044346 7.78094331939484 25.0101470444812
24.5258051585764 30.0490233860143 5.05360984681885 23.9771560384422
22.3991944790244 30.3632574895561 8.78762593711752 21.8383894926785
20.5443547768876 30.5433710100293 8.29519899478207 21.5126419952987
23.2077105185375 30.6298137394876 7.97344289074298 20.7071299088104
