19.3203305571207 41.0304068047186 7.1629246170055 16.5546737774593
19.7023588427021 39.0788893396599 7.25512186245805 15.7547958321926
21.0225121023743 37.0051075592269 5.96920211526382 16.5816028186318
22.3673887246985 36.8658760027148 4.3001985277873 16.9669965843868
22.656160007051 36.5035908652365 3.61524424917104 18.1914063472178
22.7538818407957 36.5370670628367 3.0919357775277 18.394001786026
22.0602936146602 37.2023980559255 3.98299379712292 17.3652534902556
22.8509271645739 36.6291097011481 3.76814168012091 16.9823105808807
23.2759655857855 37.6073626132421 3.71700661476649 17.4424019297649
23.4875346426317 36.2582487642504 3.74601235623419 17.7664210265567
22.1635213535675 36.9516648418607 3.81432708269864 18.4584440234138
19.7063702032366 35.3369218923094 5.80952855428483 19.7566342921017
19.0630210595602 36.0351649287037 6.22414347508764 19.6783630753889
18.7111901682267 36.4937331016956 5.61882884787046 20.0052735469234
18.1865560191523 36.8229361304848 5.4276371210406 21.3134154629824
17.3829584701757 36.8012851284702 6.00750551958304 22.8121749918248
14.8865504192959 40.1190118923578 5.28230691029426 21.5124973493604
16.4319696158941 39.5432279547588 5.6571747744802 18.8398174296109
20.6288813341901 40.5903039133584 3.05553900380618 22.0281541745621
19.4285736287504 39.6600540514512 4.28262188469612 22.1200172991934
18.0376115251220 42.7061021887956 5.36511116243559 20.6058695919323
15.6148963715768 42.0366827726026 5.6549299953192 18.9319867452118
15.079602448412 46.7925872748379 4.63308145992118 20.3441563795763
16.7943343018673 44.8252318681223 5.39319451736877 24.1110713209468
15.5790033248745 44.5635831478833 6.48600426876577 25.5677215761948
13.1191176885299 46.8333115551471 7.39524570411662 25.6788970183092
