18.3497871345975 42.3591404982857 2.4526652663888 22.9179681930505
18.5803024684213 42.4832267572187 2.80133151988849 23.6937286723219
18.2288728162976 42.753193922063 2.31227825913308 22.1577046001967
18.9926126908840 42.8208581015652 2.26317702862434 22.5757492297035
18.1010097649278 44.4470102325852 1.80932868132368 21.616097603057
17.5858294984168 38.6838146727371 2.39898122010892 24.0012803888586
20.6845467133373 38.3168357862940 1.40790569737693 22.6740598205243
19.1043626273227 40.5775038605405 0.00401088895499934 21.5564590396125
17.7240510985581 38.8576034642197 2.92635089415126 23.0988550262029
18.5516700366440 39.9697808320372 1.84639705521234 19.8033471090223
19.4011689657239 39.5967838288954 2.99153454405435 19.4648756882243
18.2645237955825 39.6858580163418 4.30006698711104 19.628743878945
17.2414790946035 39.9073462418198 4.58498769841417 19.3359773247287
17.7572403354839 36.8997710229857 4.37249249446108 20.9977611677792
18.8390096649526 35.9398425501070 4.54348901096779 21.2837825886696
17.0784377257677 34.4003938000851 2.60360711327996 20.6509684738256
16.1549295482563 32.7210915388741 2.68276948481798 19.1533374054841
16.2850260888242 37.0239013769494 2.56910014842953 18.5317367195665
15.0227800244168 37.0970485017203 0.833930361550301 16.8272927274509
11.4940761308819 36.7259818201453 1.74405964300968 16.2860221175059
12.5220877816603 29.6081373265513 1.77995647047646 18.9964079010813
14.1633377279788 37.0709402270183 3.51786478701979 18.8345484567388
13.1355771892823 34.8499347164795 3.74989394880095 19.3836591938037
9.85819365038792 37.510149820105 5.67033453904287 14.5751371031191
9.84133961844514 39.2856993254766 1.79755743350097 13.9108429133456
12.9663986884409 36.0191390913472 4.11203194661945 13.7772741132911
