18.9304964971603 36.3136662761269 3.98709549543266 21.5171284108847
20.7468592516021 37.9616422149872 3.61977817814616 24.5321879798039
23.2190689752684 38.5628425777297 5.27717838646043 23.1172460471856
21.8370240350128 38.2257388886403 4.60765199037399 21.0337318457308
22.1514861500696 43.9859838313762 6.1428729898775 20.0608476232117
21.5248908364088 47.5943905928979 7.35595254775009 20.8512709987661
21.4832961457655 42.5332473175267 8.04388346930838 19.4995908792442
20.2322270759255 39.4104911129589 6.71020719374402 23.0493320961794
20.188918113789 37.8711866618732 8.1382449766422 19.1759812961644
18.7099383110986 39.9084641419949 9.26528797892726 22.4274149415394
19.3588686092631 45.4640085211622 8.10235212568997 24.1952226608371
18.6004197849766 42.5215569068445 6.20679022267333 23.2758279060325
17.6681446126536 36.6785655142507 7.38665976876265 24.6763597586503
15.1615167195783 37.6132717490895 6.80328308267391 23.5065920613086
17.5315178382084 39.2613704437157 5.51558088942303 25.5403476602403
17.4855025932998 47.3221726696706 4.467374992211 23.2571957319048
16.4932209254116 41.2013436462497 2.12681092566683 23.2055303894920
16.0190799637572 43.5187041992089 2.84756646481861 24.7116411228669
16.4111833647699 41.6410468104063 4.41818559229893 27.3361009380785
16.5818355093584 37.583190812706 5.01069106151868 29.6230513754306
16.7017600816548 41.3393260109937 5.46506799817604 28.2283434395683
14.5247469694228 44.6556432940764 5.91952194915672 28.0463574650389
16.5414615041450 45.4251029900974 4.02714181391514 26.1352566332248
17.6443699835367 39.3775124549633 5.72526587059713 27.5960363662493
15.3318071201942 38.8106410829118 4.33485531926147 26.4936622782657
16.4409127137191 39.2694134749239 7.18432478306807 27.2638452974976
