17.9817555391168 40.3232620292495 5.04354692101719 22.7058496976107
21.7980067369467 37.0102258854698 6.00389479324462 22.8422495692804
20.6626243379837 40.0495545532706 3.83835084121915 18.9225228538573
20.6677958139157 43.4639498020988 3.11155328192057 19.1879765417263
20.5571089799454 38.4702383268159 3.13790212143453 19.8364938741223
23.2758301452672 39.4601497394942 2.00289934400485 17.9636160232857
25.5227637457743 39.6993487985782 3.15778178993628 16.1661242074132
23.5030920327723 41.7944639782399 4.01231198261508 18.6542540553645
23.9947942596942 42.9928548628482 2.58140705552479 19.7736480420143
22.6260398243636 40.6594129413384 4.42756148873424 18.1764062706069
21.0037144170225 36.5033988183382 5.38309585958315 19.0135199760706
23.7704852250486 35.6154363424535 6.30261931461283 21.6918413990796
23.4072048754423 41.2518545188027 9.02556194467471 20.9695525306896
20.9247007721095 42.9396410437232 9.48269930467942 17.1030408980013
21.2992918339550 44.8846707480891 8.3525598876496 13.2860710246176
24.4610681745215 47.1779497881514 9.04493143961351 14.7836762366504
28.0352725644588 38.9459242570308 6.9672874039277 15.0882714895295
27.0806624194577 37.9211126329471 8.89129452051181 14.2208473306993
26.3907629907101 34.545104857171 7.52650426909096 15.4412099719630
25.8530229464143 34.0255695498642 6.97783297508443 16.3051357418881
23.0089803630456 38.2868627417926 6.04174698748114 17.8805534551502
23.4655170761019 39.619998552939 4.07417640915997 15.5818902571336
23.2466855579797 37.9199277673734 2.8937995993711 18.7911678133383
22.6778079095308 40.7317925238867 1.06524545570760 23.0456311208978
21.6616835203964 42.9636311351033 2.30307095730677 22.5900212637931
20.6637141379539 37.9341872126506 3.64131436552895 23.1898630233332
