23.250146975212 38.9866692240801 6.12512798196752 22.5068367996258
23.0054710738106 38.5204423836883 3.59426488433149 21.5045629513455
22.905024404343 45.4999450299349 3.78084738444653 21.2991531702695
23.4502245380392 42.7608855556157 4.08375634098541 19.8600050673825
24.8921944207361 39.7714492798954 3.66385328984267 23.3706638083798
21.0455562394893 45.2986239873991 6.61067564446573 22.8471362244097
21.5181540452724 45.0153080955335 8.48921458647288 24.7673598272742
21.7076941436937 45.2529819625617 7.21110158240589 22.8988238755448
18.8033582825994 45.5047263586149 7.20607273107561 24.4181438531561
16.2899172450976 44.5958762444754 7.40076556698585 21.4578633202075
14.5786763565243 43.6535977522109 6.58050836043458 20.5314629809766
15.8671741518752 40.4390167897765 6.3722682795272 22.8149966770618
15.5564874369280 39.245756946617 5.90509465986572 23.730445054902
20.1305824104325 37.9211950834107 4.71737495453453 24.5043971301823
19.1256171991677 39.7597042346571 4.1683309047029 25.7791442580063
19.279414025657 47.3880447481025 4.73516347176935 24.9330080326189
17.2378121195285 46.2486620811943 5.18220496491137 23.0280842024375
15.3427460435702 46.6654697038431 6.51264829502049 18.8969674769331
17.0192899927421 43.3448219909797 6.42925996936664 17.6213843037848
20.6298099113553 46.8293563705402 5.93766392145387 18.9786619858529
21.7824567602872 51.4403404086361 7.95583981817669 20.2004358840819
22.2673514457344 50.750010770792 7.1630525531684 19.8196075025658
22.061802444972 52.3596065547781 5.60766929629901 19.7113438814591
23.8371046409635 56.7368692304472 6.20326565193817 17.5817125931095
25.9692605911447 51.4398621581959 6.06361983075611 19.1283455637927
26.6368952617673 48.5684569785835 8.3434098298835 17.8880464655991
