23.3615711771842 39.3381846971051 2.08714469596019 22.5875846024048
21.9261909129989 40.5508048925721 2.20939182892924 21.4518451939713
19.3854585851502 40.158887444923 1.52669679958612 20.1067205208104
18.1574760236657 41.042649813999 1.81877481867559 20.3641038208051
20.4318247600679 37.6686114878777 1.35617995471694 22.6192641166426
19.1975356745754 34.0542595662517 2.35388017538935 24.4242889062889
19.1542343977128 36.6279972965238 1.04664396937005 23.5798925309329
19.6028041919251 36.6637013436699 2.86477611400187 23.740780372389
20.6285923888738 37.4089279140750 1.66056782419764 21.7773688903380
19.3944225797261 38.1199575603352 1.56836706766735 21.5940618674929
22.8436573737291 39.0451286175632 0.336160199716687 21.5550942609848
22.7845596105137 39.7363091287277 1.61518383328803 23.6027485749515
22.8986317890042 39.6911323218680 2.78426196263172 23.6224238116416
22.6752657342979 37.1252728946581 0.856226351810619 21.9412483729544
20.9303166283538 34.2365786036550 2.86252472852357 24.2640527065966
23.8509555798268 32.6380333842448 0.185377664398402 23.6954943070310
23.3704197748928 28.9807126195386 1.79815173456083 27.6604855971533
24.3579970564382 29.0612269224815 3.93237869861611 28.8466787783551
21.9201460484104 29.4371048206679 3.97045049863943 30.6287996385369
20.492739803278 29.7596333464674 2.99670178001822 29.6299122521577
20.4166743406093 29.5042407399775 1.82766537056508 29.3107921862644
21.9662069450131 25.8436951570944 4.17467362308146 28.9812292204839
19.6320935969249 29.5305580970631 1.58964747111516 31.4782712794510
17.7385987217546 29.5141125012921 1.75461559943127 31.0819087791857
18.8046093375430 33.3381313238093 3.31731459414500 30.3728418806892
19.2936418491424 33.0654512687915 4.54307207823645 28.8484379202452
