20.5471359597058 38.7506079974164 6.01818500278733 20.8375812847978
22.1550554422200 37.4459416486834 6.98384871991567 21.0091895419053
22.2543442386968 39.3025979010899 4.27110963693104 20.8452350060009
22.3904094284234 41.0277077897963 4.76994540059223 20.1773449966079
20.6810539763255 38.8237138923768 3.7504255367092 20.6195703001088
23.1536502673218 37.6763405792611 4.55463785357989 18.5049253023556
21.4753238516746 39.5717558806958 2.45333581773434 21.1462217086321
20.1813342706187 43.2762572688247 3.45106746984515 18.5180002396321
23.3192805857284 41.8978932460035 4.97214397910852 18.4008518821381
22.1221862793786 39.0963299923773 4.19418118458111 19.6139311930917
22.3598400686190 35.1133047745584 3.39256991824936 19.8547654953606
23.3585139509544 36.8376236617589 3.591496327723 22.2101610797278
20.9705485437319 34.1160255497345 3.39909380444214 22.1327545811243
21.0384088984013 35.8195530841150 2.17507545769103 22.047120918595
21.4221322262913 37.1968646258242 3.49197726582997 21.5322828666128
17.9375544121742 35.706907243853 4.06683467564061 24.4050429010267
18.9939445607618 38.3395704793129 6.01220667119756 20.7374507043014
18.7026779573664 36.0635997698027 7.59894624296262 18.7778903481985
15.6825575210407 39.6427121403012 6.99897037809401 20.5171910511213
15.0945818253115 43.5420618954431 6.48129088561669 24.9094381375122
17.7388245655477 47.5923705593068 7.10179608771264 24.4757839686514
17.6613123581067 50.7826295577306 5.05461819562402 26.19149677393
17.2706153994109 50.8166807250436 5.79317788057302 23.0922812356890
19.8407229520818 49.0339226907435 7.44847725866635 24.6966086442859
17.7166928247205 46.4334807810888 5.15140261700776 24.4305414496775
16.3182004139415 46.2203015676283 5.01275255754058 27.6292807520221
