17.9087568483159 40.7831851362675 6.04895066724842 19.1181382258583
18.3163819721743 40.8002530743792 5.86576828251354 21.0899870722715
19.5248018781498 37.5435560380533 5.27402726546133 22.3121724968005
19.3396931792453 39.7318954823963 4.12361017442172 22.6766454867248
17.0686303171173 41.1238339216883 5.108983973878 21.3687358561899
16.9947311048239 37.1363086001451 4.64649534984355 23.6667025282975
17.9239362793818 36.0638797378043 4.27649780865622 23.0447101730849
19.7890376736253 39.2031608183744 4.26824758238954 21.3371133923526
20.5022863614216 41.8255415798040 6.06916802110945 23.3770694432776
22.0879394384183 35.9484328461686 5.11015667407637 22.8890219068150
22.0264923730947 36.8651833079631 5.45445051484206 23.4838338483121
17.8353083739139 36.1737315032353 7.66976482837857 25.2850586714219
18.6631366182201 34.5960025834264 8.7207910586704 29.5108247760679
18.3009795043699 33.5210825968878 7.55556702871568 27.4860811902206
17.2194063831203 35.2679683387996 8.91183184461429 27.461095493421
17.2852430772118 38.1346363880456 6.72508753170873 28.6100999671243
18.8985095266335 36.91031022079 7.40556180813032 28.9321143729524
19.3287271307863 38.6927373825635 8.5973393444527 26.9166684371452
19.3596750516526 34.2886495280142 9.17685061670803 29.2094069212560
18.6571769975208 37.8882512498710 9.5363847459756 26.7190853306909
21.4091786258381 31.1322447263698 9.46150925374537 29.6279342505966
22.7779328298178 30.0797976057108 12.3770568148786 30.3366539474462
21.4306473635491 29.7347691795912 10.4369989809668 32.4124934539084
25.2515959242713 25.987547303098 9.07552058986335 34.3791494418853
25.9919358898309 27.9114253404688 7.75796537669803 33.4787025119164
23.9387732647714 35.0206485004302 7.906799287167 36.9615530907132
