20.7342663967455 38.0833126435739 7.93720641940402 19.1028269435942
18.7277501748348 40.5183298707691 7.81490071489045 19.0267122406244
20.0599866516711 41.4273992947986 6.1923595801791 16.9235492758185
19.818049121628 42.3643430018549 7.51865259975696 17.9830741808211
19.2551971860029 39.3915398790253 8.24961910744699 20.5536109498163
16.4707345021688 41.3199672634291 6.01548781873228 18.3056972017904
15.1138304239698 40.4879873151469 5.44315141018133 24.648360510396
17.1974597266503 38.2293986010875 4.38738125257778 22.2156478697827
19.8154201815464 38.2220063408415 8.0142589167005 21.5637491689209
20.0934861357186 37.6748016534768 7.48006086049254 20.9865398517955
21.6429662824470 35.5964212927431 8.03239392277437 21.1379229602549
22.8373778191257 38.9583472532615 8.19211744747708 21.3152018994663
21.3101271566797 38.3369164082617 7.86361421096327 23.1267256377835
22.0548467448775 38.9142937876679 6.18957266967 23.3044505924556
23.5216651804751 42.7671961930975 9.05055568191411 24.3839138890255
24.7777092428933 42.0789758163766 11.7781682970114 23.8594491979677
24.895084236754 36.655046056144 10.6705079359114 18.1098556653235
26.097673426062 37.6046469792166 8.4281681623357 19.4334192887536
24.4489173057081 37.1352851799132 5.31297498811508 20.1429524111218
25.2355820989759 37.2586144398341 6.64022437027196 23.0957545457995
27.3981979774834 37.8635188600658 7.1884358209605 21.6711077230639
27.3364950780992 36.8669007563642 4.39949089531327 22.6889230438164
25.001377860927 37.9641208990894 1.24082249156671 23.8366224306292
22.3288596545088 40.4943561104543 5.33153723027097 20.9749321245245
20.87205584652 36.4884100353762 6.4979712875607 21.8122783468841
21.5128288699987 37.196330123809 8.23847046224872 19.8746582882284
