19.610176263066 37.6319863071711 8.1411413738285 19.7574616058654
17.0714053583015 37.1955653565982 8.58363713456922 22.8035758689902
16.9784748467300 40.883595864945 7.75039511725911 21.2747522680911
19.4201049335916 44.1742312425793 8.41620908531034 21.4613981065231
17.6955442416165 40.3217474992433 8.66905356843629 21.8802235650157
19.0543849140102 34.9922617354476 9.09850248602986 22.680099352475
18.2468867821316 38.8295506187441 9.18300388638697 26.3060819527392
16.0673455193335 37.5644436278818 11.7102655323698 21.0892156020065
17.1004405568982 35.5571208610637 9.41181884450009 22.3696722073739
18.7497101526404 38.4693345558336 9.01960672875023 20.8410349853595
19.7702771972562 37.2936040536007 7.50024433889499 18.6176449248825
20.2642074540341 37.2007760685101 7.42260996536024 17.0517008405585
20.6076331802838 36.2133279150431 8.16600798167892 19.9909835456028
21.7407711120655 38.5654912489545 4.76362831615515 21.9563463152510
21.9467306306128 34.4791418878441 5.03799370587476 22.4445433159483
21.1995869809735 31.6800386878741 5.67797800250955 21.9180409628091
20.7444063487822 38.5009560609315 3.87576055088684 19.4307466548992
21.9637658835748 39.1915830677454 4.16065730391674 22.6225361487952
21.0559503723941 42.2268838643139 4.84664679928355 21.7042263903779
19.3617137800045 38.7955316796941 4.77870030115881 23.2322634215591
17.6104747866355 43.8686194450734 2.9535307169106 22.5910823893857
16.8192503507323 40.4457471427173 4.42540246082061 24.172138238245
12.6842669974155 41.1747959588112 5.66684365362452 21.8005832637784
16.8083933954201 40.5756270742433 8.0432755986374 20.1623331288931
15.2865477529429 39.5771807249677 10.3337197656661 19.1048290774793
15.6646747998036 37.7797841982957 10.3902042495471 20.0520132164435
