18.1441760020189 38.3467232239264 5.03925028168233 16.7936319175592
18.7939044156902 40.3814246593773 6.56613420373397 17.8689112549132
19.8941042840517 40.464522150325 4.55220649861367 18.8944866673506
21.8373432418367 37.3681259906914 3.88621611874187 17.0102899649597
23.0826811984217 38.0114382758516 3.47999052611490 18.6669188186011
24.1056828077918 38.4280458463487 4.21286592005131 21.4101936959661
22.9418992715923 38.537532375021 5.7043770577451 26.0147499128245
21.2430684332771 37.7156583405096 1.73247620371820 24.7740582128055
19.8574399076408 37.6865683191875 1.18660517712124 24.8328084845110
16.0247500980279 37.9343948423487 2.35136625892483 24.7372338373458
17.7950975002925 40.2465731593405 1.31008057782088 25.0680800305923
12.9466521444003 39.9297867447914 4.07869734638371 25.4910182228556
11.8797131024592 40.0379233263051 4.20667518811411 24.6258469915261
12.7271445498161 40.0263001332132 4.96862784839346 22.8926262457167
14.4282076997908 39.608012701458 4.7665229234483 22.9832455311741
14.1776831390638 40.6006873951454 4.54241913064494 21.4932451928805
13.8980733471293 41.3400568243276 3.80162910743795 22.5072896323006
13.7826538829768 39.5447002871774 3.1215333829093 23.9793230314578
12.8616436392704 42.595027045017 1.84606400321002 25.2718854072343
13.3598302947872 42.4742980842098 1.1835423754784 24.3950572428239
12.5390160579804 42.4015302830927 0.302651558769867 25.4160448121784
15.9797027309063 40.8467229902457 0.254652807015356 23.7890919476693
14.2038132718402 40.378106730946 1.74917331313844 23.8061736848061
16.5712701131228 40.2530376611049 0.147718415066902 23.5398558692862
17.6930436867920 37.8619317864708 0.288492443850735 24.2367805292931
19.2942469086197 39.1066840843278 1.86324493819848 23.5260761911627
