19.2180688431634 36.9431352195751 5.50076249452167 18.1524672455882
20.2592944851293 36.2642115330745 5.4006174565372 18.488797729706
22.0050372811182 39.9124130699791 3.03120983695471 20.9896419084273
20.1620387973061 36.8278606650427 3.41337377904774 20.8576293269746
21.9439634296169 35.6104466994299 5.07288598758959 18.0149375264175
21.0700726077949 37.2316661519005 7.77280229051457 18.4583604967795
18.6680589315057 41.7544380519546 7.561005947188 17.9006128123604
17.7773920871824 41.2206303430728 6.35196691077062 16.8406477792762
17.4839645091915 41.5343209921421 8.76477264567138 16.3959480736978
18.4668408025527 43.6721399849794 10.9340711287302 18.391321822872
20.4942324663052 38.7661318620249 10.8895828337488 17.8768744977805
20.6265670665079 40.1066233911133 11.6984200759404 21.0252381517445
21.1351299573207 34.5738179222262 8.86500324133314 16.7816054430684
20.8601702042988 33.1987403807743 7.50403845693446 18.4889886799162
18.1544098128697 35.2707077445975 5.95428247667379 21.5321705050459
17.2733960805722 40.4278712250151 7.6752573846513 18.6631527792355
18.5128824588917 41.4201740078487 9.30887953924477 18.6948177244206
18.6840651472174 40.369458058816 8.46721579075321 23.4468121964177
14.2763400039710 40.5995268756194 8.35883363021068 22.8322345975479
12.9638960209668 39.8489635334952 7.19647316738493 26.1949561850791
13.15252021579 38.5457371230839 8.1537849012436 27.1058250756626
13.2551830421696 39.0363714901185 6.35529383492186 25.4368292575394
12.0916464549514 39.1229003909245 6.86237029462583 27.8305790412863
10.5897075614917 39.787873533947 6.8161204563289 28.3333618992632
8.09807009740586 36.6491146550161 7.6485594251494 28.2584635995021
10.1896086840596 37.0464795935227 5.89235020720615 30.7300148678636
