18.4488415817028 39.0496139742036 4.25228657827715 16.8700337282755
19.1914158022260 39.0603087003359 5.52861900555904 18.1477717155032
18.3912637164309 37.4123201672752 6.76637321065619 17.6421030264899
18.1759867325816 41.4171408363451 5.50681342564031 20.6346410837576
19.1941832716036 39.6651027258319 4.65163626319237 21.118034262079
17.5086480458153 36.3316632262264 5.39347013744965 22.9323909132361
21.7180694895682 34.9357154359874 6.54701369449004 23.0040877432182
21.4203454046396 37.5775103531611 8.04061018191908 23.0901805936611
17.9475336517093 38.6314857965168 7.90411637752015 22.5136136733689
18.5082719968660 36.8944951859136 8.08258090103675 24.3642722406236
17.8389603039277 33.5453929225747 7.5064028986327 23.1585359909714
19.7915974902017 36.3947692410853 7.18943679945042 25.246403994146
18.5266612553997 39.6153326835316 6.77137525666003 22.8182304744751
20.84858717304 37.0643273969014 5.83733808698562 28.3718720163361
22.2447237884782 37.1072122385706 5.46421728802343 28.2462617215572
24.036034993843 34.8768196529616 4.86185666413476 31.3824205362109
23.8112752793555 36.4138378840778 6.46926543076952 26.5128180804534
21.6236625902553 35.8940101028327 4.95381415851844 26.9775478198064
23.5839590684395 34.4007924748491 6.62669621158821 27.8894848870085
19.1021308375496 37.8464736570511 4.85671532836241 27.1518603209377
18.1344158322126 44.5859889718611 3.99758106872869 25.4548455346347
17.7090168547393 35.9016458000895 5.23728603899908 27.9741698875995
16.2059440971825 35.8675599303003 8.89110807266516 28.7870973469661
14.1045357310686 37.4339768553133 9.25090427261275 28.8809990715207
17.5427968199838 39.6406970854829 9.4579360145839 26.7096139369504
20.0620075972292 39.8769733443986 7.41132180734014 26.4466228364007
