19.0472094623651 38.6752776580975 8.49399276355003 18.4633976613897
18.1678065706324 36.0282960835025 8.14489731399995 22.1325176825541
17.4630248939898 37.1397136152567 6.68276044374984 21.6716810463755
17.7003113489877 38.3077291176499 6.65837633031249 22.2214723805724
17.7360205462773 37.6484458473037 6.02630485653476 23.5742374080061
17.4359077614371 37.9020852799053 7.5617895632849 21.0288121764375
17.7837316310209 38.0354957336647 9.6662502486886 21.0017226525097
16.1334688887176 37.5278672473946 8.07092477442267 19.0692713071223
17.9631169596863 35.9105123999038 7.63983903189748 18.9438277097981
16.6204039868363 38.7217675937766 6.77853855546847 19.7909563916366
19.4723852215731 37.9628365846092 6.75966190914303 16.7403568752672
21.4304877403888 35.8816026985387 5.73683012543385 17.6194887418862
21.1150984341043 31.2406283659602 7.52696921501783 20.6223384166699
21.215747886458 34.7935630251801 8.0199659509565 20.8009345817011
22.9096614251144 28.1981081563196 8.51137678031616 21.7716181703474
21.6652381847607 29.7577005347531 7.01020685819511 22.3192580758225
25.6609618588345 30.2719220870469 6.31316193429355 23.0388187846731
22.1303627126845 33.5729363529938 6.68348747751277 24.229977389571
19.5707232569339 35.3660182489077 7.75140685800996 28.6330356232419
20.1364471684224 38.5137385023985 6.74460310329285 26.2307856533399
19.1974982772968 37.3134352789488 4.06965050872948 24.1049486765669
18.8009356088019 34.3211951485131 3.81095251514178 23.7333534475620
18.6182537746424 40.4638677971665 3.10925236612685 22.3135671151641
17.0372425861217 41.8081965643209 3.30128493159722 18.1187097105968
17.2907653146915 41.7487861487310 2.4952798364684 18.7075537733573
16.9710805540464 42.8917008155253 3.42603449789838 20.8793555825788
