22.2920409083593 43.0319974257027 5.84124233265066 20.7436411235013
21.0421897895861 39.4450563185264 6.26739419455298 20.9975652912164
21.1419961691129 38.3017879767903 6.4161862506771 15.7494783982166
19.4484949650227 37.4606085143359 6.5260948840771 17.0549905036501
21.3996066405474 36.9230449770337 4.51581724144148 18.8133630209527
20.9786736146583 34.7615290254115 6.04776771494207 19.0240205528101
21.0323906355573 34.3314516933395 2.71741759136339 23.5463608905559
20.9660789532993 33.7715681381899 1.88321822067107 24.8372191974779
20.9110894523967 33.0953599026379 2.46181466563075 24.805480246607
21.3986579426039 31.6287743867520 4.61325951821573 22.7035190688332
19.3126656221632 32.7809016145382 5.02380226685136 23.0305203014896
19.5323647798925 32.7487795184863 5.60024660590423 22.4306665813602
18.9191612321017 31.0212554667124 4.24412540832853 25.8765077736281
17.1528161488827 33.42356277597 4.00289812516794 26.1906182895692
17.0012625613495 29.49080702816 6.3472961328961 27.2074028271527
18.9543195402958 28.8855642999391 6.6392822982315 27.3103908443317
19.7002766661831 29.2222421509856 6.4419634158278 26.3183574185875
18.8134734619894 29.277521689238 6.2733468371464 25.6781650820994
18.5787750041348 29.8258935312495 6.76139856673704 25.3753552140915
18.2391718212751 29.5988056735508 6.81826211171152 27.2677135725162
17.9338103192901 29.8334819600432 7.01625634947719 25.3461492095731
17.7633238476744 33.0572871803752 5.8675023107097 24.2908232404507
17.4550800901898 33.1694366815946 6.91538963925691 23.2112195368063
16.5079383764516 33.8569281812847 3.59188944094480 26.7210379230928
15.9121917383592 35.4628923992798 3.35389681070082 25.361960516977
16.3548673651960 34.0664728258647 3.22727190187752 27.6579514590231
