22.6261784020126 43.8741830993425 5.69531367946978 16.0533927434597
22.0271076136514 42.3716077232715 5.70307856700014 16.7248183197814
20.6707811453625 46.0880822256189 5.7668771380056 23.2517971543136
21.7123208209187 46.1554646958579 4.15603427560630 20.0262776983757
19.3347556954195 45.5576899620686 3.00922533574253 18.2090458756168
20.4305313881432 44.9738012883794 4.65357171425335 16.5518379768212
19.6858700532411 43.0357311832851 4.64519923303946 18.7150791044387
18.1889632640233 40.2900577959218 6.45101826971135 19.5524133651414
17.4215260697289 44.6575936738946 8.09699705529697 23.6735588948139
20.1138457850226 47.1360524217856 4.80649469357654 24.9847348670372
20.8111836704098 46.7920068293136 4.26438199589212 26.3693790708565
19.0034602320426 46.538533598452 5.21584881562923 24.402089114570
19.0252049703755 46.3227334854073 8.3200405945554 24.0103155647301
18.3406225637206 46.5416812964595 6.786246644102 25.2741714700022
20.5164939555012 41.5542688367769 8.39526459423776 26.5995760085249
18.7490351617941 40.9488594953782 8.42027006095246 27.0425679833631
19.1723955149596 39.8218374729968 7.5633195409334 27.3934232099916
18.6491165620099 39.558715336218 7.86124529747914 23.9322270379405
19.5951173093926 38.90446765973 6.07883802672649 24.9943418308164
20.5651351309206 38.0067575054313 8.16417373471694 23.8556194852379
18.8103212344285 34.5718982423321 11.5432330234119 24.6002379662630
19.1050628556694 36.3458356236724 10.8773053534472 23.9899239604519
18.9916481022337 34.8407096288783 7.7884203895604 23.4621196434990
18.8563360684166 38.3142024729086 6.24159772127435 22.9421603287727
20.2577763973350 38.3589170974364 8.28684792589896 21.1850662645656
20.9843912851611 39.4615141484405 7.11460870796049 20.7455359152291
