14.6984817325952 43.1130768862342 6.7181039632864 22.6494217297768
15.6136380169424 40.9573010728484 8.06412306414989 22.9743062794914
16.4349677614751 42.0222468325073 9.04158691606556 24.5180963405182
18.1812871783855 38.8783980524117 7.84926313242016 22.8496204885105
19.9505032027024 42.7445872761259 9.39045504910012 22.7341412874320
20.2494653254631 42.2192655062912 8.7707765694808 17.1577205416197
20.1252432862180 41.7027910374092 9.12862768904531 19.916975323149
19.3866256015259 38.775378733949 8.99042416810373 23.1004010825588
16.6835912954711 37.7526977379632 10.0915965505814 25.0873465747743
17.3829248412229 34.0673751193855 9.23234924841055 24.0867325463502
16.6807310157672 31.8010283700016 9.0461949476337 24.5585343979910
17.1995523362637 33.7589660781261 9.42527302920985 22.8905898428201
15.1177045726434 32.8175410969008 10.2462637233246 22.5525157295778
16.7407244635031 37.8566459939640 9.6787454817005 23.0118253168329
15.7700001304254 36.8000218063418 8.22842740259871 24.7245128948852
16.6678253491625 36.5038231178943 7.11071979107141 24.2443341447651
21.0242668395147 38.5177790043701 7.39237005907848 25.4168589420388
20.6998055023357 36.5228919043031 7.34278442912541 25.4567060471284
25.3251040806279 36.6264647991222 5.02606131571151 30.015754724923
25.8516566221637 36.160991734194 3.38010340036631 27.3001853889557
24.1265593347174 34.9349443305492 3.72333777408853 25.0875852705967
20.9067696844262 35.4814658191263 4.90208128412992 24.9670515361564
21.9811507993413 38.4393955439537 3.61548606172009 25.6265418039025
18.7466863225249 36.9106499858409 3.96990716229929 24.8016935813563
16.1225832820905 39.1146394799672 3.41279860218792 24.8766839740188
15.1951108033804 38.9106370486895 5.55693813442058 23.7160160200061
