19.8566019732526 41.7450789336878 7.19742200230419 22.824139445876
19.1498213596379 41.8666315723973 6.24242856037042 21.0403605185871
18.7970504769792 41.7655497375903 4.27991105798029 20.3846635248933
18.1990941995492 40.7705277075087 5.99445221545503 17.9769201883806
18.5570981777165 39.1972113837515 4.97972884763433 18.2924941759316
19.220488866223 37.5735439447713 5.10057273147097 21.2711094803868
15.4143529156129 36.3191427853072 6.12624109712756 22.5402588480843
16.6431080926116 38.897961915566 6.4400303611937 21.0346690034254
19.7140440146335 39.2642650083866 6.46638720961614 19.4218968869878
17.5028066627883 40.5993134846206 3.84793500902425 21.4531338680295
17.0572473914766 37.3425690957211 4.20648642370771 22.5721478526685
19.0523845837855 36.0186366152601 3.34178526999722 23.4252661304245
18.1833310947162 36.6655467504806 4.61674879768226 24.0153223726013
17.7034078818155 38.4153415186502 3.20149503832045 23.8799745974177
17.7852505757885 38.0391154792737 5.33646004877347 22.7322552560874
18.0098432746633 36.6644542288613 5.49231556916901 22.1174457530458
18.7797333045780 35.0259029599365 7.04285943785043 21.9580026168288
19.6716790606185 36.9090738427474 5.48092354575464 19.2110746681602
21.9997664775239 35.5368228316577 5.40629310624034 18.0494402775761
20.1892646868723 39.1437624948369 5.68653741135987 17.4654876645957
19.7641063380065 41.0172995342212 5.78756906932392 15.5425284032942
17.8008119857795 39.8349107316965 5.36815110061682 20.0318475685315
14.6744861763827 36.7268778723003 8.30145009447254 22.1868422807427
14.5044818132110 35.4786415661244 9.7555451481919 21.8257517684080
16.4314673014842 35.2187396175462 8.75252142367357 22.0912806757220
14.7791266164998 36.2211284432356 7.73992091843717 21.3811704297342
