21.4057793088588 35.3495890382381 8.59063457700204 19.6031441530469
20.4187795505805 35.1096705967264 6.875928540507 18.8032352564391
18.9624169557302 34.6753198656427 7.50120531700332 20.9902979436797
19.0976430992534 35.0604301465848 5.48610817014951 21.4958982685116
17.0079908142736 40.0595837764615 4.53903537106480 21.5216141587964
18.6297976101069 39.5220350395886 3.10825059262816 19.4610593666232
20.2217093283562 41.7460840327568 1.4305253697351 22.7192969175896
20.5404228109421 38.3389994345508 4.20632485776102 19.8628643101922
20.4448059990647 36.7801885373793 3.67053224645448 23.2897692964978
21.2673168296919 36.2945965085105 2.79561947738645 23.8413557707898
24.2827900762663 37.1471859532335 0.657918856479228 26.8494783874998
23.9531493767158 36.3855180971542 2.42367938579991 24.5990459418321
22.5993412782432 35.7038380709664 2.29289235756733 24.9581305867540
21.8500451578752 36.0932724109106 2.36769330385141 23.7320321349356
19.6450710233349 36.3979592585192 2.13705088186727 22.0655238561261
18.6467074121739 37.7321810891107 2.13632821105421 22.3426404762279
19.4127024974133 36.627340137642 3.99723864602856 21.2207908949549
20.6409791217576 36.0211057303464 2.95682779862545 20.407392660536
21.8290892386268 35.3149736346122 3.35174873331562 21.2283973744215
21.8324670605123 35.0806048274416 2.70732341660187 22.8337128513584
24.8335444042221 29.475576766039 5.05865557026118 20.7534391974812
23.9079088535312 29.6063005563046 7.15748405869244 25.4367732696017
24.9506982641208 29.6827937627386 3.75804806168316 25.9667333318709
23.5183502924205 26.4998901257062 5.82479399855373 26.6310481197058
22.4696041802609 28.3089749104114 5.18146082286848 26.9176031277372
25.2824009378174 27.9409179509591 4.20483623624904 25.0552175297259
