21.4709828643953 43.7539423252225 3.75013360666788 18.8585674260634
24.6312992636939 40.9476985065036 5.25224700157277 18.8344408349026
23.4321563913380 41.0674511076704 4.51407125189977 14.7448477708626
26.2512534473916 36.6813917363816 3.35992379093278 14.6375272060997
25.3173877484059 35.5075756259085 7.43445466228496 17.3961218606002
21.1569783192953 36.1838078791098 6.12445176604870 17.3587709852747
20.8630704578854 36.885931391158 4.78254247296337 18.4108684258778
21.9920351940118 39.9375681028523 4.45171934531737 18.5952454358582
21.1991464929013 38.2066868245732 3.0345999803647 19.7956393901501
20.8652321170373 41.8743400308434 3.15371057463545 20.6330445353184
23.5870586223055 41.9333652895947 3.48685459818426 19.9297106946130
19.1240588137035 40.6351549383324 5.11085800409984 18.1892854831143
16.7649197652091 44.8155138311048 4.4942886783063 20.8052217093258
14.1887559889902 46.2826335611825 6.93744079817753 20.5268038016706
13.3244891128589 47.5884276106324 7.09504708073057 22.5971806011124
13.7743291081015 47.2940115205862 7.77143074323378 21.2735504283531
15.6672313817863 48.4625066207164 7.57633613336786 20.0681749283298
16.0365741233427 46.1938785785251 7.86133712165012 18.5973285966514
15.7803201637317 39.3250782271289 7.08191651020154 22.6272465604319
17.7776546468113 39.2891495135055 5.2585031826324 21.3537016379609
18.4963155369360 43.8339821705968 6.63652447362385 22.6343020898252
16.5720621216197 47.9988569990174 7.81364708564199 25.0706067600719
20.0146484588359 47.4282060074993 7.59487511644095 21.4234714638907
19.8718665399675 44.9786944642207 7.07371525031469 19.8109084212878
14.0165553818543 45.4081279473854 7.91979029945053 18.8548063455119
13.5877805621449 49.2054354871167 7.72741829669385 21.062229752165
