23.0991176415876 42.4485055009108 2.31566823757899 23.6164602064348
23.1518917272509 42.2863119487856 2.29494263115339 23.3223110926158
17.5943155021117 41.9019041077212 1.7933642717544 20.5322543917976
17.9051815599844 42.9262116595149 2.34767212858424 18.8459436823434
17.6584541168964 42.9981085474412 1.64644836983643 19.8788139610372
17.8952569547078 42.4458838359261 0.796460903948173 20.0849658329931
18.0628636990299 42.9859257221087 0.994711634935811 20.5876857756063
16.7051036122482 43.893372724658 2.58957838482927 23.5961886864513
13.1786302986782 43.6599471822388 2.45766615175415 22.6433659695447
18.6261940782185 39.7892982322364 4.36053861451108 22.8854206145167
18.5327588653027 41.7499290249708 4.16252165899385 22.8301009731513
17.1761191103442 40.6197967046338 3.66359632212441 21.8506543943804
18.3817575311123 39.734835585307 6.08001515461836 22.9439992663573
18.5222905648707 34.1408027730529 3.62914093264151 24.4644458621216
15.9900012843146 34.9058387855646 4.32755159825791 25.0235436681134
19.0619654476477 35.9969770563462 3.92676806432899 22.9301232678291
19.2315567848586 36.4822608674572 3.42911314667907 22.1284071007397
17.0477841982538 38.1278099782426 3.13756029221002 22.6737107947122
17.2291003156223 38.8144028172695 3.45340166303853 21.7159043378782
14.9229325426843 39.8150405162965 4.20186846678626 23.1159154790076
14.6737640501903 36.1513675077082 4.74548576351736 24.5756000474649
14.6035119674737 35.9188300164611 4.54136101462657 25.2038712156666
14.9466847914839 36.218771429815 3.79348194136994 25.3336241807344
14.5954472763286 34.7319367677799 5.89899596610292 25.8715030293467
16.1617766672380 34.2064415361626 3.73363732359781 27.8882714961396
14.6640276226781 35.6412640623092 2.16053668549284 29.2929524658712
