19.7885208294097 40.0421199217542 4.69073172293943 19.6953916395707
19.097205329344 39.8682116373546 3.37292139542629 19.8956450293464
18.4349548199692 39.0757209606414 2.56539284701799 20.1667711022002
18.3934197119600 38.1950085395011 3.09060497706164 21.2126412112561
19.4085518783237 37.4065706352097 5.65191806418229 18.6697626607603
19.2446543177034 37.7382258273987 4.06720817907688 19.1372686795747
19.8017077405854 38.0528433764679 3.14499588128154 20.2755342585822
19.8082985986872 38.6984533424815 2.18763542873785 21.1927597945412
17.28150911132 40.9686388400709 2.55992649542168 20.8863960200777
18.4937638291197 41.0411984823475 1.99002146232239 20.8379932871670
18.4136809823578 39.0987994605025 1.30924935560636 21.7103277869923
15.5192490523225 35.6216615153757 2.94147449266165 26.3803862497611
14.3508598297687 35.9877099348701 0.976673513883725 29.3872703321677
14.4782582601385 35.1408436410598 0.181063252678253 31.0094289377731
16.7072492660215 34.5179671706169 2.59394162861410 28.8179191967176
17.7065089949003 34.3508822010077 3.42121554689717 26.8470952337716
17.3181801054874 32.5936431824408 3.70802685443547 26.7231751079750
16.8235960731530 34.3766363783913 5.66307020198789 25.3058489082269
16.9472136030221 35.46423738108 5.23641972366111 24.0667626537270
16.2947708776468 35.9607438423554 4.97602750853248 25.0755285635478
17.0556242614302 35.4439675021167 3.4397376089225 25.7255747096364
14.8973890899262 36.8937477494832 2.97451158593022 26.3748812335238
15.1072195789358 39.0710329205971 4.34651843263878 26.2207868271202
12.7794457076967 40.6726731867079 3.80348878687266 25.7827872388193
12.1190003774901 34.7506815269194 6.27200234929613 27.9045170663053
11.7234372177778 36.1699057211704 5.6350611424218 26.4968703627715
