13.4745520819308 40.1350908727013 6.35615782637164 20.2264556489428
13.3536901781665 41.8449272630364 7.19117567769267 20.2260393768678
15.9782165084363 42.3021224792673 10.8966466054508 22.2002052970360
18.9321981539930 43.4978213839395 10.1943523246983 22.3283213747794
18.857761322705 42.4241987162432 8.91895012242735 21.5987893005962
18.8062384046901 46.4602863460670 6.48203760246663 23.3605929918716
18.2319509951516 43.7074912165182 6.46048055101103 22.8563895354176
17.2037287658198 41.2100646437628 6.74091445469214 22.2361572361106
18.2866641244627 40.7284217665454 7.97234634892932 23.6800490016604
19.1429223271134 42.5089239324035 5.78756913660011 23.0780829814729
22.1719042269560 44.4295302978309 4.4627892140335 22.8962880962412
25.2748477516743 40.3504232014122 7.21681785867908 21.2864909984987
26.8678046746227 36.4491880209709 5.28750411100113 19.684939748778
24.7267165493267 43.289032999851 4.54720990208105 18.8308877164339
27.8750363441232 44.8970430213550 5.27600000451801 17.5257185242912
25.8651324174427 45.8915862952883 5.86126514037622 21.5144894170101
22.8371006625381 47.5951050817559 5.46707827573254 22.0606845291770
25.3031555379417 44.9426644453564 7.66985681884534 19.8043433921851
24.8697966954562 40.4659443783538 9.41311113206644 22.2255187386172
24.5829789277988 38.0114291928822 9.6264769371956 24.1051120671901
21.518463151418 38.5056209623927 8.38939477895132 23.8249176347154
20.4177946149189 41.1674308963064 7.79432164640843 24.22662531468
18.6382027420987 42.2721323604022 5.12720498033274 24.1065072647753
20.9364928939220 39.1265657507141 4.67986653851607 25.6263284091866
17.7601904115480 36.3519384735189 4.09051659540303 24.4869312658003
15.7039324276829 37.632511932861 3.97378851380229 25.1991447764478
