24.7043172622511 40.4670682332792 3.28328155860626 21.0633553575288
23.6862301424558 40.8929051256120 4.89678898332031 19.1094096630375
23.6107024655963 40.4513717533402 3.18113082059980 19.8859873182635
24.3260548847194 41.053683287216 5.28884851927259 17.1912543998594
23.9002772258992 42.3751105002441 8.1031596802114 19.3067308898578
24.0847632397364 39.0666100012452 9.18528067194273 22.3045565356995
20.9969765457817 35.9920393030472 8.23055109790874 21.194730982327
23.2546190849997 37.98259508259 7.77022302885888 19.6746269465919
24.3987419359365 41.2832764128536 6.43065671310177 21.5049790713499
24.5887096713171 44.6995507271342 8.31326385950086 19.1341704047780
20.2291464221538 41.4868840153642 6.32639038902124 17.7156036431155
17.2570886651859 44.5884476813801 3.65830849427146 18.2922415612451
19.4859674994708 43.0350476463639 2.4810470004042 16.9543913708965
22.1053921825577 40.4897458928019 2.54579853499308 17.536810076746
21.2898985877026 41.0228687937661 3.87872340031666 21.0418576430034
20.3438924013961 43.6084612997538 3.52583021870581 19.9288380862650
18.6653324676071 43.7328067830122 2.97862150138011 18.6275615002465
17.1373224568878 46.2847324081986 2.98342380858958 16.6441814926889
19.4428070665662 45.8424357609174 3.44402895611711 16.4786237091366
18.2305379308153 43.5857970239877 3.77469198522158 18.3640846010760
18.5325689533118 45.5697178331794 2.89853269653395 20.1108125668481
19.8261203061182 46.4770478432657 1.94497105479240 21.4219029188618
19.7907513290037 46.5939900873819 2.66465014022761 21.8270994001991
22.9423206311975 45.9862271988943 3.30091562461094 21.1355253892011
20.8367256189291 44.7731811314999 3.23990819102773 19.6471091737962
21.5448250987161 41.0404031513437 5.57670039434971 24.2501988984636
