20.1960727036808 43.3313578106734 3.05111694799988 22.2624879906234
21.3280592866714 43.6916771368965 2.96003728564525 24.9074900027644
19.1282117522594 40.5576472334474 1.02319203363732 26.825439370675
20.1973956113022 40.2550246435066 1.95742921368219 24.3700821839771
19.9549130919180 35.5877734607865 1.64582564821467 24.3087714923502
20.2374894576220 35.7234140380152 2.70608788565733 22.7646053418473
19.4383581727780 35.9329787109325 2.33257231023163 23.0776105778248
18.2409604918249 37.6196070852036 2.29630247480236 22.4969334037930
16.2557038348205 42.1838952227013 3.09203004878699 19.0097741002759
15.5558049092106 44.9901961687211 5.31135706364152 14.7286508403332
17.3072098353915 46.3858215783913 3.02963076176097 16.7546542540979
14.7086420524902 46.8392852112035 4.25585644639072 16.1021332985577
14.8304856589590 43.815826977169 4.53489158807655 19.1622865342391
11.9815341990967 47.7523697458219 6.57261384760362 18.9245662973331
15.3232312540119 47.7908016568369 4.60860558801663 16.2940625599654
14.3018713009139 45.5476093214276 6.05487916169089 16.7849587271990
12.1793073837240 43.8353543762388 5.99127748019394 19.4825075217591
14.1119136039694 43.4085657132129 5.02193194224831 17.8194931079702
20.2751372915288 42.585731034868 3.08167030236085 15.2301865164438
24.2852289371719 37.9383996964922 4.06788872035552 16.8647510251719
22.0363660064086 38.8264063030971 5.88307584558946 18.7831555583216
18.5243569026261 41.5874749326637 5.66701589600848 18.2414359475188
19.1686088108018 39.9599603473272 7.32863384747612 19.4169903357215
22.5518212905645 42.3687343433742 5.29793999606477 22.8884165125601
23.6835014606386 40.8598655312564 5.04238096514451 23.3272994213440
23.9719866607236 39.0117925963607 4.82010776185561 20.3277156145014
