20.1879504659866 37.4327230026139 4.21972841121722 21.5898690833214
19.9786526478548 35.9817403025119 6.53911924622487 18.9830826031479
22.3816037527537 35.7949046130417 5.92592351401555 19.8999565921197
18.9892568667671 38.182047224131 4.61548792298282 19.8107176997408
16.8148084949533 37.4005213496206 4.22526253046203 22.5764030662075
17.8342630375007 39.2690035146592 3.79741219129281 20.8793439238042
17.0711113812789 38.993537882106 5.21529637161055 21.4137931219508
16.1124174514996 38.4769935633522 4.37756208147304 21.8320440636222
17.3580737974705 39.1688570810453 2.50849564723287 21.7691629972417
14.8948788376736 37.2386535123467 3.51909147971857 24.6151728049029
15.6258849545189 40.2099044544905 3.88914105023235 23.6986011430565
14.4589694653559 38.365420265568 6.26862394094445 22.9595914641643
10.6077911275360 40.1481671924494 5.93788425165206 25.3493293980384
11.6328717068690 39.4702512655054 7.668610938332 21.8653383320445
11.9995205662134 40.6479873168861 6.14345103785002 25.0078215878704
9.63256453470744 38.9041288137083 6.69579415841566 24.9584558764709
10.6799375371025 39.8416070163664 6.96577571457829 23.3465821789814
9.53535724924363 40.6716268428134 7.20695132152304 22.8087691115984
10.4413919842751 40.5743880300475 6.4463116365552 24.3429813460285
8.75515427399575 41.5999275358086 6.26282532807842 24.4401391160701
10.4144699994864 42.2391602111099 4.3196447056798 25.2972582153071
10.7333776788578 39.6046204756584 4.55475934926287 27.0234365978305
12.5524863512978 39.165198239479 4.65474076900498 25.8872587357674
11.8510141171316 37.8201491600553 5.70604007952713 24.7924238800098
11.7464547687665 37.7703820067177 5.3036856574188 25.6145754295348
11.4050099513140 38.0592340660001 5.99068556693304 24.6034280051138
