19.8412843018146 40.7548304354622 4.2509196193736 16.2196323665112
18.0609873651834 41.2058131456099 4.51232647572979 17.1617432449266
17.3960105511546 39.5367271966107 4.23971682650372 19.9409303253770
16.1357521857321 37.8422872143067 4.89062490081567 22.6785714270800
18.8743895911798 38.8649576002001 5.47997141943031 18.4658163710262
19.1746644986686 37.8470005318923 6.01475983892286 18.6334392384752
19.6333814626078 37.4924616276320 4.53316755273746 18.4806732799053
17.7653698063905 37.7776071432312 5.4113693722281 20.0390503912359
17.8726069600771 39.755630551212 3.49394950882898 20.99099129747
17.8323718197162 38.0363637500708 2.54659579661488 22.1077429199569
18.81118307959 39.6300353885761 0.477128041501116 22.6700378849126
17.7393279172133 38.3379002525500 2.31881111115217 22.9834861705966
17.6007519516747 39.3909027286819 1.74231776478700 23.9907181733714
17.9426145929496 36.7802863944335 2.91023884573951 23.9759978359855
18.1595445409070 38.5361771405688 2.83539166723819 22.4797740095020
17.2906904801379 36.7453257864675 2.72288095954486 24.395019952862
18.0789115263442 34.9934193260366 3.77458918330872 23.4208575242222
18.0482305944935 36.1160570133283 2.89014591303335 23.8348697691247
18.0728201908097 36.6588005532317 2.43600201633440 25.6131194519833
16.2545370647528 35.1291275899091 3.2426576831253 26.1748606178001
17.9282706761014 35.3390865687560 2.48320211333835 24.8694493385115
17.6801102602567 39.2084378369988 1.57616487541236 23.7995027394578
17.0241195236867 40.1270972432564 1.07338604653293 24.1699148685508
14.0389067058986 36.3507381806145 4.33776807338257 25.6477225621149
14.3017817623190 37.5732942787236 5.10185258023837 23.0600680404261
12.9803519135560 38.7148849736205 3.53067092345533 24.7811020659009
