16.4378536030474 40.1954760295881 4.56628020178345 20.9384053924944
16.5192312696535 39.1392016662818 4.08962294553225 20.8492450291961
16.5318139438923 39.1190885673811 4.46907328279507 19.8903900523306
15.5690271296944 37.2323608733361 2.24234633823675 21.7275150621877
13.1029859931613 37.0662874788936 0.00310137961059809 19.9368655884682
14.1999455730870 38.4630801537964 2.24151333631016 18.9347781669664
15.4863013461417 36.0527555682559 2.78104549529962 17.1632011244389
13.5694929896107 36.6919545151039 4.12565091107665 18.0161784369240
13.2992595689556 38.4256084885769 3.20081564965350 16.1128043103820
12.168979589287 35.9125223581419 3.38446334658708 16.7734900874425
12.5601816209217 33.3312702568583 3.0264865146679 17.2958955656145
15.7062111761605 28.7889779562465 4.02895083448003 17.8452824832279
14.9043882558307 29.5753450530722 2.14843234519559 20.4133475090858
14.0537224499693 33.2431510670251 2.77875139035370 20.4210350768191
14.4894584793782 33.5914080055998 4.75086129708189 17.512881832685
16.3693354385158 33.8906201433027 2.50964220481633 17.6569768083502
14.0682774426356 29.7338302095057 5.01589354531548 19.6029031104628
15.7541560515286 29.6831106149228 4.71235476472563 21.187761514004
14.5917208440127 23.0347227115752 5.15608027708865 20.1773192906041
15.0486358732617 20.8647069750922 6.87460609424076 19.5638984602519
15.1592015041370 20.8402422980042 6.81190316578254 20.4229478339718
15.1840698723081 25.1396475595758 8.20949027613928 20.2932353035600
12.7789681706909 27.5480991903892 8.76837339970474 21.7359449762651
12.8311244653869 23.7049497802942 10.6706479924843 19.0568758809740
13.4793365732167 18.0028328610784 8.3982459515911 20.5733343254484
13.7051851483393 19.8681422466612 8.42252385766513 19.9510048100434
