26.3831558286785 39.2618431621766 1.85841229221457 17.2814626078548
27.9466333094626 36.915657720582 1.91612164665618 17.3061605002226
27.1132022269800 36.955135440973 4.99697999389516 18.9209718778225
26.4684301723524 38.8974897095987 5.23753249704511 17.4659800258892
24.2926978905824 48.2852906359413 7.02656659799301 18.4831096352505
23.7941884968785 46.5790467083508 5.12192862144345 19.9549490715804
20.3744757345302 42.0629957465509 3.2231777102095 16.8842192524539
18.6831894077962 42.1377605863901 3.99394112675124 17.2458829292523
17.8782859098768 40.254081375716 5.61732224271306 17.6143687199296
17.9409592541536 39.0800254364063 7.73167309177713 18.4651239048185
17.8621305728932 41.7287286875401 6.11247673107916 19.8496939492838
13.5956903014933 42.2856905475821 6.09440084577408 19.8233893315756
14.0372744248284 41.6692769338008 6.70737840033006 23.7191903998592
14.8639418798169 45.04000348056 6.97511395749506 22.6730415967741
15.2964676761953 41.6954542726118 5.48903655780349 25.2971138914564
15.0836441952348 42.5104512573991 6.41572628107723 26.2089835936872
10.9031646035224 40.0877653240997 8.00844517357518 27.3268851778207
10.4108622541222 41.5423951732766 6.61574775965754 27.4043389772919
10.1459770818445 41.670609221964 4.68085452409331 26.5838512250055
14.4139727750202 37.9578733054761 4.56734909566921 26.6227690319364
15.1332437791633 37.6133821231832 5.26210620145184 29.9539003011604
12.4709156094822 45.6676677574922 5.18598119665739 25.9774021108468
13.3409081245544 46.8673657649121 3.77452612768729 23.377167433763
14.9005658154068 43.894588871 4.12243723039928 21.8341039055606
15.2878033763422 44.4904540256389 2.08388707842159 23.143198223954
15.0947462806997 47.7198737087451 1.47694511571899 23.4141216326337
