21.5471714982020 38.5122492867148 2.17861845947886 20.1128804667779
22.1316823554413 39.2119724955036 3.24882229415784 22.418315529164
16.7595110316949 37.2553425011783 5.66726672181944 21.0377610300594
17.5433704839276 41.6756570329516 6.63257267906415 20.80153077969
17.8802079591157 42.1517814132011 5.65332494371655 19.9316618483295
21.1850214149060 39.1318164057656 6.7974912884933 20.2067074376644
19.7319046319650 34.7556608914955 7.04741608023728 18.4791779461853
17.4509815680982 37.4038481078668 7.51205619073557 22.2607713723160
17.1877106162908 39.322646679785 5.80780919988724 22.2200636928506
15.4744639299506 39.1721432297558 4.58961526442404 20.8905131949081
16.6467833663964 42.17488418753 5.86461206267672 22.0230083430155
21.1020361488381 40.5853781023647 5.90013414512508 21.5505736546720
20.5947468351269 39.897839171684 6.06165670774066 19.6030782016124
20.3482992591883 47.1389872765752 7.81125126088158 18.5122881338130
21.2503236670593 41.4592220656226 7.30990517519534 15.0702754335607
24.6022312770213 42.5987989258605 5.3812655560498 14.2068340631331
25.2856400812591 43.6115823722097 4.37486014080354 14.790592774948
27.5274957193608 46.9650311203326 1.79010749732264 14.9099739438052
28.605964909176 48.8271996782745 1.92163469363004 15.537812251888
28.0152087654750 47.5726010942592 2.46443086350337 14.2294347186704
29.5262005632575 47.0706928897435 2.53738033538684 14.6511737232797
25.7447572393175 49.8716830502981 2.26773410313763 15.9850734596841
24.1804953902792 47.3139527965123 2.34581931062115 18.8202532952618
20.7308961456474 45.0320710082324 1.59695870812123 19.1280888648671
16.5517404140737 41.7002259617457 1.87569926097058 23.3329254867476
15.6981430068444 41.1551849526617 1.85172848582825 23.0765244610575
