18.2542094189192 37.5620346585147 6.42487624768425 16.7550870235849
18.4768144638727 40.1529601266466 6.18378996747804 19.3221847107473
21.2094820711280 41.9184343334596 5.57518619921523 16.9951047359699
20.9311066579368 40.9039533155741 6.75248384283389 18.5225056105026
20.9014326063318 42.5718330090089 5.7376228687957 20.9244521942654
20.1178256734226 42.1824500546244 3.25121196926076 18.5051499786749
20.8033503764261 41.787242034993 4.93410982944507 17.6733173052742
20.0404263227199 40.8045222524631 2.17016456633311 18.5796553702056
18.6291101778192 39.4703607718624 3.32806853538815 20.8650980607480
17.0219477628913 41.2375748321578 2.75122947245836 22.0637197249442
14.9461205319452 42.3389375710373 3.26959866040269 21.5749894007832
13.527454909177 42.4508169668239 2.83228766975807 21.5775956986263
10.9113862952258 43.9760397591141 3.06051131724769 23.1832230658993
11.1508457940112 40.3020285654212 2.5605735966509 26.5950438964814
11.1071352735202 40.7263317078441 1.96476149302907 27.8964543894537
12.2542627612169 40.3617245740475 2.76968029537238 29.3431004784800
11.6848941008936 39.6871171432333 3.36034050257877 26.6565963301178
11.9696134581606 38.1777060722328 3.18561787093115 27.4301945437979
10.753820136913 37.6820019656975 4.97220726595027 27.2280615985967
12.7461472000268 36.4057576126601 5.39536620060027 27.2994020803474
12.9318818927364 36.9940471444256 5.24784431019891 27.2709441838178
13.3620123809757 34.2160530205425 4.79432053603325 28.1430753787372
13.5233782177934 34.7294751265965 4.46450270312 28.180142216262
13.0549626128891 35.3978198676544 5.77114705108199 27.493135938832
13.0411551186958 32.7846588339396 5.76045410283934 29.1786365054307
14.1864802197312 35.1778875394464 6.47002237867657 25.0203109292072
