21.6267247682903 39.3358431576183 2.22732974521309 19.6566888269934
23.1018100994174 35.7282458014218 1.34764821596868 20.1794726679999
21.6416947244201 39.2167029153469 1.93876627832651 21.2035076067749
23.6591119249909 38.2582492051431 3.36043674436087 21.4987043141353
22.9456755868717 39.6171443984629 0.919206075208876 21.5938992043919
22.5668802146869 42.7954217415088 2.72029689210467 22.8560047047174
23.0926428807037 42.4274299875941 2.32244584453292 23.4092580752778
20.5816080455738 39.4893104885812 2.09963947255164 19.880975218789
22.9596372955465 44.1181386739546 0.621690852334723 18.1067001571146
22.1697777948329 39.2701506114164 4.01793910819106 17.9692331932670
23.3672490139478 43.8934894769983 5.15585823473521 19.3002458995393
24.0234043067154 40.2336412614742 3.66647678939626 16.5343755854479
23.2543594017458 41.5799026985252 4.46399586461484 20.2508365491590
22.5570246204567 39.4014842982934 3.96070448334788 17.1049679348430
26.1138477818873 41.3702349367151 6.40726509366644 17.8014956440962
23.9252013033089 41.7557319516846 6.21655795120162 15.6826207552290
25.3224292807114 47.8426050429763 5.90298126407427 17.7377458958140
23.5722324345094 48.1104649823581 7.64778334006297 20.1952465739317
22.9133555916902 51.2746502157723 5.76589663989472 17.8617635280110
20.2014989759606 52.1271683238123 7.77111238275285 15.1179989125483
18.5749777871948 49.3135100844924 8.30335990164059 14.3428609535001
18.1836262083637 46.3837545082093 8.23804778313826 17.0497575761782
19.5127883366334 46.8512480078385 9.8972687198464 18.7041951824011
20.2712744091662 50.2316981853106 9.97543353920925 21.8277957307867
20.3805425399008 45.9527022749044 6.12511061139528 22.0201285573414
21.0868934339039 41.3133733309455 6.45230182896491 24.8478670491597
