20.4565693869767 39.8922000188083 6.77115314281157 18.5430719084568
20.4480448824865 40.7216995582618 7.15542495054735 19.1796048121057
21.4872294658375 36.4353794437535 8.12031792373939 18.3509627781338
17.9515672950092 40.1767141582147 7.51137308440714 18.8035091120280
19.7577133659726 36.0840604436286 5.86764750387131 20.2278680566967
20.7051480912124 35.0579169099853 6.16362205883099 22.8070238594234
21.5719800028136 37.2676791840522 5.7544421859978 22.1759923769430
20.3739225846902 38.3996253437624 5.6149632531144 23.4666290607572
20.5496593584493 39.5482826563791 6.2238551111352 24.5291765437658
21.3035913669691 39.7997500989847 5.46961557540463 24.4586044562246
19.8485889324174 35.4310531276539 6.53435303178967 23.7100106027552
17.7454902288691 36.7957204194069 8.16542877045435 23.5533902129941
20.8705899450414 37.3971465134544 10.3318725493592 26.0126508452781
22.919220394031 38.9003908597864 10.3553985853070 24.3030700139602
23.7384754502765 37.3896650789305 11.6595001528928 21.315690436018
21.5955472541592 39.2808957305736 11.3045879133003 21.5431684736063
22.3598216212905 39.3450446106493 11.5053707005586 18.9341633688559
23.1337221543855 39.0692964779213 12.4885562151488 19.9320622848564
21.3420777907214 35.0389572680927 11.6121348273848 18.8977622956255
18.8089905339306 34.2730331314727 11.0281870431265 20.1250927036845
20.9975276745086 33.4938182789832 10.0255500523946 21.1510438744962
21.1422036492428 31.9007158983498 7.4703690915941 20.7328743946791
23.3525470008304 34.2401092774998 4.58369682157549 20.4726180213556
21.0107827798625 38.4897407936144 5.10273831534337 21.9587663750216
23.4812930018803 41.7259198236491 6.02566660246894 20.6414692758635
24.0509087226516 38.7424671910915 5.91212496142917 23.9865862217784
