0.804142531646747
0.868719695374137
0.74130930349535
0.688920372662383
0.410021177198055
0.459984793870958
0.338079245838585
0.436252632858588
0.47209283684416
0.48369567038527
0.57504435561633
0.501991065666436
0.34014562040603
0.305835381131976
0.341946531953647
0.232580238236471
0.3287801310703
0.410691437731379
0.378068855638498
0.396248670249128
0.397653055193957
0.243302579506423
0.22462075790682
0.239107130153343
0.328755655151099
0.322216329828144
0.329360191768274
0.33588862732263
0.381604345852748
0.520755725411937
0.453510936826706
