0.691893282282124
0.728648197557931
0.646056062262659
0.609978362638657
0.690126375395136
0.704201196459544
0.658256219280375
0.710810766508294
0.757124349660663
0.649932167911393
0.563925652671096
0.339831404061479
0.380313161806626
0.311371565516529
0.535912933464795
0.441169434770644
0.595005943646387
0.480822013757855
0.594744573088095
0.588930916340754
0.54652016639869
0.703310255540267
0.764333805182681
0.841611897453398
0.968241385902942
0.981630067725003
0.997765554685414
0.886546066321701
0.81464432749179
0.731033126602218
0.824123494990438
