0.226948373658644
0.250003300082
0.323888340145226
0.289289823235025
0.285306945084606
0.284003585125332
0.345011512483482
0.287220506710013
0.334293386354123
0.18593793103007
0.259387188698177
0.367460173149605
0.253938894826
0.309922950356279
0.295268062236731
0.356796116442432
0.178566476251011
0.137805772307341
0.150592120364308
0.187895913608372
0.256877298466861
0.57173342811875
0.409646379388869
0.391904815891758
0.191693433513865
0.219745802413672
0.136390191782266
0.219256395613775
0.19987215650819
0.242391723823853
0.348984978265249
