0.744589372276513
0.706168258906527
0.692080382787807
0.963750418759136
1.04227250728691
1.12377542858367
1.14569470380525
0.989457709373999
0.977183088600877
1.1144627889956
1.12258880833164
1.12947527136312
1.06624521585591
1.04581671790765
0.872094885405018
0.985192235005884
1.01589741228567
0.877721063387108
0.746851211334107
0.888794770198402
0.820296676544307
0.915231529012156
1.01696910542073
1.00795280323932
0.939725101386355
1.08880217705316
1.11888113515088
1.08171349876678
0.99773646681364
1.07465341206213
1.06520148704253
