0.727289651854048
0.723646681437353
0.981286289038221
0.83069852633224
0.847031967675398
0.872921532819132
0.762273126475598
0.757600778069432
0.976150689421306
0.861131635874594
0.650987615630115
0.679180582806552
0.63661380001166
0.548117054705869
0.61629552895705
0.438182507069211
0.422507585880762
0.245368970667427
0.463625015101811
0.287640558899262
0.280757835571259
0.32411999266462
0.269259529578905
0.440891704167645
0.47261615085363
0.368118744547885
0.293769333855655
0.426524856285598
0.541653977818262
0.385474766808968
0.39363758691534
