0.725810419478971
0.736302891131076
0.715459814890805
0.765424913420943
0.798073303207425
0.774323093947778
0.730808022907758
0.68344698485446
0.553191494778663
0.513792819692687
0.832364355050892
0.590777786937476
0.554525447194398
0.557313283835471
0.387824217998356
0.459179697488368
0.272856327802815
0.45182746037275
0.473446696380576
0.520357558073899
0.479973913159644
0.533602004114961
0.537892952364361
0.656674700638702
0.541068082385188
0.573319878418422
0.576369567903182
0.445004759252495
0.578799246566793
0.513785591058856
0.792491675157524
