0.546161393983898
0.507968601979924
0.544727508513866
0.552633244567228
0.47057077779868
0.36503313204707
0.389357170299305
0.329829930350793
0.388977679819478
0.290716206119073
0.340219644929409
0.450919310336128
0.497928787867666
0.545175117819697
0.57685304349953
0.545792743756563
0.489490777866111
0.467989522877277
0.420600327856035
0.329719999904872
0.325860403624491
0.284462232708127
0.345713269107083
0.496593117483
0.354658054189796
0.401506730222998
0.521883076623005
0.391357209075165
0.540105796845553
0.588699735894722
0.689379209566785
