0.997823206757799
0.897857772189796
0.904973702462063
0.746990335410133
0.667185030512953
0.622036518956044
0.646747854546153
0.822499714101174
0.856134896779874
0.938338135377013
0.91074390882484
0.869569918986851
0.843397170760312
0.84214486250525
0.894688728306052
0.956032989494112
1.03582784179
0.938133852270972
0.804636696117798
0.876469310509841
0.84352181157736
0.873736466930116
0.949276118908877
1.06740712115191
0.93168114278332
0.810328627273968
0.781393323320569
0.810668551264005
0.847468188033299
0.810678692907886
0.769121961110131
