0.611161678406254
0.508704045303941
0.362737287376852
0.51447074825953
0.623192376672135
0.743957935104405
0.708066012634223
0.610813404450451
0.633582743181174
0.584145778388043
0.702055522909646
0.545390381774192
0.360959971387197
0.181963986780752
0.218896440576624
0.23632108538584
0.492864732557769
0.379967857433698
0.624687072296529
0.45957832675138
0.492984021955072
0.445873303792342
0.381583702348389
0.424903048731603
0.258064189523675
0.198720771929465
0.388376536283858
0.457647838926159
0.563513609877072
0.579078564204492
0.74921462984591
