0.477630147128079
0.408269770838964
0.384991852403331
0.47437378431176
0.543216417473454
0.636877376702327
0.813636400154505
0.719119737413425
0.760581302728062
0.70210189478614
0.751064276407962
0.784283818436345
0.761084997506371
0.669311569436943
0.836309894876685
0.780622217528652
0.708362616462763
0.650535163566601
0.815598341500517
0.701740562826525
0.511366111789029
0.458497915234547
0.528631507241377
0.538104085213715
0.474217555447692
0.489468702961901
0.613347263782495
0.62121548526651
0.695151967180061
0.521755218875694
0.371249338609266
