0.476663645819123
0.468056404959704
0.514891968570944
0.458339509923305
0.34337398870505
0.332333573053962
0.36999833282834
0.235982081364863
0.325196594582894
0.230607968596542
0.190489227073067
0.32694341827164
0.45564013922567
0.393982674954259
0.294379936279529
0.366935614198246
0.417093540988663
0.532303521856466
0.692008790354976
0.950975812906199
1.07682135196383
1.14659940450188
0.981615462527525
0.912186537146312
0.725988750368101
0.763823881306206
0.727774715869208
0.884796579767471
0.81520260495924
0.822973565923502
0.82153898759604
