0.767035194957685
0.835042713450299
0.589770806821095
0.443209068239491
0.473974438984703
0.644950631907966
0.455276497541751
0.666643672757607
0.581963467406865
0.488734221546735
0.545845357416954
0.564839025162916
0.617127759284164
0.653138315346848
0.529031658912833
0.404152022809546
0.376069427556183
0.41177314485929
0.612771010990656
0.714046085146453
0.639597953562822
0.862367461794253
0.989727891334999
1.01620605492276
1.11123681503591
1.09097131416978
1.08957170302981
0.989120849964894
0.922177609705679
0.78179084881892
0.929805566507705
