0.234439917342126
0.175602560644358
0.238802178637445
0.121809918712825
0.2190046693152
0.18058809139302
0.257689634845611
0.25282965398933
0.390097920490235
0.544244800122261
0.495654807971597
0.352197185518026
0.393614558676064
0.333746027746975
0.280136390063718
0.366762023405909
0.581970819817662
0.45202046757172
0.384710951415628
0.617854513633802
0.605520115965783
0.708713829876661
0.706167557395552
0.72502174533673
0.680159708976303
0.718128177968342
0.705911643316526
0.557825182147227
0.568624190429128
0.524920744217835
0.392063355820156
