0.707163425676341
0.685730649905096
0.752927120776664
0.631306279592033
0.648318347429673
0.350525105280618
0.329268895463835
0.351199099669425
0.496600319832755
0.30937459889446
0.484691806851147
0.540884506531252
0.477316503102152
0.546705050595297
0.645705066263868
0.631691488219617
0.597111272128491
0.439477257911308
0.453531699083937
0.303492776459275
0.319073012105274
0.534369859443238
0.537687878201813
0.662198480622009
0.635692659889445
0.715422650643722
0.646273204295993
0.637864977897242
0.703591962280649
0.619217431667227
0.759488949022222
