0.737913295575699
0.737260229462108
0.913877784223577
1.0168819355269
0.984668967123425
0.964568216348767
0.956369717740223
1.08660269678548
1.0231166273864
1.04970912142826
1.0046098658925
0.840652616053646
0.784635966375296
0.73621211779435
0.694177016067698
0.658502364867747
0.648566602227658
0.784227454107966
0.878877636329051
0.960534076149557
0.842124548776988
0.725887861930747
0.801091594052483
0.816339775304292
0.708612996282969
0.805748045108263
0.779200817995154
0.804939620593943
0.828639804495582
0.932966038648123
0.89075884983697
