0.595872972075713
0.568844858891216
0.586203869067949
0.664896898724956
0.785926447677312
0.829293379940909
0.800890917339248
0.662800246769397
0.756103234983816
0.810892310146077
0.760327069287954
0.510795660050421
0.561282320007517
0.495171581733806
0.535093811586334
0.626432952874174
0.680976039574315
0.613592054725458
0.545322005481293
0.517037942523902
0.420835817030465
0.409686907551085
0.421261838435029
0.420062048373195
0.558975425514775
0.68455524240938
0.651045803738209
0.564703739493536
0.526692360093268
0.566101079213815
0.692020545493262
