0.287958381713786
0.306873129929834
0.46600012398204
0.529146358984245
0.631112526830939
0.712010260726047
0.681807659947036
0.808182742843126
0.796149098897074
0.78435513621727
0.728052625456546
0.736461071600859
0.743760219333415
0.752735475334991
0.633553408119179
0.628912481558792
0.504824734265992
0.570734946123401
0.715939741647879
0.78982852048688
0.645334977549318
0.654657515869293
0.544195345681909
0.6661021964483
0.809159092451263
0.768663927758861
0.700258577621425
0.941847408607397
0.926287892039172
0.771149757222511
0.863029360023566
