0.702555292625054
0.580155684160142
0.636897668471944
0.655236253185582
0.597088578014088
0.564270123184112
0.535163555828711
0.721451630512109
1.02550734497965
0.990437040897344
0.991527604870756
0.895872029207569
0.765386774155897
0.658284618315867
0.803493829287238
0.69132499497535
0.659706612468451
0.617784020143314
0.656975963084712
0.456758623455405
0.351858474944472
0.23250524315679
0.277409297345891
0.364808899375364
0.328718829645529
0.341130917624534
0.374303835176827
0.41503725774862
0.519303449581341
0.451245266315085
0.46427755623546
