0.464054626585165
0.49448086981214
0.660914822234953
0.58745005464665
0.61719481883123
0.702438522768387
0.654148289174953
0.624832671308139
0.407093012086296
0.438141338280583
0.37060835863016
0.363245831136772
0.250547594702983
0.173711621607834
0.240193411033938
0.28352269225415
0.536022270867938
0.480766736135224
0.676698913729155
0.552334427764976
0.471102246387268
0.518133187039161
0.539871892311016
0.399781340990553
0.415170804109762
0.554591245601291
0.508467232041398
0.503813381238246
0.486998266332189
0.452427033452654
0.502884173278103
