0.980559604216482
0.943772018212471
0.977764157555644
0.962348254779075
0.925151715667162
0.880933388468984
0.92217175836511
0.868180887372171
0.858801183075582
0.679963938583558
0.802595649770399
0.615984019468476
0.553956459945937
0.38458445968007
0.558132313582053
0.576554590760668
0.541660733911147
0.612512897810837
0.738577538560082
0.540811684885
0.558271733456229
0.51827541232941
0.549475529109066
0.48351325832208
0.587023195688551
0.58205314881069
0.461932005424922
0.432916446932529
0.484116431808968
0.443764489673947
0.550690659199779
