0.701911189151008
0.588289037277003
0.534143534232874
0.586853815871303
0.682847767393117
0.785038962983538
0.644679657858809
0.706439170683746
0.63182186081541
0.586332716024493
0.565286556049262
0.669336992711772
0.644981228583504
0.718642655503948
0.703774289903243
0.62461591253524
0.69101998073264
0.720066839719479
0.715928693704595
0.73848736079596
0.481019303325564
0.447070033272729
0.457936681371183
0.366649423988536
0.449413316866383
0.544242977241055
0.681511153776199
0.682705361053348
0.675341869660281
0.543608339226432
0.60225563333612
