0.6412469804171
0.637794331961823
0.527244646416557
0.648064370534894
0.637143039458943
0.73041200273442
0.706598207482648
0.69273713243897
0.694207213434902
0.819215786817995
0.914679963499807
0.906958766540705
0.65461983804424
0.682857378319098
0.770017246695428
0.793031441865681
0.747619237218244
0.713505107423483
0.778569382781355
0.707402818536578
0.866971565203933
0.828305248616455
0.811756314887886
0.763147062689472
0.728032349597055
0.674866739276189
0.655282222002137
0.663190124404941
0.545922792504866
0.566704703411622
0.382073415965376
