0.5678513460347
0.635887583905975
0.532519536886508
0.461033337053055
0.369410044515649
0.575618047269205
0.377281712137306
0.303939377984175
0.494068478794912
0.482229150088647
0.475524010790655
0.428128901219139
0.500437470667208
0.496425085283959
0.5337770363336
0.578606070300708
0.62231299532778
0.638499728173161
0.622841891601825
0.799525705168168
0.920801639791722
0.75530599247361
0.789243703695707
0.832062061910279
0.795841981071926
0.727537998158432
0.724255251998029
0.534744565721548
0.5116329042911
0.502074330879322
0.483374965967265
