0.206849634493189
0.312214428870427
0.293835931582796
0.341664944917387
0.509132497247731
0.588594836418008
0.795555491188964
0.885841906585222
0.914182072414508
0.818071482658809
0.828710431514731
0.642694405934265
0.592365761522626
0.755367441244846
0.664055156290954
0.551694311343556
0.554018465618094
0.638358525421893
0.74122299086531
0.840592178192412
0.978942792399278
0.98491063463787
0.774063035173631
0.682280186776361
0.617658218577049
0.545964998773776
0.566520593709789
0.386931442444689
0.498355180885188
0.497678690422332
0.635161947337917
