0.764092846748357
0.794753838910659
0.81383816033875
0.877888404459631
0.791111794182037
0.762891759650033
0.616640578975152
0.74362734390534
0.771125442880388
0.695594109661128
0.726898913943391
0.804349140641069
0.759401665725535
0.539579453835985
0.338086865893355
0.404776941337413
0.533620433653495
0.504653158555529
0.532421903502917
0.525390119951225
0.542662187031104
0.556650505791052
0.710090869961872
0.637522008613317
0.628413528686955
0.689309765357375
0.600405078107342
0.721601727098077
0.49112598011814
0.626447430305034
0.614019206848654
