0.548778429079683
0.577187235897289
0.470041825819642
0.47857395248662
0.376629572557077
0.458634232086852
0.36884763586314
0.452607555449055
0.541063908156054
0.279924057837622
0.128134975856216
0.232746413070709
0.274127103388309
0.185165982693434
0.379279810795561
0.543641747906804
0.614698798302561
0.799554491834715
0.826684943726286
0.596319980174303
0.671661205788329
0.635678003647551
0.723043698224425
0.523050386703759
0.547269156176959
0.638935448622693
0.615184060551588
0.608181112420176
0.653683829747502
0.628461741071556
0.523332048461203
