0.586399853758796
0.731260552786572
0.527601594494937
0.456370301747976
0.465759479690625
0.559718009194641
0.445075314928128
0.528440924665274
0.349088326447027
0.240354170324778
0.270804102346798
0.347790910816317
0.454729653103774
0.440865390329188
0.186065083416676
0.0330520423594862
0.1211556003429
0.2188897624723
0.238399624485555
0.180106442315537
0.187018771130624
0.248711845445395
0.332954002262697
0.519236516204827
0.705787860180416
0.657103945265689
0.788987000935876
1.02390903900115
0.977448737013318
0.893462873154485
0.807901186539956
