1.10724727068128
1.04091243632151
1.06227922790703
1.13001786306276
1.12782124456732
1.06844290617451
1.01725814004026
0.918397769367821
1.00927784013426
1.07900124549564
1.11617359128728
1.09452461514777
1.00016819301492
0.894938855408336
1.03072147530002
1.05316209268499
1.02974313296696
0.955328063154
0.795488915079612
0.719691048561934
0.558901235693473
0.685980021068234
0.643191130086187
0.58135064509638
0.373725990577939
0.345075987697917
0.298940814872691
0.183515565264458
0.468416425007815
0.422264654691514
0.371828625899923
