0.940249939001396
0.908183495517424
0.895131478042877
0.879753048675452
0.992431975951735
1.00497600216596
1.06121602289547
0.997556650073387
1.07416740604036
1.14211568977816
1.12410260612786
1.08331935377592
1.11484109158429
1.13667428862571
1.05187287668665
1.02359233766762
0.947312744687916
0.865485922837807
0.837055463906069
0.846361154973199
0.750713595192571
0.651266067152535
0.803501732371439
0.827132917267818
0.711387948568424
0.650208629777169
0.699217557733092
0.708960104606259
0.704129609570983
0.70629913728978
0.617670950957718
