0.553921853902312
0.479875717556598
0.586712719604866
0.499706365552293
0.4555422319216
0.267443364637466
0.295257175167189
0.352643523713453
0.346769520815269
0.426873905805678
0.184884618630439
0.304682972131104
0.35267656003491
0.286918743191222
0.281554027557308
0.145589858809421
0.0398384305182844
0.0981205199379474
0.0887176263146102
0.139793757768348
0.0747879836242646
0.176660019624978
0.189803972840309
0.256649732682854
0.164104603277519
0.20976072305883
0.156383027351226
0.221872380701825
0.258695231284946
0.23136775922349
0.375296571574568
