0.554019281709229
0.607338337342848
0.738584577314218
0.878728277444502
0.926265149089228
0.672819444481935
0.58466984591512
0.479434588030632
0.500755154705327
0.624380111313145
0.676650704760756
0.789332848692244
0.696731628908944
0.645836100879293
0.791848851575447
0.834435521460069
0.907828126496567
0.942467821690185
1.02721720142731
0.970133661576298
0.954056820842966
0.986471946501701
0.749403702559921
0.710911895240697
0.755937665886285
0.788787901404326
0.755561618416583
0.587160997980287
0.714634283681413
0.593175623661851
0.499639681682934
