0.214272149663711
0.114167517667928
0.190382697537834
0.29652920996145
0.26061337885753
0.186369306196726
0.298615849738276
0.184079507340944
0.19900361404129
0.223452020643424
0.103140070196241
0.155715419538319
0.212801666930318
0.240157462144271
0.299592439131811
0.279776269149185
0.294058703722582
0.519823352059499
0.464570251338334
0.619667740443872
0.504482982771621
0.560425358077661
0.394086017457918
0.21128068398513
0.171400996451472
0.0931932271458209
0.137020641006529
0.292892475612462
0.308861463394492
0.304378451221644
0.262559130191665
