0.436965241167235
0.505748350895482
0.449934594636323
0.389158935961785
0.560993693420204
0.597318287776323
0.78845743595204
0.835174464856078
0.804380297477161
0.748184909115349
0.828185610801717
0.8621045185279
0.791839026429494
0.683952942897653
0.689466114237061
0.733611723302951
0.575728040595626
0.630963823839178
0.587632295346979
0.774654183021907
0.834185901048754
0.81622622910355
0.83757068448168
0.881436780452996
0.910551106728881
0.837347031882301
0.905893442375937
0.844102181703694
0.650818493566386
0.628396278689526
0.635558654530242
