0.610593483333173
0.777086208450305
0.715577721717953
0.811930620400388
0.740561199709926
0.740874342397008
0.826520358640853
0.98148138323814
0.740877820374597
0.952383920606378
0.735229493454251
0.620114615429345
0.689789662883635
0.549719006889085
0.623600458022724
0.585277760861958
0.399569038389767
0.312195439944711
0.219009638753557
0.292888073566208
0.286906072254131
0.243749376050035
0.152198320108597
0.266770251880531
0.203828094861197
0.158715648453478
0.106921006366611
0.175648712133989
0.251150391157717
0.33959204829298
0.333879945157099
