0.960511652202935
0.883536337464706
0.865893882754848
0.722595335226164
0.664161261137909
0.689675057459956
0.615185317907792
0.686834706178245
0.582231464120965
0.591879840021026
0.51631266499218
0.491257976566445
0.369160374079835
0.446961805748757
0.42960116622318
0.403454609273937
0.261416005066466
0.333216718586963
0.306113050747485
0.29553757220477
0.172945123575331
0.135119920638075
0.0488324068486691
0.124813278239697
0.268918006156117
0.447495985437662
0.43713598962519
0.28511562858354
0.358319232608034
0.506331328856601
0.51012150351408
