0.404642316215161
0.457825420406136
0.612379567853729
0.534447041868786
0.633218559359755
0.446100395701449
0.186572104243185
0.41663060432076
0.549211536131422
0.445741446891422
0.580037548036869
0.385890024637426
0.417848596691708
0.164567763188477
0.359890118769924
0.320235982181127
0.301378695822875
0.427148284639786
0.44468060691617
0.304246243312377
0.37690221661644
0.435895296966613
0.521357800482569
0.438008896351589
0.271214631941897
0.311608193609629
0.405109448479698
0.467150555532635
0.602765426834499
0.75734287649711
0.929794076134836
