0.61719168026553
0.598243888019667
0.504600975493983
0.428445237985895
0.43263910838318
0.290675119048999
0.397178103140638
0.257331117493183
0.206234183599324
0.356548793072895
0.466122540150852
0.637606531352819
0.647400150884957
0.72088342995298
0.872054126736791
0.799417068128557
0.804365126107902
0.75771032350053
0.57757093684663
0.649774389592082
0.706362491956995
0.501357112283901
0.339647621725768
0.454524154839188
0.633079088171095
0.473512187152252
0.634009724593804
0.708180129738738
0.71798133137431
0.718696008899994
0.880268087608553
