0.359923272791333
0.492899683562122
0.361219099142603
0.346783177766032
0.330364706915835
0.347835169675792
0.175416465931604
0.266287044844622
0.424247648370484
0.329079238641108
0.242845867331171
0.298274833484109
0.510769286899384
0.355047444168966
0.431926847303774
0.369378433058526
0.285248033212017
0.323603863058131
0.29720808333067
0.386790420998699
0.407412181560761
0.352701077329806
0.396105799031324
0.383740087178416
0.343439786507628
0.537052401200748
0.63453507684066
0.667915339534051
0.684794127491502
0.661816433693482
0.714169145474105
