0.418570489579049
0.587750210103748
0.425581481590105
0.402242713843641
0.27117483550979
0.222632046852607
0.361534020839553
0.254951166839007
0.128877251234505
0.120730092667643
0.134183886181563
0.235674394480884
0.12569682514295
0.207016791763705
0.182278645631847
0.204115789371533
0.125222213461054
0.304222739290485
0.256746529636944
0.256526315711198
0.130607056138796
0.195220394646462
0.242453367989224
0.194977460036714
0.0868593147291875
0.20088255403443
0.151843919910949
0.32417439229646
0.49327848304854
0.422860311883029
0.640249369273421
