0.787151386537454
0.842171755009196
0.698631929787672
0.80423247841639
0.623485660361923
0.637206330005876
0.710679943715087
0.601290679299138
0.663785155205853
0.466008752783918
0.585270930979558
0.56069053729453
0.543569499712953
0.623694112889984
0.39269942095741
0.433171250725896
0.646153341521309
0.858769315023706
0.841526532972963
0.860454487110288
0.78136427874689
0.699999123970168
0.820952301956834
0.685297968877463
0.79297313584591
0.785588785741652
0.739694018071692
0.620278167460288
0.493270339785318
0.634805538240994
0.532568711755971
