0.407718077027605
0.433897770580578
0.424494651599664
0.536597659426618
0.390315598004375
0.456088194425095
0.671028910378803
0.700601101607893
0.772691973271635
0.679036133476389
0.688093256457564
0.523135872390908
0.60237991178487
0.551697011497659
0.633403539071647
0.75945467336182
0.7064688043863
0.844857516298858
0.853514120141831
0.93839199353222
0.831834510903221
0.668496158722204
0.668019165148375
0.711301150315788
0.57183039226288
0.616783847014401
0.731387033180315
0.618192003021929
0.416895311611686
0.480544071770505
0.546522336905122
