0.154492114225254
0.251412183532343
0.419993439849318
0.456664548351992
0.469022194951404
0.60737555493005
0.421086084613208
0.287874311212082
0.249684546611835
0.12167341332287
0.192108512343839
0.252365535963327
0.218583182381433
0.221201017914307
0.295413712889487
0.106390823295871
0.0264815838541836
0.112939036637545
0.130195362726226
0.120239332783967
0.179692110326141
0.174210230074823
0.273281075665727
0.355044091818854
0.251649011951251
0.228358348764041
0.44773721255132
0.402491906543756
0.474413086965242
0.359765987636084
0.21327054120936
