0.528404690253464
0.518491018026052
0.473690748481102
0.450999610139861
0.484810414251149
0.286436666773841
0.380752394294576
0.452406114518852
0.484691035134927
0.295100730464072
0.295411320395977
0.257470343068451
0.319321303108916
0.273004292189825
0.271074498263869
0.327009854568884
0.467807051968545
0.507214153940573
0.574171257355034
0.50833347017017
0.396578288134903
0.27382851844725
0.344870710522651
0.47028251510185
0.545602920285249
0.432508706866586
0.442782478660264
0.445928952444264
0.525154157888063
0.536765623532155
0.677168508127251
