0.534241239640745
0.533815646737697
0.611849557988229
0.469768166502821
0.662981064392137
0.804485438945358
0.779454350280231
0.830997996911993
0.729490208853623
0.645050567942327
0.682203707885584
0.837599876378318
0.922436511232173
0.79121348477508
0.739605574324533
0.693557689726158
0.774013421512946
0.678130373932227
0.610277335039434
0.817875907170681
0.813797161887494
0.899655022771192
0.698073914992718
0.718901029155684
0.660699750921783
0.80681955308756
0.875578199206946
0.896508757662578
0.910854671229227
0.788547062207563
0.853871805299623
