0.663669119637415
0.720784346854269
0.779692720577076
0.713699025383174
0.638130162611559
0.510483741715505
0.567620796758637
0.73376797517012
0.657405587147876
0.732269029460802
0.504123350048392
0.274017240527972
0.348749855209097
0.476714493196412
0.675611397020473
0.715804501578166
0.732646990615829
0.800617192920252
0.832891498088791
0.845851317342451
0.808644941224192
0.723787481578474
0.71044890406396
0.71882978743728
0.708407107096573
0.818885549398546
0.711094897294824
0.612296005718817
0.677888892040064
0.742184486359923
0.613904239310516
