0.958142031159733
0.888230304316167
0.675459858671311
0.636210452009473
0.686685056042407
0.671886256559301
0.689558625676219
0.813219633967165
0.929607107060511
0.991031641327195
0.802315313043423
0.735397969885355
0.642124150274878
0.690797130903786
0.718443880940817
0.468804384128221
0.412516965729214
0.563683510537289
0.700637125236012
0.557671101729545
0.498860674177456
0.477618517443425
0.535456854240856
0.605353450957573
0.547556555500142
0.434990850971899
0.466172758206613
0.48565499018494
0.508310861835144
0.609209676781557
0.604171370757631
