0.440535528630135
0.426914179090527
0.359644227416111
0.298536338831154
0.227711968350156
0.333654221699505
0.180549754820189
0.371643920767478
0.399592757190934
0.292045311130009
0.377701571443336
0.526339099881457
0.646380080794202
0.54785357918519
0.452343090809168
0.437422326578976
0.401141545158628
0.469455491733554
0.485462724865231
0.478963598591092
0.521105307299207
0.589215965667303
0.595890269666474
0.454084420663902
0.478443369270929
0.48749430272884
0.330031067843531
0.270892418067907
0.295359212965455
0.280816890732135
0.300331642005663
