0.416576655865275
0.409574076304772
0.563497258773633
0.58848507102076
0.576793137150445
0.519581301654317
0.690441805687361
0.764285282562115
0.865163029362076
0.819481513886341
0.742794151655026
0.806255102953502
0.69873922747057
0.535265972886167
0.394458644138069
0.462607877980338
0.634399494725137
0.590641813642203
0.347755782828524
0.337275941214382
0.169746578141001
0.228768434963074
0.270929040835124
0.329456365602907
0.406688543065336
0.542723288291121
0.529134852622622
0.559570803909549
0.532711610008949
0.705447364875102
0.667413866470555
