0.646042487376747
0.737834269998042
0.548927175511984
0.662730089126837
0.679662239801821
0.728640972264844
0.693297751294766
0.566022881679554
0.521131747542266
0.440824048687089
0.416927235061619
0.309591855202187
0.638830447290409
0.612146599218566
0.663906172802989
0.68160652524294
0.612766409492731
0.53905450637886
0.574829618972406
0.582922401054276
0.59312291690938
0.565018886801301
0.485043290125651
0.33795480728939
0.470288385924397
0.2572263630186
0.358729584802387
0.400862359263448
0.533606268194018
0.485624570547117
0.400619123977123
