0.476105582848093
0.54199019884122
0.49531808578772
0.362570878112591
0.395470128528676
0.297311784507609
0.50248237177161
0.418729657301581
0.529554567573494
0.388541780266813
0.507194088347158
0.419981838989905
0.450451101776114
0.336165487853712
0.482833187369532
0.491249926615409
0.412645515793837
0.466807973798266
0.376800813939324
0.443395125441155
0.569716930756247
0.626968988165161
0.398645909637115
0.476928213465861
0.443958073690964
0.330062126391066
0.342641094815416
0.424364159185869
0.481068801058874
0.64363311274764
0.7228021268439
