0.430803513379214
0.499004636929748
0.473373696246562
0.664382895539892
0.404475593931419
0.460430169990604
0.343071187939812
0.264741780469511
0.366495203180556
0.418917063856815
0.389799406053816
0.389908560877983
0.300311682932396
0.489800966997017
0.489101246457512
0.521285732502083
0.427232206512208
0.398827542031149
0.571390431087429
0.648869341837208
0.6616714784335
0.586639234090189
0.491944276235667
0.484465189437982
0.561626367291105
0.473274986233231
0.407662534280868
0.422036158041052
0.576925850314043
0.546389898917593
0.456162635729603
