0.535919212854741
0.625872044896049
0.665573384451953
0.567795136188782
0.67762364204011
0.595422623529724
0.592800491898946
0.652838208451999
0.65736217803335
0.749376409752427
0.775927641272579
0.911986169435118
0.880459399830584
0.858177193237503
0.930354075303336
1.03923437835838
0.852094276186113
0.768372969112067
0.816780070463835
0.856211126518144
0.855555025550245
0.680784347855194
0.635058254345028
0.605387645602866
0.407290770687802
0.467368941723077
0.435652128296612
0.434264570443599
0.469805591196461
0.681252829513221
0.76007484893006
