0.681762632475397
0.72956590929923
0.60215968781074
0.803640700997016
0.77286657982429
0.669275414086109
0.699172603966081
0.883139286359776
0.723511169228707
0.813959909963483
0.740069495921085
0.854139663964521
0.860612036942884
0.782335952582137
0.636711660778449
0.621965227188841
0.533077022346035
0.561931517854035
0.788112925173416
0.71213812590487
0.962380881466937
1.03032047375382
0.888309819663843
0.853990652313251
0.721702128737558
0.56897493475747
0.359127784530686
0.472289402272243
0.481569508990789
0.489242635403344
0.408434993602851
