0.84468713041221
0.807652756728355
0.836536106810097
0.713192812649656
0.716849398024503
0.62365136269306
0.50530785384414
0.601388180598739
0.621975745510433
0.620195001826988
0.591183227437915
0.717389228565053
0.569855913796829
0.398052815345482
0.390921099760936
0.276585231067048
0.405662870264978
0.465177934102149
0.233565622472571
0.26810510135013
0.491895849348412
0.448960991434188
0.430512207953848
0.446030195539717
0.651021368190697
0.691757022304512
0.526466798031754
0.507946662133611
0.51371733406005
0.609302683262206
0.509028748184494
