0.730048290941258
0.727002562956753
0.615726999743144
0.466134420586983
0.44329570400552
0.480129964626084
0.507884825835626
0.319398890039574
0.301497934603628
0.431577470743593
0.432964441583988
0.587470313937899
0.51783953000189
0.54153965300278
0.514915335954663
0.505003718178284
0.528274375650493
0.460742244845337
0.586201496491289
0.630836396547115
0.442175992554134
0.56970056744673
0.325568264745256
0.35629048191487
0.456395079684548
0.568181269080482
0.645893233246274
0.707083662669278
0.508879629871912
0.585514927388275
0.456149835524256
