0.391055581360324
0.410504202558859
0.395721369809671
0.57339744546005
0.656289205621197
0.635130286230906
0.7101474409599
0.602570004263162
0.616751241604998
0.860211835256978
0.733733409162689
0.884531967047681
0.922256739236493
0.937794829234625
0.847690896112616
0.910466952696587
0.925745726358289
0.955694860620568
0.97480273724548
0.905803725337753
0.870037947716335
0.923875846734576
0.82094819021628
0.96658707606342
0.934095745221678
0.920164114483598
1.03231361231421
0.8190950415856
0.8179736336055
0.880415072379838
0.933045341814141
