0.42433232130451
0.385461860159094
0.243054596343691
0.226331989289874
0.229339618570784
0.195096532255411
0.392015892127529
0.380546235386282
0.211364323692396
0.136794418096542
0.219153060391545
0.132393136946484
0.163213356335645
0.275871429492192
0.381265550984473
0.361101723827825
0.545925879052312
0.429900298449506
0.376668910910671
0.44770508063521
0.464751727176194
0.461653667125215
0.515140562686433
0.759094805613785
0.782989912870034
0.836863097752138
0.769630174263074
0.705127960274621
0.573243288014709
0.478411303897082
0.563332574785381
