0.741223695124944
0.641209326726829
0.547324117139952
0.530727289437355
0.646304400877135
0.700988802553193
0.727703395161985
0.623992702786087
0.499989696081935
0.283228466149627
0.260158512650265
0.2270015061388
0.217369218545242
0.202688156989598
0.362841780659937
0.344215062483408
0.233062718426072
0.400497794839748
0.455718444249178
0.531755244646738
0.51386333169281
0.455572585629816
0.380723076461399
0.24703789644511
0.318953340012669
0.479405382998376
0.509529069517957
0.665754299503969
0.738109366488861
0.820881725092615
0.841564748333033
