0.0620368173048161
0.164141298318282
0.0230519061442465
0.251968299830332
0.493190403608605
0.600150567712262
0.613377219904214
0.616960611425921
0.644722500628441
0.641974769977005
0.713602068067612
0.728282450723546
0.880057748432355
0.836925736748194
0.706176055325309
0.96784867244784
1.01502158823435
0.946586381457864
0.997958777332797
1.0326753486327
1.09825600762516
1.13071219675133
1.01480450336371
0.797304661749095
0.627996230675072
0.615475339386777
0.617895400375292
0.803536164006383
0.885500878801833
0.918239888277169
0.85327526960362
