0.528951216562071
0.463376783978546
0.36706937726436
0.362240800287926
0.421525596294904
0.392618291711786
0.298887071717224
0.195028060819647
0.106334714457086
0.051561330864206
0.318076986633241
0.384174218401313
0.397349822567776
0.438281626300886
0.179441819852218
0.144170351691635
0.224522897740826
0.163396682357416
0.262569824466482
0.25712374150753
0.181224068051629
0.193411357980222
0.394479259895161
0.447109653145704
0.383948932538439
0.413275139077265
0.413580354532856
0.474844877596861
0.504840234050443
0.538438731746664
0.398543761100536
