0.470886352610193
0.460450072454476
0.582126050915757
0.365575925053784
0.463822646511474
0.403824576528498
0.448090282900014
0.441831048417591
0.404215280551218
0.497139040947155
0.297563259916575
0.300253459306628
0.0909760206006467
0.0162308026570827
0.0422031443566084
0.138259055626209
0.104384253660779
0.174164404228892
0.195228902297094
0.273987525096163
0.430224288022146
0.492973751202226
0.390879055298865
0.484116814238951
0.524181571975351
0.537134848299476
0.53490971983135
0.697698675750233
0.733635399772264
0.92463871012669
0.879483249211114
