0.680262958468318
0.785773915308908
0.722436608670465
0.731538967898301
0.51486668262463
0.553592700062505
0.520238298194668
0.42027288425546
0.371427507110125
0.457684485864079
0.566509795205853
0.440999942476115
0.447894462634063
0.410567196242696
0.246069541386056
0.303905440446648
0.354293807315368
0.335223024523545
0.44147384529813
0.484620304404486
0.520527289434064
0.418496311408195
0.484493070467103
0.486445392061684
0.737005151760492
0.664752403520245
0.614233368369016
0.697599958501953
0.837611747526961
0.85547438202745
0.853331929392579
