0.455625170060698
0.407060337356557
0.393112538625751
0.535971339010898
0.567286019317139
0.553766376768503
0.501846072647054
0.504592400054712
0.64195762571067
0.582895080662597
0.671559719228069
0.452483581284876
0.50338060539111
0.564701590825687
0.337657335492666
0.503291629765998
0.628139574498753
0.575027264374192
0.554921457356657
0.78440831312805
0.618847635759856
0.535186737914453
0.437246558767627
0.571077949506114
0.662692830038443
0.677441460524872
0.725174000325799
0.756493370632827
0.818511346426978
0.880455660379677
0.815245974461734
