0.275064396054918
0.316116313033415
0.209872906564412
0.0644088128606358
0.170070889545605
0.241038953326643
0.411729426728562
0.582786613376811
0.499237766396254
0.497509002778679
0.343817465333268
0.34783039377071
0.492564500076696
0.639836526662111
0.672180423792451
0.642214656621217
0.667398233199492
0.420065945200622
0.497272976441309
0.420963524375111
0.480533412564545
0.514366120286285
0.33105710197322
0.247438269396746
0.226092511424297
0.33522204208138
0.299086619689563
0.38490623273837
0.395751299764463
0.420950023931885
0.51609709906342
