0.719489467184137
0.715882917114787
0.741473519656129
0.795680862239815
0.802809289976277
0.673743057803505
0.406374029389836
0.49639914715036
0.661984413343735
0.679236347780817
0.70579946263998
0.583137966453351
0.418928861658343
0.240030199702152
0.212337282060899
0.437399289052256
0.317870159114965
0.284183760493316
0.157629757769582
0.462803286895332
0.495248403702108
0.394390313163576
0.389459727959884
0.425318696418953
0.515368566172374
0.592900025448007
0.640471355872405
0.757519522285265
0.619810712173757
0.511329051548791
0.425409465538514
