0.483804386421894
0.541852046768968
0.589915372231831
0.513190499028047
0.625031345929807
0.750168749071514
0.582424848606666
0.387580902768155
0.42898229205594
0.54036087001287
0.562322458425393
0.506754314513733
0.414336454715436
0.598117342671236
0.43206763890185
0.469731352977311
0.51673157744654
0.401553305318435
0.580034582443391
0.658792703916025
0.728719518697527
0.848119931892198
0.735385010221943
0.767105709437553
0.625587848336038
0.768048925413352
0.962565573253271
0.954246042896595
1.07298237919085
1.0538549450247
0.913183071024465
