0.591741785537764
0.522704557599812
0.583143816758888
0.607960342067303
0.585913355472507
0.713550332152294
0.894323725915523
0.912472449486153
0.829383396658557
0.68006348763473
0.767350383707058
0.676736898253408
0.620665198994662
0.651270103745024
0.585933844802762
0.489280227629329
0.650506087729569
0.828748221365732
0.692051029726275
0.680468447608285
0.676519615910359
0.650697199683048
0.589988161445938
0.670456018167891
0.733625266895008
0.847758534402273
0.751884925496451
0.681157828160248
0.783062454490609
0.811182377944387
0.697869082065917
