0.755255392992395
0.624164582190561
0.454134925196392
0.506929805569796
0.578085910503266
0.770353245150743
0.868498590376673
0.710461634651272
0.708118976021631
0.651738942807986
0.535036698237507
0.48800371323943
0.525079860931708
0.743179919731317
0.745051574448569
0.566146772934569
0.574045540262341
0.5999364853933
0.63362211453538
0.409397155966569
0.408185637032572
0.499483268883039
0.393521780136932
0.551249439630617
0.468947005772922
0.388565832830925
0.445562494346042
0.348320210746559
0.545431001226487
0.442316954929149
0.463571493068478
