0.994551265466524
0.908513073352071
1.04416200221227
0.991759947460976
0.963326768210989
0.897111132421431
0.924851562258538
1.04018298661218
0.828356904805388
0.693399183581334
0.656880719157618
0.630280507717964
0.584062468808827
0.52200432809883
0.689301251190465
0.780053658866074
0.651023195832975
0.38824021705427
0.526053101345904
0.425875931060565
0.436586612802622
0.417203369005275
0.373149787877703
0.399050243767926
0.603262075093591
0.762770127748155
0.654725997551061
0.567934416682176
0.551368482346363
0.482320656236909
0.301054295413844
