0.762661580915494
0.728762354772448
0.852437127405688
0.713885561354163
0.735989210731986
0.683532599243971
0.680672977795529
0.589636040130335
0.542652713526882
0.586554595800959
0.623986004033037
0.623811641867183
0.556197406650431
0.70482079761187
0.527114066035397
0.52262317796322
0.378319809512146
0.590561747011639
0.529383816077284
0.239923032327968
0.299904510659579
0.274924496562633
0.325153179747465
0.513509092347933
0.357445384290305
0.623530132144926
0.701166451031578
0.675762453776089
0.52340247627185
0.470173053590817
0.424711312035335
