0.560598581955883
0.498444399909231
0.341535072141442
0.404536510511416
0.332102631657499
0.259963735636894
0.234487359762762
0.156510306034807
0.0537968373173959
0.246924642054364
0.411904248595238
0.395319160120562
0.489094116725028
0.696441122260278
0.66840070804987
0.578860075375399
0.775060149863696
0.664873721054158
0.597413763799107
0.495818228353254
0.296833296478234
0.224902084270745
0.173930475522085
0.387884608363985
0.49904221136707
0.570513782987669
0.67265296095267
0.703407510807122
0.653916985231471
0.423574221615699
0.493654679522869
