0.329713843490793
0.369218999108164
0.3967406764234
0.307248204953293
0.264214294550265
0.195120267449073
0.237206012774385
0.158609033580996
0.306557144289962
0.303945107963062
0.364590902412436
0.37462887072017
0.388530430216468
0.517516550319372
0.509696764210341
0.603327918462558
0.6685314065219
0.826088411863996
0.728617036268251
0.694373243600266
0.639732792107524
0.613238503709571
0.755357708009096
0.757753457659991
0.629240742344545
0.798452721508356
0.653828984890269
0.715345638389133
0.696663168728717
0.489455236871161
0.531879774624847
