0.809366745732459
0.729071688929307
0.467978603111315
0.452032212398681
0.443295253485176
0.386755166492062
0.439470647378461
0.480344986366676
0.608384918384822
0.780016603470417
0.739554642337011
0.695756285414667
0.723159956662552
0.494837620957391
0.410892237267093
0.672908835169496
0.5809976514062
0.680662182868095
0.760881323330672
0.674982617712216
0.56052714792137
0.693178198757453
0.681552150883584
0.687616048372222
0.727940558354242
0.819649134698449
0.875767395120237
0.735108040586237
0.811981246048708
0.904228212075529
0.908783399775845
