0.921783039039741
0.881757466851899
0.8952207647573
0.904706845277155
0.932752933570349
0.958468118620271
1.12168807974347
1.03407789831096
1.13098035491178
1.03853120180373
1.01126292595088
0.819015201557495
0.898062241326195
1.00881223491198
0.692018909508278
0.688431258069267
0.70757043202213
0.710618181049739
0.890061768878167
0.825045181753029
0.881603586429645
0.847049117542719
0.579063413094645
0.636066248890324
0.622956732793185
0.709564147044378
0.605555827163565
0.606666209215704
0.522850675501335
0.337680051701549
0.421811022043633
