0.576920260391193
0.588340352657246
0.346184185515153
0.286049775076093
0.309846033430653
0.190409977118122
0.101115337143289
0.067504343111068
0.0159195304848254
0.162744740054532
0.300898953278139
0.489340271737947
0.350353702234625
0.338259965165108
0.356522345480099
0.433469211340472
0.583447393386214
0.501519665012657
0.266918585759177
0.200421545964256
0.238441590762287
0.180080580182895
0.375764399108342
0.523790774394624
0.584706168102897
0.665316190331108
0.517246242466248
0.535053281432815
0.655200679501921
0.729614167794988
0.731152382953495
