0.705131937972378
0.720805227431987
0.623102701317106
0.82896517701592
0.918735657028441
0.940001697632661
0.903820631773387
0.984805774436509
0.799960401805644
0.735091247188454
0.882907003129427
0.86688629372832
0.758806561844839
0.771192872969849
0.676407029739065
0.686928304870097
0.661731040708037
0.536124017459588
0.550016113833772
0.656603803931023
0.919191388532738
1.06260075711481
0.78805591806605
0.651534746334176
0.787582721540923
0.749622595941867
0.739085109167089
0.707911815502037
0.748363450456699
0.70724965716589
0.729383978209158
