0.524839643020467
0.607838843301223
0.618723319294938
0.601268085476613
0.678239085723317
0.714448991289964
0.551115232764414
0.415643000335103
0.393261512054732
0.308481799636638
0.309892927121973
0.180262865044779
0.223389698914354
0.127472591796061
0.181237600324675
0.204939034441486
0.191303888708353
0.183016534661874
0.165600323770195
0.228723626387425
0.211812043785237
0.282477953461118
0.540336953605644
0.284442626022853
0.374669359707392
0.34170429748161
0.36609721837508
0.557397994510256
0.658631062479116
0.669838737295367
0.672125741019272
