0.421531692727458
0.51188619534342
0.356563169945464
0.245472490292475
0.272941808694361
0.298582124549077
0.308330557156923
0.304062322747531
0.361934126528549
0.101984786835137
0.109677654674071
0.171668460831723
0.31162467944131
0.213799688785083
0.389093369251794
0.22770012734153
0.144176060246981
0.281462029653347
0.316811290038982
0.315025431737536
0.3562916977065
0.488560626256684
0.659811576429227
0.726088501765797
0.601128630635585
0.609334687811579
0.60253147531047
0.43344025664709
0.510675011218781
0.694931727431039
0.753211220323364
