0
0.0201743619982153
0.114271122356877
0.239336640387774
0.263643234371347
0.314718530102772
0.328461615004716
0.346733008380187
0.267395743782771
0.272075952267753
0.40381199488979
0.445906628711188
0.567834241684565
0.537390579093287
0.617506474997887
0.587661243726707
0.417164321896599
0.457140191147174
0.400227070987295
0.452870392115857
0.550911064181547
0.601057432839717
0.490579990591924
0.567483625250008
0.569022331118461
0.564308991387364
0.368099121055359
0.332396356675709
0.410097292818064
0.441487343942682
0.365250352536554
