1.15
1.14307146791885
1.11777561211954
0.986534226629893
0.923735345000789
0.940366691302559
0.999090741619519
0.854722692117146
0.723146070398441
0.731093194240755
0.787393519086523
0.751125365113599
0.755302631659193
0.681282875770463
0.786559853367267
0.855062936243797
0.921932850263277
0.826694999958584
0.605506801509494
0.513577396280328
0.371140120315561
0.39743631090709
0.444780863912041
0.364255910010778
0.315657650463052
0.406330622469775
0.520844586396359
0.469758754426383
0.475636279114032
0.495194809740851
0.593967520721698
