0.811594315355438
0.804453138023759
0.688031197752948
0.664295857301126
0.672036204248811
0.663922179671148
0.653849697433556
0.724392677372466
0.732875416934634
0.67138241328686
0.780152733292575
0.722135446970977
0.737969317897849
0.762927965219759
0.714297343855445
0.578618052713294
0.461465238053073
0.639670583251585
0.650523465797027
0.568691640551855
0.546627925960069
0.653864461527859
0.470711677213852
0.410671129515116
0.410205078469311
0.425265863230173
0.426221080547827
0.368353173280763
0.572510795532422
0.468054144368204
0.556701616202178
