0.613252359454738
0.581062542007523
0.535272053268956
0.423466831970247
0.455995649763601
0.434869583801584
0.30882774201523
0.412943950773435
0.405567448691683
0.495569483622195
0.371046522296212
0.38202375860967
0.493390863883199
0.539383195509093
0.503144249767887
0.625129833939376
0.684308364643606
0.75084207926959
0.73805381961249
0.756190280272516
0.738534172839376
0.54025525244035
0.404558302164899
0.438067811057793
0.37788936992258
0.569616365880596
0.487806450092124
0.437454257375451
0.442601796035545
0.499672198929714
0.51365873062134
