0
0.0124976206570864
0.385681872535497
0.159194115269929
0.276317661401263
0.256612785166508
0.338424684998026
0.438157578889659
0.32171108415947
0.326287298748648
0.290524518868333
0.422077834239608
0.390872810693836
0.358200881474344
0.375568366842145
0.483232314465368
0.469890429405296
0.522623086953336
0.692113631451303
0.757714367564568
0.696975814583699
0.791117758476163
0.826311852955235
0.840942377257136
0.776373150977282
0.769301973269297
0.760534907071827
0.646930952914966
0.729333058497844
0.722999273525441
0.748035078547785
