0.414760457398782
0.423833948374207
0.38501159148332
0.357515708962867
0.332879922958503
0.375832398515607
0.505948647577728
0.540155178402031
0.501975929737503
0.497500352468754
0.58713235431392
0.525345784938375
0.472034220491017
0.584995041275809
0.749385413621033
0.809932048386375
0.759656969132314
0.800738582434545
0.730968200928013
0.685183595959179
0.658382623037405
0.810500651119841
0.613238566542608
0.671854191447241
0.797379147621436
0.659189897981758
0.771448728485669
0.942963320216742
0.939045076908868
1.03129877154562
0.956488706356239
