0.746714747062358
0.737865366338226
0.706552324801505
0.685013614372805
0.505726206499607
0.800067495751649
0.61196088316989
0.516699895739079
0.444181315006212
0.442554488136888
0.643361691629037
0.761212653204541
0.868227308200415
0.735204905042167
0.773706555884449
0.663646530086292
0.512417274160428
0.542255477566389
0.54567995332752
0.406634824076785
0.36193717620906
0.344080069480581
0.309114175373521
0.306376696844732
0.422332984349837
0.452015914254558
0.386979302087706
0.512615878203791
0.592110595269036
0.511743010323402
0.342655428986904
