0.421012897722557
0.468594177186623
0.496881707644224
0.521919747002556
0.59997335730879
0.528437234301254
0.531423502162232
0.619573807276919
0.679129133353144
0.529673870446294
0.339279167939111
0.403594530632853
0.50624081760472
0.45888008943586
0.430129048207908
0.366218218559533
0.268178513346373
0.488551455343276
0.350956622956454
0.390666307120293
0.519364732269969
0.455127538925808
0.550388052266862
0.694328328826305
0.698451183129873
0.644586277752023
0.529594068647202
0.630301506294856
0.562327399327056
0.601465696551473
0.642647341814459
