0.597368646845953
0.605954002553378
0.563741664832239
0.6032790468396
0.67298850015228
0.572209019758304
0.376819038982068
0.530430667041366
0.528596286890567
0.266655721045569
0.485406202446208
0.408673119121701
0.588925631304624
0.428162802855836
0.226893171861189
0.325730928319859
0.339550610964539
0.389998685435744
0.469764899655598
0.426050651918518
0.260998337443339
0.274265305178857
0.309459817495814
0.269186140908159
0.204512086961649
0.282284564603351
0.224741612313546
0.233622242216252
0.284743042547725
0.321495015431665
0.377760468261786
