0.515374986650143
0.527137824296672
0.439818079406116
0.507224393560337
0.490410203085067
0.509372453129636
0.581729393842416
0.512246394361155
0.572768262558403
0.585653040901544
0.588047695736187
0.582728819799395
0.773926099593537
0.801730579620944
0.872232128510969
0.802726840757551
0.862335208718836
0.900141274425372
0.825355182224124
0.847230204017072
0.769288929186003
0.701896921738223
0.671353772801519
0.726003470601959
0.655423319763018
0.720805301195456
0.735199473615839
0.755433571362309
0.813086710381694
0.684357293206639
0.733917633002065
