0.541653887020725
0.548457310233566
0.56471408994526
0.413286912326071
0.487500091480392
0.389124926204163
0.415122390083925
0.245974452059672
0.2342885067926
0.186304197856898
0.447084711702282
0.30435828554977
0.382916146075095
0.324374876707534
0.540263762674967
0.275429591560478
0.276095107640813
0.238627272076646
0.159179955465461
0.305820749491195
0.532324999594803
0.451815723139534
0.509292484145353
0.690961942286904
0.598478931771333
0.612387977657581
0.393024573405946
0.36806574717697
0.276804895257319
0.304315772676582
0.344887217391024
