0.513525628937939
0.490551467344493
0.558171375852407
0.778890183113844
1.00907452573288
0.992169898480722
1.03623447061489
1.11728068897208
1.05981978890996
1.11652930694825
0.855989400802248
0.797408809669875
0.86816434065681
0.774401683098957
0.753054214286938
0.734261872032046
0.638492383029288
0.6819779622033
0.597935248705125
0.532754311178377
0.501894501173394
0.657289176616343
0.71552000565842
0.582059446521255
0.55592963708021
0.662562338574009
0.523927295727438
0.696813295881978
0.771477314278266
0.833117972042195
0.708768451267636
