0.0895158342303975
0.22745576414599
0.225407748924036
0.274293829429363
0.532768454750468
0.392740322205637
0.46665417088572
0.440544381946364
0.605944951273539
0.525991621682459
0.428238974238693
0.411806887813791
0.387267511670425
0.33398080389662
0.383298583754285
0.749509347096964
0.738544048206031
0.525943351793185
0.655732402463798
0.820594249272142
0.764731563140993
0.867481454721972
0.782326123099163
0.803235421319768
0.706803141058699
0.776303088096246
0.588578995446951
0.654995993440695
0.63966249535764
0.658759468057848
0.697891455199294
