0.443409094507069
0.469800616534621
0.427040730529163
0.139120605467517
0.0628543423908038
0.159296782966703
0.184078110242263
0.156000712250293
0.0478487202124007
0.156776091083884
0.179694592533633
0.225104728509891
0.217279873433945
0.258597215515983
0.414868824248624
0.570607639867303
0.531286709913475
0.686096529960123
0.503977889026937
0.464216747933845
0.432147329447637
0.271334877338107
0.418274002343263
0.335831130862082
0.253796051030825
0.319646775683235
0.295826543176393
0.407097578009437
0.333955082558076
0.323980975341701
0.321838019642509
