0.599350982899271
0.466386771662585
0.492010115594096
0.403589566186495
0.459726411238737
0.527962651750497
0.529283380705922
0.375339708721323
0.418578108877002
0.461188727442233
0.31746625263436
0.186784891003801
0.317184180824144
0.242459948930948
0.244377454707457
0.114189728267549
0.130290965270251
0.217580398218706
0.182302795397118
0.362575520942713
0.432908133638914
0.464212316403057
0.553020081052448
0.341476522188525
0.392151964625945
0.35986279475749
0.444805239031692
0.419422401611363
0.443591931352993
0.408617290884857
0.461212384915708
