0.46833315855428
0.44428260354861
0.385088246181378
0.512812461429977
0.537112476961458
0.523404825018489
0.490179111068839
0.59182703598007
0.48110172912083
0.622744054258735
0.581376978154228
0.417715108911441
0.452097705895946
0.388673524237172
0.704298329730452
0.591658685407535
0.568113750922427
0.61293006320943
0.58351093759288
0.648268483537183
0.693265188815937
0.518365765041606
0.439221134069916
0.324953864547964
0.269277299581425
0.284514374625267
0.184029584197274
0.181510561896435
0.157054552394843
0.215928856107022
0.37768111541922
