0.480110397510062
0.622252875653858
0.790193256264384
0.550073289073835
0.635365122178401
0.499545094086246
0.593949476857127
0.369359121745841
0.310154433356986
0.335079656582714
0.498821322521583
0.573743934505076
0.473581654433549
0.543198698195086
0.444718322664888
0.390121352614026
0.360100071077008
0.595908782063757
0.441204537349526
0.574455675800104
0.573424388413091
0.642781373756711
0.336411537873332
0.371289616255794
0.437406100370694
0.309943692144711
0.304393677162659
0.497717332868558
0.544093729165103
0.674613746097964
0.661398943309393
