0.403878931115946
0.494869747312372
0.526058034712082
0.362774457197269
0.446176860361924
0.500898789262032
0.399648812433337
0.327962519621109
0.306826550241337
0.38808459930476
0.384889709831962
0.331920965689981
0.509101818803513
0.490498301362434
0.471210077287445
0.385367742683584
0.37693041073143
0.484481290858085
0.461839745556781
0.584925619084234
0.625131820831293
0.439759848862732
0.647324188789198
0.601113676363448
0.588850230341623
0.56417876578852
0.563066906798477
0.54688959853109
0.547610054866784
0.447152515084856
0.330516103937663
