1.04414555150224
1.04096415436455
0.959476021115084
0.896343965033416
0.836751116995115
0.798286480825741
0.842664559042428
0.765641199558994
0.583304608654252
0.503415475035107
0.603263014782241
0.482366410404465
0.483506878087318
0.548796347429997
0.438197662014869
0.463774504218605
0.525812881192547
0.55636442348769
0.573109802822006
0.57350437737478
0.827441694805753
0.766693269688643
0.850749244182994
0.923945407193766
0.794976822374999
0.811768017563656
0.871577338821874
0.887695859832377
0.850732386670336
0.859648891763712
0.898822555636937
