1.1
0.564769004817741
0.533412142321743
0.550793346002108
0.556005186100338
0.581586112554945
0.541144162678927
0.52232846072421
0.533449980472837
0.524460066908565
0.530209428775194
0.498823321033961
0.509239466827836
0.546053422268937
0.503565239124814
0.531668510039103
0.513123625691649
0.580604332747375
0.557623856364211
0.550227402433237
0.551655135066649
0.562566192357015
0.528806898478054
0.564528827302252
0.541073791317083
0.595352675702901
0.564111853137306
0.554509161430763
0.591198953771823
0.568787106555733
0.588924439780485
