"Index"	"country"	"country_code"	"1950-1955"	"1955-1960"	"1960-1965"	"1965-1970"	"1970-1975"	"1975-1980"	"1980-1985"	"1985-1990"	"1990-1995"	"1995-2000"	"2000-2005"	"2005-2010"	"2010-2015"	"2015-2020"	"2020-2025"	"2025-2030"	"2030-2035"	"2035-2040"	"2040-2045"	"2045-2050"	"2050-2055"	"2055-2060"	"2060-2065"	"2065-2070"	"2070-2075"	"2075-2080"	"2080-2085"	"2085-2090"	"2090-2095"	"2095-2100"
1	"World"	900	46.67168353	48.51980257	49.35292064	55.05305284	56.58815612	58.69801989	59.85215028	61.47969876	62.21281104	63.08355085	64.27339923	65.70715313	67.09249998	68.1954853	69.17040744	70.09005327	70.95239544	71.75400302	72.51908797	73.24019319	73.92352093	74.57109283	75.18278134	75.77200311	76.34432948	76.89740189	77.43057129	77.95007044	78.46177885	78.96679788
2	"More developed regions"	901	63.35514431	65.4283479	66.59787941	67.09793706	67.61819414	68.30675738	69.07155997	70.28239985	70.18994484	70.98257276	71.88753273	73.41238501	74.61426425	75.60188915	76.48992314	77.28273563	77.98994998	78.65016424	79.28377205	79.90148386	80.52103208	81.13753658	81.74791833	82.34033975	82.92214884	83.48383639	84.03281052	84.55954959	85.0829265	85.59673449
3	"Less developed regions"	902	41.91773085	43.86159528	44.81524622	51.97504869	54.0114505	56.56038591	57.95138535	59.70972483	60.74463691	61.68880147	62.89933641	64.23857387	65.64488973	66.78314722	67.80243959	68.78261722	69.71030744	70.56986259	71.38790067	72.15626659	72.8796891	73.56146765	74.19981478	74.81087067	75.39902706	75.96197924	76.49900013	77.02024031	77.53205013	78.03690379
4	"Least developed countries"	941	36.49731578	38.67632908	40.6214193	42.59798907	40.29247951	45.92019445	47.81294698	49.22803582	49.7252832	51.54471851	53.72580312	55.85654728	57.63445465	59.21030772	60.65248724	62.06261733	63.41747515	64.71965627	65.94926387	67.10106991	68.17467715	69.18429658	70.12511116	71.00025029	71.82898811	72.61671455	73.35484561	74.05990666	74.74235589	75.39377289
5	"Other less developed countries"	934	42.73041376	44.63445194	45.47030419	53.44215856	56.31403422	58.36616238	59.74811529	61.60190374	62.83499933	63.74943877	64.85996869	66.10721647	67.48638763	68.59315664	69.5756975	70.50082728	71.35980634	72.14235673	72.88715982	73.58874507	74.25063691	74.87358797	75.4590287	76.02670322	76.57360937	77.09929336	77.60740744	78.1006523	78.58511895	79.0691871
6	"Less developed regions, excluding China"	948	40.82243202	43.75983854	46.48991974	49.04493734	50.57759104	53.78391903	55.25315194	57.14091271	58.32346336	59.43911303	60.92277352	62.39751925	64.00168644	65.28030992	66.42099809	67.50791137	68.5341195	69.48870841	70.38322574	71.21749305	71.9978978	72.734676	73.42417124	74.07423803	74.69797296	75.29585419	75.86827223	76.41695756	76.9520604	77.47694707
7	"Sub-Saharan Africa"	947	35.75724733	37.80147367	39.75407929	41.59308021	43.68595183	45.44508258	46.72445928	47.49644339	47.13496981	47.60642062	49.08593882	51.44967756	53.80391522	55.71730059	57.32557176	58.94022328	60.50469058	62.0029864	63.43616485	64.79667169	66.07215113	67.26524669	68.37674161	69.41073828	70.38240359	71.29909825	72.15721291	72.9712909	73.75182637	74.49505043
8	"Africa"	903	36.91364122	39.01586502	41.03536205	42.97338275	45.12782993	47.05363994	48.61801833	49.68105222	49.61889164	50.22689913	51.75179547	53.98976246	56.14074733	57.86622077	59.3226212	60.77967204	62.19152197	63.54772691	64.84593353	66.0802265	67.2392776	68.32719705	69.34274444	70.28882833	71.17843604	72.02317062	72.81850223	73.57624638	74.30601261	75.00335348
9	"Eastern Africa"	910	36.0611108	38.3892254	40.88170361	42.88669339	44.82389992	46.29542834	47.03472991	47.79269249	46.28171859	48.0350966	49.85455641	53.41847885	56.19238015	58.06200384	59.63088269	61.09640505	62.43775319	63.69664055	64.90213174	66.04922165	67.13070578	68.16239567	69.14355243	70.08043779	70.99581848	71.88401691	72.72833032	73.53888854	74.33151804	75.09068532
10	"Burundi"	108	37.46	38.95	40.44	41.92	42.42	44.261	45.88	46.23	43.16	44.08	45.73	47.48	49.57	51.32	52.76	54.64	56.91	59.11	61.14	63.02	64.76	66.35	67.81	69.13	70.31	71.41	72.44	73.41	74.33	75.19
11	"Comoros"	174	39.5	41	43	45	47	49	51	53	54.33	55.67	57	58.33	60.32	62.02	63.59	65.03	66.34	67.52	68.6	69.59	70.49	71.33	72.1	72.82	73.5	74.13	74.73	75.3	75.85	76.37
12	"Djibouti"	262	33.3	35.8	38.21	40.57	42.88	45.07	47.75	49.21	50.55	51.81	53.23	55.24	56.96	58.91	60.62	62.25	63.76	65.08	66.28	67.58	68.77	69.73	70.69	71.47	72.24	72.92	73.64	74.28	74.9	75.5
13	"Eritrea"	232	34.38	36.38	38.41	40.38	42.3	42.52	42	44.41	48.06	52.22	55.2	57.61	59.74	61.57	63.21	64.71	66.05	67.26	68.34	69.32	70.23	71.07	71.84	72.56	73.24	73.88	74.5	75.08	75.65	76.2
14	"Ethiopia"	231	32.8	35.3	38.58	40.64	42.08	43.08	42.1	44.51	46.75	49.12	51.78	55.7	58.34	60.13	61.89	63.48	64.92	66.22	67.38	68.44	69.41	70.31	71.15	71.94	72.67	73.37	74.04	74.67	75.29	75.87
15	"Kenya"	404	40.54	43	46	48.71	51.65	54.37	57.04	57.73	56.59	52.6	51.05	53.96	56.7	58.26	59.69	61.09	62.44	63.67	64.83	65.93	66.95	67.9	68.79	69.65	70.49	71.31	72.09	72.84	73.57	74.29
16	"Madagascar"	450	36.39	38.39	40.28	42.28	43.97	45.97	48.2	48.4	51.4	55.87	60.49	64.27	65.22	66.9	68.37	69.53	70.44	71.28	72.05	72.78	73.45	74.09	74.7	75.27	75.82	76.34	76.84	77.32	77.79	78.24
17	"Malawi"	454	35.8	36.7	37.8	38.8	41	42.54	44.29	45.51	46.14	45.48	46.77	51.51	54.87	56.63	58.14	59.57	60.79	61.95	63.17	64.4	65.61	66.78	67.93	69.08	70.22	71.3	72.34	73.34	74.31	75.24
18	"Mauritius"	480	49.02	53.95	59.39	60.76	60.73	61.47	64.52	64.74	66.65	66.74	68.85	69.49	70.4	71.26	72.03	72.86	73.69	74.47	75.19	75.88	76.52	77.14	77.73	78.3	78.85	79.38	79.89	80.4	80.89	81.37
19	"Mayotte"	175	44.43	50.13	54.17	57.51	60.31	62.73	64.89	66.85	68.68	70.41	72.07	73.69	74.16	74.89	75.61	76.2	76.71	77.2	77.66	78.12	78.56	78.98	79.4	79.81	80.22	80.6	80.99	81.37	81.74	82.09
20	"Mozambique"	508	30.1	32.5	34.8	36.65	38.8	40.95	41.28	41.2	42.44	44.96	46.01	47.56	50	52.42	54.1	55.69	57.1	58.52	59.96	61.38	62.76	64.11	65.43	66.73	67.98	69.21	70.38	71.52	72.61	73.65
21	"Reunion"	638	44.43	50.13	54.17	57.51	60.31	62.73	64.89	66.85	68.68	70.41	72.07	73.69	74.16	74.89	75.61	76.2	76.71	77.2	77.66	78.12	78.56	78.98	79.4	79.81	80.22	80.6	80.99	81.37	81.74	82.09
22	"Rwanda"	646	38.45	39.91	41.39	42.47	43	44.24	48.22	43.69	21.99	40.6	48.65	52.7	54.47	55.84	57.7	59.43	60.96	62.39	63.78	65.11	66.35	67.48	68.52	69.5	70.43	71.32	72.14	72.91	73.66	74.37
23	"Somalia"	706	31.54	33.51	35.49	37.47	39.45	40.44	42.4	44.4	41.8	45.3	47.8	48.71	50.11	51.77	53.7	55.64	57.55	59.41	61.16	62.8	64.31	65.68	66.93	68.06	69.09	70.04	70.91	71.71	72.46	73.15
24	"Uganda"	800	38.47	41.07	43.84	46.61	49.6	48.79	48.23	47.07	43.84	43.7	47.49	51.68	53.83	55.08	56.09	57.35	58.81	60.29	61.74	63.13	64.46	65.72	66.92	68.05	69.14	70.16	71.14	72.07	72.95	73.8
25	"United Republic of Tanzania"	834	39.59	41.36	42.62	44.15	46.03	48.2	49.18	49.57	48.43	48.73	50.93	54.62	58.23	60.83	62.51	63.87	64.94	65.92	66.89	67.86	68.79	69.68	70.55	71.38	72.19	72.98	73.73	74.46	75.16	75.83
26	"Zambia"	894	40.6	42.6	44.6	46.3	48.57	49.95	50.26	48.2	44.03	42.1	42.26	46.49	49.17	50.53	52.38	54.1	55.62	57.09	58.68	60.29	61.89	63.45	64.98	66.48	67.94	69.34	70.68	71.92	73.07	74.1
27	"Zimbabwe"	716	47	49	50.9	52.5	54.1	56.1	58.57	59.68	56.38	47.76	43.75	47.45	53.99	57.5	58.99	60.1	60.88	61.66	62.6	63.69	64.97	66.36	67.77	69.18	70.57	71.95	73.23	74.44	75.64	76.97
28	"Middle Africa"	911	35.45209691	37.24225659	38.92041661	40.75493601	42.82887641	44.34595185	45.51501207	46.02952568	46.13486033	45.08466333	46.21540388	47.14672931	48.83418587	50.44489441	51.88709142	53.57027455	55.41705069	57.27324631	59.06877869	60.78602037	62.40281451	63.90900293	65.30113128	66.58332633	67.76631173	68.85811975	69.86543678	70.8012055	71.67489128	72.4881776
29	"Angola"	24	28.59	30.55	32.53	34.5	36.48	38.26	38.97	39.2	39.49	41.85	45.88	48.21	50.2	52.15	53.95	55.82	57.66	59.45	61.14	62.71	64.18	65.53	66.77	67.92	68.98	69.96	70.88	71.74	72.54	73.3
30	"Cameroon"	120	37.22	39.14	41.37	43.54	45.91	48.53	50.61	51.75	51.41	49.75	48.51	49.02	51.38	53.24	54.41	55.9	57.57	59.21	60.78	62.29	63.7	65.01	66.25	67.4	68.5	69.54	70.54	71.48	72.38	73.23
31	"Central African Republic"	140	32.03	34	35.98	38.46	42	45.45	47.22	47.14	45.59	42.91	42.24	44.47	47.73	50.16	52.03	53.98	55.92	57.84	59.64	61.32	62.87	64.31	65.61	66.78	67.86	68.84	69.72	70.52	71.26	71.97
32	"Chad"	148	35.71	37.5	39.35	41.26	42.87	44.79	47.24	48.84	48.78	47.71	46.7	47.15	48.64	50.16	51.84	53.77	55.67	57.55	59.37	61.09	62.7	64.2	65.58	66.86	68.04	69.13	70.13	71.06	71.93	72.75
33	"Congo"	178	42.27	45.7	48.83	50.98	52.77	54.13	55.24	55.59	54.02	53.26	53.48	54.88	56.64	58.16	59.28	60.63	62.07	63.49	64.81	66.05	67.21	68.29	69.29	70.21	71.06	71.87	72.61	73.31	73.98	74.62
34	"Dem. Republic of the Congo"	180	37.6	39.09	40.17	41.53	43.32	44.04	44.8	45.14	45.53	43.82	45.34	45.93	47.26	48.7	50.09	51.74	53.63	55.58	57.48	59.31	61.06	62.69	64.2	65.58	66.85	68.01	69.08	70.06	70.98	71.81
35	"Equatorial Guinea"	226	33.03	34.51	36	37.48	39	40.5	42.11	44.19	46.09	47.1	47.51	48.87	50.32	51.94	53.39	55.07	56.88	58.46	60.12	61.75	63.29	64.79	66.17	67.46	68.69	69.8	70.82	71.86	72.78	73.62
36	"Gabon"	266	35.48	37.46	38.94	43.05	47.14	51.18	55.34	59.02	59.86	59.22	58.2	60.24	62.26	63.87	65.09	66.28	67.23	68.22	69.12	70.02	70.91	71.74	72.54	73.29	74.05	74.78	75.52	76.2	76.78	77.42
37	"Sao Tome and Principe"	678	45.15	47.6	50.5	53	55	58	58.92	59.68	60.39	61.01	61.57	62.46	63.52	64.51	65.45	66.52	67.69	68.76	69.73	70.62	71.45	72.21	72.93	73.59	74.23	74.82	75.39	75.93	76.45	76.95
38	"Northern Africa"	912	41.56715952	43.60199849	45.68284361	48.02121574	50.46724925	53.21958867	56.16544937	58.82656441	61.19244511	63.48638796	66.0342754	67.50046647	68.65806038	69.70176284	70.65874963	71.56427919	72.41998428	73.22802199	73.97785914	74.67496461	75.32122992	75.93058761	76.51922439	77.07217189	77.59272231	78.09807081	78.58398966	79.05368289	79.51690492	79.96623825
39	"Algeria"	12	42.1	44.7	47.3	50.4	53.5	57	60.2	64.7	66.55	67.87	69.72	70.86	71.89	72.81	73.66	74.44	75.17	75.86	76.51	77.12	77.71	78.28	78.83	79.36	79.87	80.38	80.87	81.35	81.82	82.29
40	"Egypt"	818	42.1	44.1	46.1	48.4	50.8	53.5	56.3	59	62.03	65.66	68.64	70.46	71.57	72.52	73.39	74.2	74.94	75.64	76.3	76.93	77.53	78.1	78.65	79.19	79.71	80.22	80.71	81.19	81.67	82.14
41	"Libyan Arab Jamahiriya"	434	41.9	44.3	46.7	49	51.4	56	60.6	64.5	66.9	69.3	70.48	71.7	72.72	73.57	74.36	75.1	75.79	76.44	77.06	77.65	78.22	78.77	79.3	79.82	80.32	80.82	81.3	81.77	82.24	82.69
42	"Morocco"	504	41.865	44.256	46.645	48.932	51.317	53.996	58	60.9	63.5	65.6	67.5	68.96	70.28	71.37	72.34	73.23	74.04	74.8	75.51	76.17	76.81	77.41	77.99	78.55	79.08	79.61	80.12	80.61	81.1	81.58
43	"Sudan"	736	38.63	39.63	40.88	42.8	44.77	46.9	48.83	50.2	51.98	53.73	57.21	58.59	60.2	61.9	63.48	64.93	66.25	67.44	68.53	69.52	70.43	71.27	72.05	72.77	73.45	74.09	74.69	75.26	75.81	76.33
44	"Tunisia"	788	44.1	46.6	49.1	51.6	55.1	58.8	62.7	65.33	68.3	70.07	71.07	71.89	72.62	73.39	74.2	74.94	75.64	76.3	76.93	77.53	78.1	78.65	79.19	79.71	80.22	80.71	81.19	81.67	82.14	82.59
45	"Western Sahara"	732	34.01	35.98	37.96	39.9	41.9	46.18	50.47	54.75	57.25	59.75	62.26	64.27	66.06	67.64	69.02	70.24	71.33	72.31	73.2	74.02	74.78	75.48	76.15	76.79	77.39	77.97	78.53	79.07	79.59	80.1
46	"Southern Africa"	913	43.59431695	46.14215367	47.7487849	49.25328879	50.82615373	52.46841233	55.0693131	57.32093675	57.76731757	54.5542375	50.15046434	50.34007392	53.21280037	55.3986723	56.63126923	57.86097462	58.98765953	60.11087913	61.34747329	62.69864621	64.12968162	65.5714079	66.92443908	68.15979632	69.28743127	70.33983445	71.33586699	72.33404991	73.41010138	74.52750175
47	"Botswana"	72	45.65	47.75	49.7	51.5	54.1	57.2	59.57	61.69	61.03	53.91	48.77	53.8	53.68	54.74	56.27	57.62	58.83	59.96	61.24	62.6	64.07	65.56	67.07	68.55	70	71.43	72.79	74.04	75.23	76.29
48	"Lesotho"	426	40.37	43.33	46.04	46.75	48.06	50.5	53.5	55.5	58.21	51.32	44.4	46.46	49.68	51.16	51.97	53.08	54.19	55.2	56.22	57.42	58.7	60.09	61.49	62.94	64.44	66.01	67.64	69.32	71.05	72.76
49	"Namibia"	516	39.5	43.1	46.3	49.2	51.95	54.54	57.02	58.35	59.07	58.09	56.1	60.35	62.07	62.03	63.62	64.81	65.75	66.62	67.49	68.26	68.97	69.64	70.27	70.92	71.54	72.19	72.81	73.39	73.97	74.52
50	"South Africa"	710	44	46.5	48	49.52	51	52.5	55.07	57.35	57.7	54.72	50.36	50.13	53.13	55.5	56.73	57.94	59.04	60.14	61.37	62.73	64.19	65.67	67.04	68.29	69.41	70.44	71.4	72.37	73.43	74.56
51	"Swaziland"	748	39.45	41.51	43.09	44.73	47.62	50.65	53.97	56.77	57.49	51.78	45.63	47.56	49.69	49.51	51.12	53.17	55.42	57.48	59.51	61.36	62.99	64.44	65.78	67.03	68.24	69.42	70.59	71.74	72.91	73.99
52	"Western Africa"	914	33.81855062	35.67223897	37.37701169	39.15296669	41.47212771	43.56784802	45.10842549	45.70531867	46.0255993	46.47261489	48.86754218	51.40076583	53.59678208	55.5709106	57.29762622	59.0134571	60.64824878	62.18735835	63.63172706	64.98930833	66.24873367	67.41331174	68.49731927	69.50427328	70.44396304	71.32837374	72.15583833	72.93749972	73.6728225	74.37122038
53	"Benin"	204	30.95	32.9	34.37	35.84	38.55	41.1	43.17	44.69	46.95	49.16	50.9	52.72	54.84	56.8	58.69	60.47	62.13	63.66	65.06	66.35	67.53	68.62	69.6	70.52	71.36	72.15	72.89	73.58	74.23	74.84
54	"Burkina Faso"	854	30.79	33.48	36.06	38.5	41.15	43.86	46.28	47.1	47.49	48.33	50.28	52.84	54.97	56.9	58.78	60.57	62.25	63.81	65.22	66.51	67.68	68.75	69.72	70.62	71.44	72.21	72.92	73.59	74.22	74.82
55	"Cape Verde"	132	45.81	46.94	48.13	49.45	54.11	57.55	60.05	61.5	62.78	64.38	66.77	69.41	70.5	71.56	72.52	73.39	74.2	74.94	75.64	76.3	76.93	77.52	78.1	78.65	79.19	79.71	80.21	80.71	81.19	81.67
56	"Cote d'Ivoire"	384	37.9	39.06	39.91	41.18	44.57	48.28	50.93	51.44	50.51	49.28	49.75	52.14	55.26	57.8	59.7	61.36	62.78	64.03	65.17	66.22	67.2	68.15	69.08	70.01	70.91	71.8	72.66	73.49	74.29	75.07
57	"Gambia"	270	30.32	31.59	32.85	34.66	39.51	44.02	48.34	51.58	52	53.23	54.82	56.25	57.73	59.02	60.26	61.69	63.29	64.75	66.09	67.3	68.4	69.4	70.32	71.17	71.95	72.68	73.36	74.01	74.62	75.19
58	"Ghana"	288	41.1	44.24	46.05	47.16	48.58	50.83	52.55	54.5	57.05	56.97	58.65	61.84	63.65	64.92	66.11	67.24	68.27	69.23	70.13	70.98	71.79	72.55	73.27	73.95	74.6	75.23	75.83	76.41	76.96	77.49
59	"Guinea"	324	30.7	31.37	32.01	32.66	34.25	36.73	39.09	41.35	43.53	45.25	48.28	50.93	53.17	55.17	57.03	58.85	60.58	62.22	63.75	65.15	66.43	67.6	68.67	69.65	70.57	71.42	72.2	72.94	73.65	74.3
60	"Guinea-Bissau"	624	31.22	32.54	33.89	35.22	36.56	37.71	39.78	40.94	41.78	42.83	44.19	45.33	47.25	49.23	51.07	53.01	54.94	56.82	58.66	60.43	62.1	63.66	65.11	66.43	67.64	68.77	69.79	70.74	71.65	72.41
61	"Liberia"	430	32.19	34.25	36.25	38.2	40.2	41.86	41.78	41.17	40.56	42.07	48.11	53.45	56.41	58.66	60.56	62.1	63.39	64.53	65.6	66.66	67.72	68.73	69.71	70.62	71.49	72.31	73.08	73.8	74.48	75.14
62	"Mali"	466	29.03	29.45	29.89	32.19	34.8	37.3	39.78	42.28	43.85	45.49	46.98	48.89	50.93	52.85	54.78	56.72	58.6	60.4	62.1	63.66	65.09	66.39	67.58	68.65	69.63	70.53	71.36	72.13	72.85	73.53
63	"Mauritania"	478	38.32	40.28	42.16	43.96	47.49	50.27	52.77	53.93	54.93	55.29	55.63	55.89	57.38	58.69	59.94	61.4	63.01	64.5	65.86	67.09	68.21	69.23	70.16	71.02	71.81	72.55	73.25	73.9	74.51	75.09
64	"Niger"	562	37.33	37.59	37.73	37.9	38.27	38.91	39.61	40.26	42.45	46.08	49.62	52.66	54.79	56.73	58.61	60.41	62.1	63.67	65.1	66.4	67.58	68.66	69.64	70.54	71.37	72.14	72.86	73.53	74.16	74.76
65	"Nigeria"	566	33.96	35.94	37.88	39.77	42.11	43.67	44.6	44.59	44.36	44.33	46.99	49.5	51.69	53.75	55.49	57.26	58.95	60.57	62.1	63.57	64.93	66.19	67.37	68.47	69.51	70.48	71.39	72.26	73.07	73.84
66	"Senegal"	686	36.29	37.66	38.35	39.09	40.91	44.35	48.29	51.43	52.79	53.97	55.59	57.19	58.63	59.88	61.08	62.46	64	65.4	66.67	67.83	68.88	69.84	70.73	71.54	72.3	73.01	73.67	74.3	74.89	75.46
67	"Sierra Leone"	694	28.4	29.58	30.94	32.99	35.68	39.73	43.41	39.57	35.98	36.67	40.98	45.65	47.53	49.32	51.19	53.11	55.05	56.97	58.85	60.64	62.32	63.86	65.27	66.56	67.73	68.79	69.76	70.65	71.47	72.23
68	"Togo"	768	34.02	36.92	39.78	42.54	45.32	47.24	49.01	50.65	51.94	52.86	53.74	54.24	56.24	58.37	60.09	61.75	63.25	64.64	65.91	67.11	68.22	69.25	70.22	71.12	71.97	72.78	73.55	74.27	74.95	75.57
69	"Asia"	935	42.83829335	44.58438301	45.20187303	53.7896661	55.86086113	58.72184418	60.16359837	62.18017329	63.54914748	64.67355227	65.94902003	67.21105515	68.54323912	69.63844732	70.63060496	71.55107451	72.39977957	73.1662887	73.89158934	74.56891572	75.20085516	75.79395576	76.34539678	76.88001904	77.39856246	77.89603596	78.37795291	78.85390118	79.32481773	79.79124539
70	"Eastern Asia"	906	46.11755601	46.31595028	44.34471445	59.91986819	63.50371702	65.37884012	66.83555789	68.11266851	69.13348564	69.93998647	70.90638917	72.03598585	73.00334889	73.87432212	74.63305288	75.34779723	76.00745482	76.61593137	77.23447219	77.82912583	78.40231165	78.94911719	79.46628197	79.98326327	80.48636021	80.98682251	81.46558751	81.95807367	82.44479591	82.92856656
71	"China"	156	44.59	44.45	41.96	59.19	63.02	64.75	66.17	67.4	68.4	69.27	70.02	71.1	72.07	72.98	73.8	74.58	75.31	75.97	76.63	77.25	77.84	78.4	78.94	79.48	79.99	80.5	80.98	81.47	81.94	82.41
72	"China, Hong Kong SAR"	344	58.99	61.85	64.86	67.04	68.99	70.76	72.37	73.87	75.27	76.58	77.84	79.04	80.21	80.77	81.32	81.86	82.39	82.91	83.43	83.94	84.45	84.96	85.46	85.96	86.46	86.96	87.45	87.94	88.43	88.92
73	"China, Macao SAR"	446	59.37	62.08	64.5	66.65	68.56	70.27	71.81	73.2	74.48	75.64	76.73	77.74	79.09	79.67	80.23	80.78	81.33	81.87	82.4	82.93	83.44	83.96	84.47	84.98	85.49	85.97	86.49	86.97	87.47	87.96
74	"Dem. People's Rep. of Korea"	408	48.5	52.4	54.8	57.6	60.8	63.5	65.4	67	66.08	60	64.18	64.8	65.89	66.75	67.56	68.48	69.48	70.39	71.23	72.01	72.74	73.42	74.06	74.66	75.24	75.79	76.31	76.81	77.3	77.76
75	"Japan"	392	60.4	64.07	66.5	68.68	70.47	72.64	74.12	75.53	76.27	77.07	78.28	79.25	80.1	80.8	81.35	81.88	82.4	82.93	83.44	83.96	84.46	84.97	85.47	85.98	86.47	86.99	87.48	87.97	88.46	88.95
76	"Mongolia"	496	41.75	44.07	49.05	52.12	54.6	54.97	55.4	57.72	58.02	59.5	60.82	63.4	65.04	66.35	67.54	68.78	70.03	71.14	72.14	73.05	73.88	74.65	75.37	76.05	76.69	77.3	77.88	78.43	78.96	79.48
77	"Republic of Korea"	410	46.04	49.03	52.27	55.78	59.54	60.94	63.2	66.24	68.72	71.07	73.8	76.48	77.26	77.9	78.54	79.14	79.71	80.28	80.83	81.38	81.92	82.45	82.97	83.49	84	84.51	85.01	85.52	86.02	86.53
78	"Taiwan, Province of China"	158	56.44	60.37	62.55	64.48	67.06	68.46	69.95	71.09	71.94	72.53	74.23	75.25	76	76.63	77.25	77.82	78.39	78.93	79.45	79.97	80.49	80.97	81.45	81.9	82.36	82.82	83.27	83.71	84.15	84.59
79	"South-Central Asia"	921	39.60487353	42.62806266	45.6172562	48.6628318	49.51464292	54.26296069	55.22029493	57.38952581	58.9111028	60.24240012	61.76921063	63.15233512	64.66704104	65.94797465	67.12514353	68.21184907	69.22403794	70.15129792	71.01122062	71.80562686	72.53839952	73.22986586	73.871655	74.4733789	75.050087	75.59200916	76.1171667	76.62020134	77.10763979	77.58106924
80	"Central Asia"	5500	50.58440826	52.65325634	54.64083943	56.63955305	58.19008194	59.21974681	60.67947145	62.26035367	60.99609879	60.06636605	61.26666678	62.21112478	63.89184872	65.3456035	66.65854367	67.85854976	68.96946923	69.98776145	70.90551455	71.74658084	72.51800378	73.23888288	73.92204853	74.55072131	75.14240321	75.69460992	76.21853437	76.71234882	77.18909264	77.65291455
81	"Kazakhstan"	398	50.15	52.19	54.22	56.26	57.79	58.83	60.41	62.35	60.53	57.46	59.07	60.18	62.29	63.84	65.25	66.54	67.71	68.77	69.74	70.64	71.46	72.22	72.94	73.6	74.23	74.83	75.4	75.94	76.46	76.95
82	"Kyrgyzstan"	417	48.75	50.89	53.04	55.18	56.82	57.96	59.61	61.97	62.09	61.95	62.68	62.66	64.32	65.69	66.94	68.07	69.1	70.04	70.91	71.71	72.46	73.16	73.81	74.43	75.02	75.58	76.11	76.62	77.11	77.59
83	"Tajikistan"	762	50.75	52.79	54.82	56.86	58.44	59.48	60.17	60.97	58.6	59.28	60.93	63.29	64.75	66.09	67.3	68.4	69.4	70.32	71.17	71.95	72.68	73.37	74.01	74.62	75.19	75.74	76.27	76.77	77.26	77.73
84	"Turkmenistan"	795	47.9	49.94	51.97	54.01	55.54	56.58	58.11	59.25	58.85	59.74	60.4	60.62	61.24	62.87	64.37	65.73	66.98	68.11	69.13	70.08	70.94	71.74	72.49	73.18	73.84	74.45	75.04	75.6	76.13	76.64
85	"Uzbekistan"	860	52.4	54.44	56.47	58.51	60.04	61.08	62.61	64	63.01	63.6	64.06	64.33	65.7	66.95	68.08	69.11	70.05	70.92	71.72	72.47	73.17	73.82	74.44	75.02	75.58	76.11	76.63	77.12	77.59	78.05
86	"Southern Asia"	5501	39.30025136	42.30991669	45.28832649	48.36614166	49.2024253	54.07721066	55.01121443	57.19972885	58.83106176	60.25549701	61.79378283	63.18713756	64.69274323	65.96633319	67.13851881	68.22190816	69.2310451	70.15453676	71.01136718	71.80346325	72.53490618	73.22549596	73.86577917	74.46628841	75.04215747	75.5834659	76.10865163	76.61216438	77.1001521	77.57389091
87	"Afghanistan"	4	29.17	30.67	32.28	34.28	36.34	38.55	40.13	41.7	43.05	44.51	45.92	47.19	49.16	51.02	52.93	54.87	56.79	58.67	60.47	62.15	63.71	65.12	66.42	67.6	68.67	69.64	70.54	71.38	72.16	72.88
88	"Bangladesh"	50	46.25	47.91	49.42	50.75	32.63	53.59	56.16	58.59	60.97	63.46	65.67	67.41	68.53	69.81	70.94	71.96	72.88	73.72	74.5	75.23	75.91	76.55	77.17	77.76	78.32	78.87	79.4	79.91	80.41	80.9
89	"Bhutan"	64	35.94	36.32	37.29	38.9	41.08	43.81	46.76	49.38	53.02	57.27	61.83	64.08	65.89	67.49	68.9	70.13	71.23	72.22	73.12	73.94	74.7	75.42	76.09	76.73	77.33	77.91	78.47	79.02	79.54	80.05
90	"India"	356	38.72	41.76	44.9	48.21	51.32	54.3	56.2	57.65	58.48	59.92	61.38	62.8	64.44	65.8	67.04	68.16	69.19	70.12	70.98	71.78	72.52	73.22	73.87	74.48	75.07	75.62	76.15	76.66	77.15	77.63
91	"Iran (Islamic Republic of)"	364	39.53	43.49	46.85	49.73	52.48	55.93	37.66	49.51	65.66	67.88	69.23	70.33	71.5	72.47	73.34	74.15	74.9	75.6	76.26	76.89	77.49	78.06	78.62	79.16	79.68	80.18	80.68	81.16	81.64	82.11
92	"Maldives"	462	35.1	37.11	39.43	43.16	46.92	51.02	56.49	59.99	62.85	67.35	71.83	74.64	75.98	77.07	78.06	78.83	79.43	80	80.57	81.12	81.66	82.19	82.72	83.24	83.76	84.27	84.78	85.29	85.79	86.29
93	"Nepal"	524	36.76	38.06	39.56	41.52	44.23	46.99	49.85	52.9	55.61	59.29	63	66.71	68.14	69.47	70.64	71.69	72.63	73.5	74.29	75.03	75.72	76.38	77	77.6	78.17	78.72	79.25	79.77	80.28	80.77
94	"Pakistan"	586	40.96	44.69	48.15	51.47	54.58	56.69	58.19	59.45	60.72	61.87	62.89	63.78	64.85	65.77	66.63	67.45	68.22	68.95	69.65	70.31	70.93	71.53	72.1	72.65	73.18	73.68	74.17	74.63	75.09	75.52
95	"Sri Lanka"	144	51.81	54.77	56.18	59.18	62.41	65.05	66.87	65.82	66.77	65.47	69.52	71.2	72.12	73.03	73.86	74.63	75.34	76.02	76.66	77.27	77.85	78.42	78.96	79.49	80	80.5	80.99	81.46	81.93	82.4
96	"South-Eastern Asia"	920	41.1442912	44.69227891	47.74781747	50.38789599	52.28554114	54.77516377	58.22599569	60.71748905	62.86145336	64.44662284	65.9447089	67.16764617	68.82934154	70.16342494	71.32987241	72.35043999	73.26892698	74.08879266	74.84705761	75.54352088	76.19484419	76.81653046	77.40128384	77.96441484	78.50237748	79.03209228	79.54113909	80.0345118	80.53215017	81.01945302
97	"Brunei Darussalam"	96	56.21	59.42	62.14	64.41	66.36	68.06	69.58	70.95	72.22	73.4	74.51	75.29	75.99	76.61	77.22	77.75	78.21	78.65	79.07	79.49	79.9	80.3	80.69	81.07	81.44	81.82	82.18	82.54	82.89	83.22
98	"Cambodia"	116	38.1	40	42	44	39	30	46.66	52.65	54.15	55.49	57.74	60.21	62.16	64.11	65.93	67.5	68.86	70.05	71.13	72.09	73.02	73.91	74.67	75.38	76.06	76.72	77.35	77.97	78.54	79.06
99	"Indonesia"	360	37.74	41.9	45.72	48.68	51.83	54.66	57.2	59.46	61.46	63.25	64.86	66.29	68.28	69.84	71.16	72.22	73.13	73.94	74.72	75.43	76.08	76.74	77.34	77.91	78.47	79.02	79.55	80.04	80.55	81.03
100	"Lao People's Dem. Republic"	418	40.57	41.75	42.9	44.06	45.23	46.78	48.52	51.3	55.07	58.73	61.55	64.77	66.42	67.95	69.3	70.49	71.55	72.51	73.38	74.19	74.93	75.63	76.29	76.92	77.52	78.09	78.65	79.18	79.7	80.21
101	"Malaysia"	458	54.47	57.28	59.7	61.73	63.49	65.03	66.39	67.59	68.65	69.6	70.46	71.24	72.51	73.4	74.21	74.95	75.65	76.31	76.94	77.52	78.09	78.64	79.19	79.72	80.22	80.72	81.2	81.66	82.13	82.58
102	"Myanmar"	104	34.62	39.76	42.71	46.81	50.19	53.07	53.96	54.64	57.45	59.79	61.06	62.08	64.13	65.94	67.53	68.93	70.16	71.26	72.24	73.14	73.96	74.72	75.43	76.11	76.74	77.35	77.93	78.49	79.03	79.55
103	"Philippines"	608	54.1	55.79	57.35	58.53	59.56	60.5	61.35	62.12	62.81	63.45	64.02	64.54	66	67.22	68.32	69.48	70.65	71.71	72.65	73.5	74.31	75.03	75.72	76.39	77	77.61	78.17	78.71	79.26	79.78
104	"Singapore"	702	57.52	60.81	63.4	64.26	65.97	68.2	69.53	71.9	74.43	75.63	77.22	78.48	78.91	79.52	80.09	80.64	81.18	81.74	82.27	82.8	83.31	83.82	84.34	84.84	85.34	85.84	86.34	86.84	87.33	87.82
105	"Thailand"	764	48.68	51.89	54.5	56.54	58.5	60.99	64.68	68.97	68.89	68.44	69.29	70.17	71.1	71.99	72.91	73.75	74.52	75.25	75.93	76.57	77.19	77.78	78.34	78.89	79.41	79.93	80.43	80.92	81.4	81.87
106	"Timor-Leste"	626	29.57	31.94	34.42	36.9	39.23	30	39.19	42.49	47.8	53.04	57.42	59.94	62.12	64.15	65.93	67.54	68.93	70.16	71.24	72.24	73.11	73.95	74.71	75.41	76.08	76.7	77.32	77.89	78.46	78.99
107	"Viet Nam"	704	39.1	41.3	43.5	45.7	45.31	49.67	56.78	61.05	66.1	68.98	71.19	72.33	73.42	74.31	75.13	75.86	76.51	77.12	77.71	78.28	78.83	79.36	79.87	80.38	80.87	81.35	81.82	82.29	82.74	83.19
108	"Western Asia"	922	45.13849219	47.58932301	49.59043612	51.41177125	53.94624481	57.02708005	57.75725286	61.9529815	64.70892606	66.69926088	68.52646707	69.39637934	71.01560997	71.91854267	72.83456098	73.74151457	74.5917575	75.3838834	76.10374292	76.76153672	77.38766459	77.97497669	78.51621262	79.0233462	79.50521064	79.96688856	80.41974352	80.87026072	81.31219733	81.74513354
109	"Armenia"	51	59.75	61.82	63.89	66.01	67.59	67.31	67.73	65.9	64.5	66.58	68.86	70.21	70.99	71.78	72.53	73.22	73.95	74.71	75.43	76.1	76.73	77.34	77.92	78.48	79.02	79.55	80.06	80.56	81.04	81.52
110	"Azerbaijan"	31	54.4	56.36	58.33	60.29	61.76	61.17	61.04	62.15	59.36	62.45	65	67.09	68	69.04	69.99	70.86	71.77	72.71	73.57	74.36	75.09	75.78	76.43	77.05	77.65	78.22	78.77	79.3	79.82	80.32
111	"Bahrain"	48	38.91	44.78	52.37	59.07	63.69	67.03	69.34	70.82	71.72	72.55	73.31	74.03	74.7	75.27	75.88	76.53	77.15	77.74	78.3	78.85	79.38	79.89	80.4	80.89	81.37	81.84	82.3	82.76	83.21	83.66
112	"Cyprus"	196	64.8	66.75	68.44	69.89	71.16	72.26	73.24	74.11	74.89	75.6	76.25	76.84	77.67	78.25	78.81	79.34	79.85	80.35	80.84	81.31	81.79	82.25	82.71	83.16	83.6	84.04	84.48	84.91	85.33	85.77
113	"Georgia"	268	56.75	58.71	60.68	62.64	64.11	65.57	65.64	66.5	66.5	67.25	68.82	69.36	70.52	71.35	72.12	72.84	73.6	74.39	75.12	75.81	76.46	77.08	77.67	78.24	78.79	79.32	79.84	80.34	80.83	81.31
114	"Iraq"	368	38.59	45.88	51.92	56.32	59.05	60.7	44.47	56.81	67.59	68.33	67.55	63.37	67.63	68.43	69.43	70.61	71.66	72.61	73.47	74.27	75.01	75.7	76.36	76.98	77.58	78.15	78.7	79.24	79.76	80.26
115	"Israel"	376	67.56	68.64	69.56	70.27	70.99	71.89	72.85	73.98	75.1	76.23	77.4	78.36	79.63	80.45	81.11	81.66	82.19	82.72	83.24	83.76	84.27	84.78	85.28	85.78	86.29	86.78	87.28	87.78	88.27	88.76
116	"Jordan"	400	48.46	51.95	55.12	58.34	61.62	64.56	66.79	68.55	69.81	70.62	71.16	71.65	72.19	72.74	73.26	73.91	74.68	75.39	76.07	76.71	77.31	77.9	78.46	79	79.52	80.03	80.53	81.02	81.5	81.97
117	"Kuwait"	414	54.28	58.09	61.34	63.99	66.11	68.05	69.78	71.1	71.98	72.6	73.07	73.47	74.01	74.49	74.94	75.51	76.18	76.81	77.41	77.99	78.55	79.09	79.61	80.12	80.62	81.1	81.58	82.05	82.51	82.96
118	"Lebanon"	422	54.3	57.8	60.3	62	63.4	63.9	64.7	65.6	67.2	68.2	68.94	69.86	70.74	71.66	72.61	73.48	74.27	75.01	75.71	76.36	76.99	77.58	78.15	78.71	79.24	79.76	80.26	80.76	81.24	81.71
119	"Occupied Palestinian Territory"	275	44.68	46.29	48.9	52.27	55.69	59.28	62.78	65.54	67.34	68.9	69.83	70.6	71.5	72.26	72.97	73.72	74.5	75.22	75.91	76.55	77.17	77.76	78.32	78.87	79.4	79.91	80.41	80.9	81.38	81.85
120	"Oman"	512	37.34	39.8	42.87	46.78	51.83	56.88	62.12	67.16	71.09	72.42	73.57	70.88	71.37	72.72	73.58	74.37	75.1	75.79	76.44	77.06	77.65	78.22	78.77	79.3	79.82	80.33	80.82	81.3	81.77	82.24
121	"Qatar"	634	52.24	55.84	59.52	62.95	66.41	69.29	71.33	73	74.46	75.76	76.95	78.07	78.68	79.21	79.73	80.24	80.73	81.22	81.69	82.16	82.62	83.07	83.52	83.96	84.39	84.83	85.26	85.68	86.11	86.53
122	"Saudi Arabia"	682	38.87	41.81	44.86	48.6	53.41	58.93	63.3	66.33	68.58	69.64	70.73	72.24	73.19	74.01	74.77	75.48	76.15	76.78	77.39	77.97	78.52	79.06	79.59	80.1	80.59	81.08	81.56	82.03	82.49	82.94
123	"Syrian Arab Republic"	760	45.37	48.8	52.37	56.1	59.95	63.01	65.88	68.53	70.75	72.2	73.12	73.91	74.45	75.18	75.87	76.52	77.13	77.72	78.29	78.84	79.37	79.88	80.38	80.87	81.35	81.83	82.29	82.75	83.2	83.64
124	"Turkey"	792	45.9	46.47	46.8	47.19	49.38	52.72	56.41	59.6	62.33	65.63	68.73	70.7	72.04	72.85	73.7	74.48	75.21	75.89	76.54	77.15	77.74	78.31	78.85	79.38	79.9	80.4	80.89	81.37	81.84	82.31
125	"United Arab Emirates"	784	42.45	46.37	51.57	57.74	62.45	65.7	68.06	70.01	71.55	72.94	74.19	75.25	76	76.64	77.25	77.83	78.4	78.94	79.47	79.98	80.48	80.97	81.45	81.92	82.38	82.84	83.29	83.73	84.17	84.61
126	"Yemen"	887	34.85	36.2	37.53	38.82	40.23	45.04	50.25	53.95	55.5	57.05	60.02	62.52	64.5	66.26	67.82	69.18	70.39	71.46	72.43	73.31	74.11	74.87	75.57	76.23	76.86	77.46	78.04	78.6	79.13	79.65
127	"Europe"	908	62.90285704	65.11770067	66.45123918	66.89556682	67.12794344	67.25733018	67.65743744	68.98884882	68.33548976	68.90424072	69.60469824	71.41416818	72.80774608	73.94277788	74.9770245	75.88679571	76.68103715	77.40985451	78.10193342	78.76914159	79.44398505	80.10666504	80.7538581	81.38297292	81.99335758	82.58182701	83.14846919	83.69077288	84.22136916	84.74268834
128	"Eastern Europe"	923	60.61740335	63.50992814	65.32220953	65.34951563	64.92437099	64.07937088	63.74046818	65.21528808	63.09578993	62.52968762	62.39334179	64.34755837	65.95240022	67.29657731	68.51283821	69.60574527	70.60016718	71.51759955	72.38041952	73.20135824	74.03431793	74.8289394	75.56625127	76.25419968	76.90201822	77.51689899	78.10825824	78.67743983	79.22985565	79.76076684
129	"Belarus"	112	61.1	63.1	64.6	65.6	66.6	65.8	65.6	66.55	64.5	62.49	62.73	63.59	65.16	66.45	67.63	68.7	69.68	70.57	71.4	72.17	73.01	73.85	74.62	75.34	76.01	76.65	77.26	77.85	78.41	78.95
130	"Bulgaria"	100	60.31	64.63	68.31	68.9	68.85	68.62	68.48	68.28	67.74	67.42	68.71	69.21	70.28	71.06	71.79	72.58	73.4	74.15	74.87	75.55	76.19	76.79	77.38	77.95	78.5	79.03	79.55	80.06	80.56	81.04
131	"Czech Republic"	203	64.48	66.84	67.31	66.63	67	67.13	67.23	67.81	68.81	70.75	72.2	73.78	74.74	75.53	76.27	76.96	77.62	78.25	78.86	79.46	80.03	80.59	81.14	81.69	82.22	82.75	83.27	83.78	84.3	84.81
132	"Hungary"	348	61.88	64.69	66.47	66.83	66.44	66.35	65.28	65.41	64.94	66.53	68.36	69.54	70.83	71.86	72.79	73.64	74.42	75.15	75.84	76.49	77.11	77.7	78.27	78.81	79.34	79.86	80.36	80.85	81.34	81.81
133	"Poland"	616	58.6	63.2	65.13	66.5	66.99	66.65	66.92	66.75	66.76	68.48	70.31	71.17	72.15	73.05	73.88	74.65	75.36	76.04	76.68	77.29	77.87	78.43	78.97	79.5	80.01	80.51	81	81.48	81.95	82.41
134	"Republic of Moldova"	498	55	57	59	61	61.6	61.6	61.7	64.1	63.56	62.64	63.66	64.42	66.15	67.35	68.45	69.45	70.49	71.55	72.51	73.38	74.19	74.93	75.63	76.29	76.92	77.52	78.09	78.65	79.18	79.7
135	"Romania"	642	59.4	62.4	65.15	65.32	66.64	67.13	66.93	66.53	66.1	66.07	67.9	69.57	70.61	71.66	72.61	73.47	74.27	75.01	75.7	76.36	76.98	77.58	78.15	78.7	79.24	79.76	80.26	80.76	81.24	81.71
136	"Russian Federation"	643	60.5	62.52	64.122	63.766	63.131	61.852	61.45	63.86	60.57	59.6	58.56	61.56	63.32	64.78	66.11	67.31	68.41	69.42	70.33	71.18	72.11	73.01	73.85	74.62	75.34	76.01	76.65	77.26	77.85	78.41
137	"Slovakia"	703	62.52	66.66	68.27	67.49	66.78	66.91	66.8	66.95	67.44	68.69	69.82	70.73	71.89	72.94	73.88	74.7	75.41	76.08	76.72	77.33	77.91	78.47	79.01	79.53	80.05	80.54	81.03	81.51	81.98	82.44
138	"Ukraine"	804	61.29	65.43	67.44	67.14	65.3	64.2	64.41	66.01	63.62	61.89	61.95	61.78	63.52	64.96	66.27	67.47	68.55	69.54	70.57	71.63	72.58	73.45	74.24	74.99	75.68	76.34	76.97	77.56	78.13	78.69
139	"Northern Europe"	924	66.50562296	67.72675295	68.21268021	68.69387008	69.04360825	69.64496494	70.70075759	71.67853181	72.46043728	73.67776037	75.19579676	76.48881444	77.51391118	78.26361723	78.92884567	79.57082476	80.16591811	80.74873067	81.31776298	81.87579309	82.44106058	82.98471381	83.52042552	84.04787054	84.57373746	85.08885655	85.60038435	86.09533622	86.60026814	87.09227594
140	"Channel Islands"	830	66.63	67.63	67.92	68.48	68.93	69.77	71.03	72.06	73.33	74.45	75.96	77.32	78.03	78.65	79.26	79.85	80.42	80.99	81.55	82.11	82.65	83.2	83.75	84.29	84.83	85.38	85.92	86.47	87.02	87.57
141	"Denmark"	208	69.59	70.4	70.4	70.52	70.87	71.32	71.42	71.81	72.49	73.49	74.87	75.99	76.72	77.4	78.04	78.67	79.27	79.86	80.42	80.98	81.52	82.06	82.59	83.1	83.62	84.12	84.63	85.13	85.63	86.13
142	"Estonia"	233	61.7	64.2	65.04	65.72	65.677	64.474	64.06	65.58	62.89	63.55	65.56	68.35	69.76	70.9	71.92	72.85	73.69	74.47	75.2	75.89	76.53	77.15	77.74	78.3	78.85	79.38	79.89	80.4	80.89	81.37
143	"Finland"	246	62.66	64.6	65.45	65.73	66.51	68.08	69.96	70.58	71.77	73.3	74.8	75.89	77.15	78.16	78.94	79.53	80.12	80.68	81.24	81.79	82.32	82.85	83.37	83.88	84.4	84.89	85.4	85.9	86.39	86.89
144	"Iceland"	352	69.86	70.96	71.13	71.09	71.23	73.37	73.8	75.09	76.18	76.77	78.62	79.49	80.26	80.82	81.38	81.93	82.47	83.01	83.53	84.04	84.55	85.06	85.57	86.07	86.57	87.06	87.56	88.05	88.55	89.03
145	"Ireland"	372	65.39	67.32	68.24	68.63	68.77	69.36	70.39	71.35	72.56	73.23	75.06	77.33	78.44	79.06	79.65	80.21	80.77	81.31	81.84	82.37	82.9	83.42	83.93	84.44	84.95	85.45	85.95	86.45	86.94	87.44
146	"Latvia"	428	62.5	65	66.39	66.28	65.39	63.95	63.88	65.81	61.94	63.58	65.7	66.88	68.79	70.04	71.15	72.14	73.05	73.88	74.64	75.36	76.04	76.68	77.28	77.87	78.43	78.97	79.5	80.01	80.51	81
147	"Lithuania"	440	61.5	64.5	67	67.58	66.98	65.96	66.1	67.2	64.32	65.06	66.26	65.46	67.22	68.33	69.34	70.39	71.46	72.43	73.31	74.12	74.87	75.57	76.23	76.86	77.46	78.04	78.6	79.13	79.66	80.16
148	"Norway"	578	70.84	71.41	71.09	71.15	71.29	72.07	72.61	72.68	74.05	75.35	76.61	78.12	79.12	79.85	80.43	80.99	81.54	82.07	82.6	83.12	83.65	84.17	84.67	85.17	85.67	86.17	86.66	87.15	87.64	88.13
149	"Sweden"	752	70.31	71.16	71.48	71.78	72.11	72.34	73.35	74.16	75.33	76.66	77.78	78.78	79.65	80.47	81.15	81.69	82.24	82.77	83.3	83.81	84.33	84.83	85.34	85.84	86.34	86.83	87.33	87.81	88.31	88.79
150	"United Kingdom"	826	66.67	67.67	67.97	68.52	68.97	69.82	71.07	72.11	73.38	74.5	76.01	77.38	78.25	78.86	79.44	80.03	80.57	81.13	81.67	82.2	82.75	83.27	83.78	84.29	84.8	85.3	85.8	86.29	86.79	87.28
151	"Southern Europe"	925	61.65059731	64.11197967	65.78162788	67.13506597	68.50262801	69.7104661	70.844126	72.00363932	72.25029592	74.07180097	75.56702675	76.76243303	77.79699641	78.49773401	79.166886	79.80148931	80.39450124	80.96779695	81.5278297	82.05859341	82.56246593	83.05952794	83.55797488	84.05635323	84.56083574	85.06754583	85.58744733	86.09782403	86.5995701	87.09943106
152	"Albania"	8	54.4	58.5	63.7	65.1	66	66.8	68	69.2	68.44	70.09	72.37	73.43	74.23	74.97	75.66	76.32	76.95	77.54	78.12	78.67	79.2	79.72	80.22	80.71	81.19	81.66	82.12	82.57	83.02	83.45
153	"Bosnia and Herzegovina"	70	52.6	56.9	60.1	62.6	65.2	67.4	67.95	69.2	55.82	70.5	71.62	72.43	73.3	73.95	74.56	75.21	75.89	76.54	77.16	77.74	78.31	78.86	79.39	79.9	80.4	80.89	81.37	81.84	82.31	82.77
154	"Croatia"	191	59	62.4	64.5	65.3	66.2	67.1	66.4	67	68.29	70.93	71.35	72.45	73.32	74.23	75.06	75.82	76.54	77.22	77.87	78.49	79.1	79.68	80.25	80.81	81.36	81.9	82.43	82.95	83.47	83.98
155	"Greece"	300	64.3	66.3	67.9	69.3	70.6	71.7	72.84	74	74.77	75.21	76.28	77.02	77.62	78.19	78.74	79.27	79.79	80.29	80.78	81.27	81.74	82.21	82.66	83.12	83.56	84	84.44	84.87	85.3	85.73
156	"Italy"	380	64.45	66.08	66.91	67.94	69.11	70.15	71.41	72.97	74.01	75.45	77.21	78.58	79.24	79.82	80.37	80.94	81.47	82.03	82.56	83.08	83.59	84.09	84.6	85.1	85.61	86.11	86.62	87.11	87.6	88.1
157	"Malta"	470	64.16	64.69	66.15	67.52	68.81	70.04	71.2	72.31	73.37	74.39	75.38	76.34	77.61	78.24	78.85	79.44	80.02	80.58	81.14	81.68	82.22	82.75	83.27	83.78	84.29	84.8	85.31	85.8	86.3	86.8
158	"Montenegro"	499	58.35	60.16	61.97	65.04	68.11	70.423	71.534	72.296	72.79	72.11	71.85	71.55	72.5	73.38	74.18	74.92	75.62	76.28	76.91	77.5	78.08	78.63	79.16	79.68	80.18	80.67	81.14	81.61	82.06	82.51
159	"Portugal"	620	57.32	59.31	61.29	63.02	64.91	66.54	68.78	70.3	71.05	72.23	73.93	75.32	76.81	77.41	77.97	78.53	79.08	79.58	80.11	80.61	81.07	81.56	82.03	82.49	82.95	83.38	83.82	84.26	84.69	85.12
160	"Serbia"	688	57.13	60.7	63.3	65.2	66.8	68.1	67.7	68.75	69.19	69.9	70.89	71.7	72.45	73.14	73.8	74.5	75.22	75.9	76.55	77.16	77.75	78.32	78.87	79.39	79.91	80.41	80.9	81.38	81.85	82.32
161	"Slovenia"	705	63	65.1	66.1	65.6	66	67	67.01	68.39	69.6	71.16	72.78	74.97	76.09	76.79	77.46	78.1	78.71	79.31	79.89	80.45	81.01	81.55	82.09	82.62	83.14	83.66	84.17	84.68	85.18	85.69
162	"Spain"	724	61.78	65.09	67.1	68.45	69.64	71.09	72.76	73.3	73.77	74.9	76.24	77.22	78.82	79.66	80.49	81.14	81.7	82.21	82.76	83.28	83.77	84.29	84.8	85.31	85.81	86.31	86.81	87.31	87.8	88.29
163	"TFYR Macedonia"	807	54.95	58.7	61.65	64.24	66.05	67.9	67.68	68.91	69.43	70.33	71.02	72.12	73.04	73.7	74.33	74.99	75.69	76.34	76.97	77.56	78.14	78.69	79.22	79.74	80.25	80.74	81.23	81.7	82.17	82.63
164	"Western Europe"	926	65.35040894	66.79390296	67.59746354	68.02809776	68.54638189	69.6188201	70.77806082	72.11613094	73.02639241	74.42250872	75.89546293	77.43793324	78.35095822	79.19995174	79.99483897	80.65987925	81.20929808	81.74549972	82.28064716	82.80940124	83.33370251	83.85399824	84.36961723	84.88168684	85.38701072	85.8933706	86.39190573	86.89272794	87.39128859	87.88369408
165	"Austria"	40	63.56	64.8	66.25	66.67	67.01	68.3	69.4	71.26	72.57	74.05	75.78	77.41	78.4	79.29	80.12	80.8	81.35	81.89	82.42	82.94	83.46	83.98	84.49	84.99	85.5	86	86.5	87	87.49	87.99
166	"Belgium"	56	65.9	67.37	67.12	67.61	68.43	69.41	70.62	72.22	72.96	74.31	75.11	76.95	77.16	77.81	78.44	79.04	79.63	80.2	80.76	81.31	81.85	82.38	82.9	83.42	83.94	84.45	84.96	85.46	85.96	86.46
167	"France"	250	64.24	66.1	67.24	67.74	68.62	69.67	70.74	72.06	73.25	74.56	75.97	77.48	78.46	79.34	80.17	80.85	81.4	81.93	82.47	82.99	83.51	84.02	84.53	85.04	85.54	86.05	86.54	87.04	87.54	88.03
168	"Germany"	276	65.3	66.6	67.4	67.8	67.9	69	70.3	71.72	72.58	74.11	75.73	77.2	78.19	79.1	79.94	80.63	81.18	81.72	82.25	82.78	83.3	83.82	84.33	84.84	85.34	85.84	86.34	86.84	87.34	87.83
169	"Luxembourg"	442	63.1	64.5	65.94	66.53	66.77	67.79	69.37	70.72	72.28	73.57	74.95	76.7	77.61	78.58	79.47	80.18	80.75	81.3	81.85	82.4	82.91	83.43	83.95	84.46	84.97	85.47	85.98	86.47	86.96	87.45
170	"Netherlands"	528	70.64	71.25	71.19	71.01	71.2	71.98	72.81	73.47	74.22	75.08	76.25	78.05	78.85	79.44	80.02	80.58	81.13	81.67	82.21	82.73	83.25	83.77	84.28	84.79	85.3	85.8	86.3	86.8	87.29	87.79
171	"Switzerland"	756	67	68.1	68.67	69.64	70.58	71.84	72.69	73.8	74.67	76.06	77.91	79.31	80.17	80.95	81.71	82.34	82.86	83.38	83.9	84.41	84.92	85.42	85.92	86.42	86.92	87.42	87.91	88.41	88.9	89.39
172	"Latin America and the Caribbean"	904	49.57962967	52.38180966	54.78683157	56.65769361	58.51774992	60.52339054	62.11759722	63.89738337	65.59707564	67.39881329	68.86461315	70.22687054	71.60328008	72.59592062	73.47629932	74.30184306	75.07521131	75.76849189	76.41108057	77.0087591	77.58509358	78.14215832	78.67483468	79.18681587	79.68088191	80.16054027	80.62565479	81.07796049	81.51219049	81.94517727
173	"Caribbean"	915	50.53494979	53.66625009	56.62833602	59.2265322	61.14392759	62.36131588	63.55506548	64.57548354	65.54267323	66.73953474	67.88225524	69.33564508	70.30785759	71.17034789	72.03484763	72.87574858	73.68418814	74.42139388	75.0823825	75.67817374	76.25286145	76.77607904	77.28581884	77.79172444	78.29285621	78.77932502	79.24909587	79.71533448	80.1829337	80.62574504
174	"Aruba"	533	59.1	63	64.8	66.4	67.5	68.8	70.5	70.8	71.1	71.2	71.51	72.28	72.99	73.65	74.28	74.95	75.64	76.3	76.93	77.53	78.1	78.66	79.19	79.71	80.22	80.71	81.2	81.67	82.14	82.6
175	"Bahamas"	44	58.27	60.77	61.01	62.96	63.21	63.29	64.54	66.02	66.41	68.09	69.81	71.6	72.72	74.18	75.01	75.77	76.32	76.84	77.62	78.06	78.71	79.36	79.82	80.35	80.94	81.46	82.06	82.69	83.29	83.83
176	"Barbados"	52	55	60.2	63.5	65.2	66.9	68.7	70.2	71.52	72.12	72.3	72.61	73	73.91	74.68	75.39	76.06	76.7	77.31	77.89	78.45	78.99	79.52	80.03	80.53	81.02	81.5	81.97	82.43	82.88	83.33
177	"Cuba"	192	57.44	60.49	63.55	66.76	69.22	71.27	72.44	72.68	72.84	74.01	75.04	76.55	77.38	78.03	78.59	79.13	79.67	80.12	80.52	80.88	81.26	81.64	82	82.37	82.72	83.07	83.41	83.75	84.1	84.43
178	"Dominican Republic"	214	44.74	48.54	52.09	55.32	58.08	60.31	62.01	64.14	66.31	67.81	69.22	69.85	71.16	72.14	72.95	73.64	74.28	74.93	75.59	76.22	76.86	77.47	78.05	78.6	79.15	79.67	80.17	80.67	81.15	81.61
179	"Grenada"	308	59.56	60.2	60.85	61.49	62.13	62.77	63.41	65.68	68.85	71.12	72.78	73.71	74.49	75.22	75.9	76.55	77.16	77.75	78.31	78.86	79.39	79.9	80.41	80.9	81.38	81.85	82.31	82.77	83.22	83.67
180	"Guadeloupe"	312	51.82	55.19	58.19	60.87	63.28	65.48	67.5	69.37	71.11	72.73	74.26	75.71	76.11	76.79	77.42	78.05	78.69	79.3	79.89	80.48	81.05	81.62	82.18	82.73	83.29	83.84	84.37	84.91	85.43	85.95
181	"Haiti"	332	36.25	39.3	42.13	44.76	46.66	48.35	50.57	52.66	55	56.65	57.56	59.94	61.13	62.3	63.64	65.02	66.41	67.67	68.78	69.78	70.7	71.55	72.34	73.08	73.76	74.41	75.03	75.64	76.23	76.78
182	"Jamaica"	388	56.84	60.73	63.66	65.66	67.12	68.07	69.18	68.85	67.85	67.54	68	69.57	70.93	71.64	72.35	73.11	73.82	74.58	75.29	75.97	76.6	77.23	77.87	78.49	79.08	79.68	80.23	80.78	81.36	81.89
183	"Martinique"	474	54.42	57.71	60.74	63.49	65.69	67.68	69.5	71.16	72.69	74.12	75.45	76.68	77.29	77.87	78.43	78.97	79.49	80	80.5	80.99	81.45	81.92	82.38	82.84	83.28	83.73	84.17	84.6	85.03	85.46
184	"Netherlands Antilles"	530	59.08	62.97	64.77	66.37	67.77	69.47	70.87	71.43	71.47	71.11	71.2	72.65	73.51	74.3	75.04	75.73	76.38	77	77.58	78.15	78.63	79.06	79.46	79.87	80.28	80.67	81.05	81.41	81.78	82.14
185	"Puerto Rico"	630	61.67	65.7	66.41	67.81	68.94	70.19	70.63	70.58	69.53	70.35	73.72	74.69	75.38	76.06	76.69	77.29	77.87	78.43	78.97	79.5	80	80.51	81.01	81.49	81.96	82.42	82.87	83.32	83.76	84.2
186	"Saint Lucia"	662	52.36	54.28	56.75	59.96	62.39	64.82	67.24	68.24	69.26	69.71	70.64	71.42	72.2	72.91	73.56	74.27	75.02	75.71	76.36	76.98	77.58	78.15	78.7	79.24	79.75	80.26	80.75	81.23	81.71	82.18
187	"St. Vincent and the Grenadines"	670	49.78	50.87	55.01	58.04	60.02	63.05	64.7	66.1	67.1	67.5	68.58	69.59	70.49	71.32	72.1	72.82	73.49	74.13	74.73	75.3	75.85	76.37	76.87	77.35	77.82	78.27	78.71	79.13	79.55	79.95
188	"Trinidad and Tobago"	780	56.88	59.56	62.16	62.59	63.2	64.25	64.58	65.03	65.4	65.05	64.62	65.8	66.88	68.06	69.22	70.19	70.97	71.72	72.46	73.13	73.99	74.6	75.17	75.71	76.23	76.73	77.24	77.69	78.16	78.6
189	"United States Virgin Islands"	850	57.71	60.84	62.27	64.11	65.79	67.53	68.89	70.33	71.76	73.42	75.02	75.89	76.52	77.14	77.73	78.3	78.84	79.37	79.89	80.39	80.88	81.36	81.83	82.3	82.75	83.21	83.65	84.09	84.53	84.96
190	"Central America"	916	47.44447933	51.49342304	54.60937059	56.62875189	58.71084885	60.69755792	62.5894986	65.24795174	67.74897725	69.93511676	71.26556046	72.53055408	73.61776896	74.44550101	75.17521561	75.86626381	76.50967923	77.10868115	77.67473206	78.21045253	78.72861712	79.235982	79.72883408	80.21467615	80.68952495	81.15180352	81.6122861	82.07026852	82.50399442	82.94419975
191	"Belize"	84	56.06	58.66	61.04	63.92	66.14	68.08	69.58	70.55	70.87	71.47	72.28	73.93	74.89	76.18	76.44	76.85	77.21	77.46	78	78.4	78.94	79.46	79.98	80.58	81.09	81.47	81.82	82.15	82.49	82.89
192	"Costa Rica"	188	56.04	58.82	61.59	63.91	66.06	68.89	71.61	72.94	73.98	75.03	75.88	76.51	77.12	77.74	78.29	78.85	79.38	79.88	80.38	80.87	81.35	81.84	82.31	82.78	83.24	83.69	84.15	84.59	85.03	85.46
193	"El Salvador"	222	43.39	47.22	50.48	52.56	53.2	51.96	50.61	57.48	63.34	64.45	65.52	66.55	67.67	68.74	69.72	70.63	71.45	72.21	72.93	73.6	74.21	74.81	75.38	75.92	76.43	76.95	77.42	77.89	78.32	78.76
194	"Guatemala"	320	41.8	43.7	46.2	49	52.41	54.44	56.12	58.31	60.51	62.87	65.5	66.73	67.96	69.03	69.99	70.85	71.65	72.5	73.39	74.19	74.94	75.65	76.32	76.96	77.57	78.16	78.72	79.26	79.77	80.28
195	"Honduras"	340	40.29	42.93	46.28	49.19	52.01	55.5	59.27	63.05	65.11	67.45	68.44	69.74	71.29	72.22	73.02	73.76	74.42	75.11	75.81	76.47	77.09	77.68	78.25	78.8	79.32	79.84	80.34	80.83	81.29	81.75
196	"Mexico"	484	48.81	53.29	56.4	58.14	60.07	62.29	64.42	66.75	69.02	71.26	72.44	73.73	74.83	75.66	76.4	77.1	77.77	78.38	78.93	79.46	79.98	80.48	80.97	81.46	81.92	82.38	82.83	83.29	83.73	84.17
197	"Nicaragua"	558	40.49	43.87	47.17	50.44	53.66	55.26	56.43	59.17	63.5	65.87	67.96	69.91	71.38	72.39	73.29	74.1	74.86	75.57	76.23	76.86	77.47	78.05	78.62	79.16	79.68	80.18	80.68	81.17	81.65	82.1
198	"Panama"	591	54.3	58.29	60.84	63.02	64.88	66.92	68.36	69.23	70.18	71.21	72.21	72.98	73.87	74.66	75.39	76.1	76.75	77.38	77.98	78.56	79.12	79.66	80.18	80.69	81.18	81.67	82.14	82.61	83.06	83.51
199	"South America"	931	50.20996728	52.53161371	54.62763933	56.33273108	58.06619747	60.16833504	61.80255767	63.35720635	64.85283427	66.60080587	68.13613377	69.50414915	71.016584	72.07024204	72.99429643	73.85402194	74.65888799	75.3740445	76.03535755	76.64855663	77.23881596	77.80873098	78.34631085	78.86097748	79.3583981	79.84021606	80.29994557	80.74560164	81.17577002	81.60103332
200	"Argentina"	32	60.39	62.11	62.43	62.72	64.06	65.4	66.78	67.54	68.56	69.61	70.57	71.53	72.36	73.16	73.84	74.53	75.28	75.95	76.59	77.22	77.8	78.37	78.91	79.42	79.94	80.44	80.93	81.41	81.88	82.34
201	"Bolivia (Plurinational State of)"	68	38.49	39.9	41.39	42.94	44.58	48.04	52	55.6	58.32	60.1	61.81	63.43	64.78	66.59	68.26	69.67	70.9	71.98	72.96	73.84	74.64	75.37	76.06	76.72	77.33	77.92	78.49	79.01	79.54	80.05
202	"Brazil"	76	49.23	51.45	53.82	55.71	57.29	59.22	60.36	61.87	63.58	65.54	67.17	68.66	70.65	71.81	72.81	73.72	74.53	75.21	75.85	76.42	76.98	77.53	78.04	78.54	79.03	79.5	79.93	80.36	80.79	81.19
203	"Chile"	152	52.91	53.83	55.27	57.73	60.56	64.02	67.43	69.62	71.49	72.77	74.84	75.54	76.23	76.86	77.47	78.04	78.59	79.08	79.5	79.9	80.3	80.69	81.07	81.43	81.8	82.16	82.52	82.87	83.22	83.57
204	"Colombia"	170	48.98	53.48	56.23	58.29	59.59	61.7	63.6	64.45	64.53	66.53	68.04	69.24	70.38	71.25	72.02	72.85	73.68	74.46	75.19	75.87	76.52	77.13	77.72	78.29	78.84	79.37	79.88	80.38	80.88	81.36
205	"Ecuador"	218	47.13	50.13	53.43	55.36	57.36	59.68	62.47	65.3	67.57	69.67	71.32	72.14	73.01	73.88	74.68	75.41	76.11	76.77	77.39	77.98	78.56	79.1	79.64	80.15	80.66	81.15	81.63	82.09	82.56	83.01
206	"French Guiana"	254	50.32	53	56.35	61.36	62.5	63.07	66	68.2	70	71.5	71.91	72.55	73.42	74.22	74.97	75.66	76.32	76.95	77.55	78.12	78.67	79.21	79.73	80.23	80.73	81.21	81.68	82.15	82.61	83.06
207	"Guyana"	328	46.5	49.38	51.84	53.78	55.92	57.4	57.87	57.89	58.48	60.1	62.72	65.53	67.19	68.77	70.1	71.19	72.09	72.91	73.7	74.49	75.28	76	76.62	77.25	77.83	78.39	78.93	79.46	79.99	80.52
208	"Paraguay"	600	60.54	61.12	62.29	63.03	63.74	64.32	64.86	65.36	66.26	67.17	68.67	69.67	70.78	71.65	72.44	73.16	73.84	74.46	75.06	75.63	76.27	76.92	77.52	78.11	78.66	79.19	79.7	80.22	80.71	81.18
209	"Peru"	604	42.58	44.9	47.65	49.94	53.81	56.63	59.42	62.05	64.37	66.76	68.97	70.57	71.74	72.73	73.61	74.41	75.17	75.82	76.37	76.91	77.43	77.91	78.37	78.82	79.26	79.69	80.1	80.5	80.89	81.28
210	"Suriname"	740	54.38	56.98	58.68	60.47	61.67	62.77	63.63	63.97	64.43	64.58	64.78	66.42	67.81	68.96	70.02	70.86	71.58	72.26	72.99	73.7	74.42	75.16	75.84	76.51	77.12	77.68	78.28	78.83	79.35	79.85
211	"Uruguay"	858	63.25	64.16	65.34	65.46	65.58	66.27	67.57	68.55	69.19	70.42	71.57	72.72	73.68	74.58	75.38	76.15	76.86	77.5	78.08	78.63	79.16	79.69	80.19	80.7	81.19	81.68	82.14	82.6	83.06	83.51
212	"Venezuela (Bolivarian Republic of)"	862	52.88	55.58	58.2	60.45	62.41	64.56	65.97	67.66	68.65	69.26	69.87	70.83	71.78	72.59	73.32	74.01	74.64	75.31	75.98	76.62	77.24	77.83	78.4	78.94	79.47	79.99	80.49	80.98	81.46	81.93
213	"Northern America"	905	65.83751367	66.6880832	66.96887533	66.96831314	67.72892794	69.50648114	70.82737317	71.51365814	72.41543206	73.649175	74.78239553	75.6294764	76.43589148	77.1266139	77.77795822	78.40849434	79.01106587	79.5949916	80.16991635	80.7351654	81.27867636	81.81490666	82.35190154	82.86852243	83.39681659	83.90416	84.42147105	84.92005858	85.42924244	85.92660625
214	"Canada"	124	66.64	67.65	68.42	68.94	69.56	70.65	72.32	73.45	74.58	75.64	77.15	78.18	78.85	79.44	80.02	80.58	81.13	81.67	82.21	82.74	83.26	83.77	84.29	84.79	85.3	85.8	86.3	86.8	87.3	87.79
215	"United States of America"	840	65.76	66.58	66.8	66.75	67.52	69.37	70.66	71.3	72.17	73.43	74.53	75.35	76.17	76.87	77.53	78.17	78.78	79.37	79.95	80.52	81.07	81.61	82.15	82.67	83.2	83.71	84.23	84.73	85.24	85.74
216	"Oceania"	909	58.15503588	60.07886667	61.43779853	62.55328389	63.83702274	65.47904327	66.80710738	67.75472522	69.46518481	70.88431604	72.68607738	74.33104477	75.46338079	76.50854283	77.35282689	78.03954654	78.6737729	79.26993612	79.82540182	80.34575688	80.835149	81.29503247	81.72606625	82.14111782	82.54609377	82.95642877	83.37013804	83.79289968	84.22134625	84.64712429
217	"Australia/New Zealand"	927	66.84370492	67.63644945	67.96241073	67.80884493	68.34583474	69.88056469	71.49608541	72.59515811	74.33301338	75.75454718	77.56123311	78.9378637	79.70481043	80.51206908	81.17694192	81.72091308	82.25482573	82.78849318	83.31152527	83.82522548	84.33883105	84.85022005	85.35143087	85.85415518	86.35392585	86.85456832	87.35347419	87.84591612	88.34456865	88.8357534
218	"Australia"	36	66.67	67.5	67.83	67.7	68.28	70	71.68	72.87	74.53	75.95	77.76	79.12	79.87	80.67	81.33	81.87	82.4	82.93	83.45	83.96	84.47	84.98	85.48	85.98	86.48	86.98	87.48	87.97	88.47	88.96
219	"New Zealand"	554	67.56	68.2	68.51	68.27	68.64	69.35	70.64	71.3	73.37	74.8	76.55	78.03	78.87	79.71	80.4	80.96	81.5	82.04	82.57	83.09	83.61	84.12	84.63	85.14	85.64	86.14	86.64	87.14	87.63	88.13
220	"Melanesia"	928	36.32693496	39.05852733	41.93901292	45.96486449	49.23488464	51.86397927	53.93233149	54.41787263	55.9171877	57.61927108	59.28876443	61.06266078	62.7261561	64.24888613	65.64487458	66.94684475	68.14704519	69.22756312	70.20696518	71.10134456	71.9256388	72.68082291	73.37971617	74.04129567	74.65893339	75.25165541	75.80793516	76.34769426	76.85923446	77.35425872
221	"Fiji"	242	50.12	52.75	55.1	57.21	59.09	60.69	62.02	63.12	64.04	64.83	65.5	66.09	66.9	67.7	68.46	69.44	70.63	71.68	72.61	73.49	74.29	75.02	75.72	76.38	76.98	77.58	78.15	78.71	79.25	79.76
222	"New Caledonia"	540	49.54	54.12	57.4	60.12	62.4	64.33	66	67.44	68.73	69.88	70.93	72.31	73.79	74.65	75.43	76.16	76.79	77.38	77.96	78.53	79.07	79.58	80.08	80.59	81.08	81.56	82.02	82.49	82.94	83.37
223	"Papua New Guinea"	598	33.81	36.3	39	43.29	46.79	49.5	51.72	52.31	53.92	55.78	57.6	59.49	61.24	62.87	64.37	65.74	66.98	68.11	69.14	70.08	70.95	71.75	72.49	73.19	73.84	74.46	75.04	75.6	76.13	76.64
224	"Solomon Islands"	90	44.9	47.4	49.9	52.4	54.9	57.4	58.2	55.53	57.94	60.37	62.85	65.12	66.98	68.44	69.73	70.87	71.9	72.82	73.67	74.45	75.18	75.87	76.52	77.13	77.72	78.29	78.84	79.37	79.88	80.38
225	"Vanuatu"	548	40.63	43.56	46.58	49.55	52.42	55.3	58.21	60.63	62.89	64.94	66.72	68.2	69.51	70.69	71.72	72.66	73.52	74.31	75.04	75.71	76.37	76.99	77.59	78.17	78.72	79.25	79.75	80.26	80.75	81.23
226	"Micronesia"	954	51.90175138	53.96627728	55.99979116	57.88907353	59.99033505	61.68190998	62.96033811	64.33327438	65.68850071	67.39884833	68.72928426	69.90263869	70.93925438	71.90173786	72.77853483	73.65550567	74.51725026	75.29113898	75.98638395	76.6156136	77.20755014	77.76112513	78.30292746	78.8294761	79.35308883	79.86121319	80.34994947	80.82562169	81.28886188	81.75054461
227	"Guam"	316	55.35	57.85	60.35	62.6	64.6	66.35	67.85	69.2	70.4	71.4	72.38	73.25	74.14	74.89	75.59	76.25	76.88	77.48	78.06	78.61	79.15	79.67	80.18	80.67	81.16	81.63	82.1	82.56	83.01	83.46
228	"Micronesia (Fed. States of)"	583	54.05	56.05	58.05	60.05	62.15	64.25	64.81	65.38	65.94	66.5	66.92	67.56	68.33	69.05	69.74	70.64	71.68	72.63	73.49	74.29	75.03	75.72	76.38	77	77.59	78.17	78.72	79.25	79.77	80.27
229	"Polynesia"	957	48.606177	51.94864128	54.02499187	56.22562249	58.21450852	59.94401915	62.48077337	64.39064207	66.20242928	67.61814434	69.01422764	70.30947788	71.34630019	72.33508036	73.2086515	74.01111264	74.76914271	75.48060946	76.15344767	76.78289793	77.37476392	77.90669303	78.40096162	78.87012863	79.33673724	79.78918581	80.23197	80.66353753	81.07762423	81.48081074
230	"French Polynesia"	258	48	53.54	55.58	57.54	59.3	60.47	64	65.8	67.65	68.99	70.75	72.21	73.05	73.98	74.83	75.57	76.23	76.86	77.46	78.02	78.57	79.09	79.59	80.07	80.54	80.98	81.41	81.83	82.23	82.61
231	"Samoa"	882	43	45.5	48	50.5	53	55.5	58	60.5	63.1	65.4	67.15	68.62	69.89	71.02	72.03	72.94	73.78	74.55	75.27	75.95	76.6	77.21	77.8	78.36	78.91	79.43	79.95	80.45	80.94	81.42
232	"Tonga"	776	58.46	60.16	61.86	63.36	64.86	65.86	66.86	67.77	68.38	68.79	68.82	69.05	69.73	70.38	71	71.7	72.45	73.14	73.8	74.42	75.01	75.56	76.1	76.61	77.1	77.58	78.03	78.48	78.91	79.33
