1.1342070471827
1.01210496796817
1.36415137363188
0.237998600117862
0.107270479202271
0.452287816442549
0.220447806175798
0.992376828100532
1.47005507463247
1.94234006639228
1.54521030179684
1.29762838400429
1.24647695529671
2.58661889313185
2.37905592709245
2.9377860890741
2.62254945612909
2.33862852775888
2.625762679199
2.91755926707225
4.72184671692478
4.8896612396736
4.97921921683403
5.36541633445698
5.28988881815364
5.24444645560486
5.64671910038727
5.55321207132228
5.89774644865692
6.71210603510998
