3.67925775895902
3.16479345929885
3.93489764148445
3.79390562378877
4.13980048272835
4.44471381145605
4.96102239850053
4.62017984648311
5.04360095842679
4.84895330283728
4.73350358407606
4.41135116203349
4.49038892451335
5.07636964966723
4.68358373775327
3.8967190377246
3.55061154621894
4.59701340478154
4.47387090863047
5.04459047925046
8.71673180083827
8.18031723694958
7.24033421990544
7.75176196466283
7.19205122571521
6.31114355721594
6.0056264465809
5.35313175037914
4.74110213528798
4.702647387762
