6.91487422465961
7.52586086463798
7.45964234271575
7.4311501492795
8.04973556539532
8.23887182298195
8.40419743402148
7.91795757558415
7.7824475127853
7.54721094102592
2.86732211144939
3.5489870258078
3.71382220619656
2.74188748928085
2.31362612936012
2.5212128024485
2.8659085186135
3.3825347981818
2.35888269608207
1.49990525906272
5.53956046395871
5.04954121492739
5.23147195648282
4.28747410444422
4.0121935135766
4.72172456771015
4.12550933333925
4.05620656617233
3.76368127685664
4.45821920518456
