5.00289994917241
4.69585783054483
4.29410225685117
3.8909489335156
4.72576960475546
5.33824501532492
4.38124261350733
4.73985677278963
4.49588690159273
4.90520736175952
6.72234971784482
5.87120585293005
5.77079436248421
6.03330313152674
6.7914637941058
5.91567193592258
5.4489265041548
4.90363023245394
4.63071479766317
4.90566520464294
4.71715456996435
4.80721194068292
4.33993972818689
4.33464826321551
3.4210397827378
2.6846102797831
2.89341950816424
3.47086824108237
3.41534983743304
3.06574499215321
