1.84162265496637
1.98635418728303
1.55777187707212
1.74641442896176
1.51553206254106
1.74332597063748
1.84416799576847
2.65736293679928
3.23803156897319
3.79220910117855
3.96841365163094
4.39745934720962
2.67129381973176
2.50270254764586
1.6384335071209
1.4884836188878
1.05150667758538
1.30033001228116
1.24574078497357
0.819829740504464
3.26151460103245
3.13347333852687
4.12047836903037
4.48094078941756
4.57534609149695
3.62845688333289
3.3390972443998
3.95408906900809
4.09108790006974
4.61782788831295
