1.43914649814223
2.05155815050335
2.41933818539933
2.83856266673052
3.30637465050773
2.64249953400672
1.69738127692931
1.75072131079019
1.81014042014651
1.71506988855473
3.83141232022814
4.19300770966134
3.64692620697229
4.08989254871182
4.11965530921503
3.5069721443279
3.61578414516322
3.78674600712753
4.03203452049553
3.48586926932129
3.28521362804982
3.36353681600298
3.66060428126361
3.93131102333422
3.88719089506771
3.43526614349118
2.58653589322946
2.01325283440544
1.78840926041609
1.7905311869353
