4.80730985943045
4.6925040071342
3.80315276980175
3.68711003754063
3.02104875235593
3.29446136276012
2.87860564002542
2.98734490852578
1.7615835028678
2.188433128174
3.0312036833599
2.36424888799561
2.15316340526229
2.71135586219874
2.80948108550195
2.95665976543945
3.17731408494558
2.86222550481592
2.50732913845253
1.93135658557561
4.63189417677548
4.35486639472273
4.99188399336298
4.84027352551175
5.11259395623757
4.53979263088534
4.75156974752301
5.12192841765339
4.99170623144003
5.1023804278286
