1.48920713623039
1.55539568608612
2.65974956124075
3.15076390585847
2.80425476075135
3.55865428784847
3.07041798184611
2.96576183640383
2.99790913683347
3.52286789641978
3.00956041761674
3.58692611264996
3.64674169849604
3.32562150340527
4.16376394801773
4.21459020185284
4.20035184803419
3.45716895069927
3.61602412792854
3.48214892554097
4.47587288011162
5.04410285948141
4.37971378656401
4.24111438173166
3.56153611818625
2.81938621870539
2.60262592560757
2.19638824956637
1.15156725286652
0.239093673182651
