2.51345327495961
1.48412814968629
1.77487345667919
2.34393989643445
1.87716091842754
0.986169856268822
0.995613090688272
0.849864244688212
0.355734760168849
0.788660561433062
0.215750127565116
0.221245344961062
0.776947618462145
1.34585985308513
1.26016625552438
1.43858219101094
1.71227642521262
2.16547029372305
1.86682235682383
1.46483366750181
3.20501970883559
2.14152204861965
2.27198235306058
2.42006752185624
2.24029359535415
3.02531253045525
2.75048213346962
2.31896453315493
2.61631457192924
2.05911955854025
