1.72480929319802
2.70392273159753
3.30473139442559
3.01694924342225
2.60971369109826
3.04212073497253
2.19845228197174
2.19161238406682
2.48054637365872
1.98497042643735
5.59203081722819
5.72089662319952
6.39815432583822
5.53725960786363
5.63621607498174
5.54914575913829
6.43360347026867
5.80040599830357
5.69891684833822
4.46884724386876
4.15550568187618
3.37835906771952
2.95555014163265
3.20754006900834
3.02487795241186
3.69226957554938
4.09163719601938
5.28372775623584
5.07355020497935
5.68526413827212
