2.36867080086699
2.81030430242276
3.41732068492887
2.8312350133699
1.76076313939733
1.92617029294228
2.2090266390503
3.07860345875701
3.05792391829049
2.98503269062234
0.424136169021949
1.06525646941736
0.841428314801306
0.757042632918212
1.0175323302535
1.25369506121181
0.769265415626917
0.177942274836823
0.26905376277864
0.99725046986714
3.48004633484487
3.63546806632332
3.80428637413099
4.19265042932495
4.9434952907057
4.36877665284812
3.64535561821214
3.66086610092572
2.66218590794853
4.14759655867494
