3.51074189286243
3.22852427129198
3.32337536116626
2.31790112227697
1.62581048499357
1.86558775150713
2.66718985758286
3.36373845826399
2.5838117793997
1.76611420291971
0.163196905283257
0.758419623132795
0.779064039001241
0.589886670932174
0.94691407459501
1.65535938402351
1.72505754616756
1.68558125279557
2.00570199114915
1.89846173685688
3.98160058313256
5.3016502813643
5.03319680418094
3.45300400589799
3.71807842824814
4.41872914142182
4.37658772042227
4.31790046804735
4.25413112776504
3.39204404145629
