1.99856772180647
3.14311074488796
3.51708554546349
3.27494625071995
3.77791232957266
3.10141649788007
3.05919032559492
3.32577551241726
3.31775548394531
2.83401689740591
3.06145529122535
3.21564257726517
2.75521043571155
3.09879687427986
3.13017461564835
4.13776885717619
4.20456100743707
4.15467102406058
4.42990228091243
4.62487044115427
4.25534971943256
3.95021456247326
4.1407776044229
4.24739584699403
2.89231080166195
3.06570083159152
2.32229714794215
2.08251441689339
1.37581602786798
2.52330845804084
