1.51163435867956
2.0287494212479
2.68520345493189
3.5122109176681
3.73655489344119
4.35050739837779
4.55903985026261
4.30617044936834
4.29906477430804
4.17559780088222
2.62215295946226
2.13138945447281
2.14486653283233
1.01284297015512
1.27546277381474
1.34902483779
1.87650021510193
2.14740719734685
3.32433430356899
4.23178182514379
3.09669472954512
2.34683723121226
1.74675655017883
1.99461795080935
1.29434206307416
2.05221887378272
2.39588386982003
1.93172343212435
2.32789050086656
2.6360761713914
