2.06488509880879
3.06160125541069
3.7904831742359
3.81997701581136
3.38738595563487
4.00312779433594
3.2057195979593
3.14213152005837
2.82544260597356
1.78532072072417
2.37933115983037
3.18741993987092
3.55743040711709
3.57412851237782
4.3311953911008
5.11612493227326
3.94954769321808
2.77888476647527
2.35783584075139
2.5508667289661
1.8555773448414
1.32172877208616
0.989237296928724
0.384165056515485
0.686022254638374
0.240999538917094
1.0711349400226
1.62586240136487
1.3954135583849
1.50240679822353
