5.66813404300032
5.84265205008691
5.34625091358236
6.18794761017113
6.44996023644841
6.14280590765326
6.17637499428929
5.83474477923119
6.39963538881966
6.42776429962942
4.6574407980224
4.67072732876109
4.35011703417691
4.0829728722019
4.44993430598693
4.03789922421852
4.4215179126622
4.12539093349183
4.00278958877603
4.71098799876923
2.19482292842519
3.21775606975358
3.5985936089645
3.12153240481791
3.70634633956876
3.09715921620306
3.61092715270285
4.33273065601227
3.66442510239329
3.5351748709615
