0.546552106039599
0.318818913307041
1.53182154498063
1.87718188622966
1.81598461326212
2.82693527173251
2.07621478901105
1.0237379654483
1.19364657655219
1.58282573643932
0.93090695141545
0.687658739608864
0.746156283288414
0.777308136457577
1.45689013839471
1.99735419411915
1.55527944822567
1.01407984417634
1.41981505585606
1.91182685208644
2.38083371679447
2.92327789594466
3.95948427384766
3.35296625997917
3.19207253125543
3.42883315058471
3.748895021901
3.30180598078342
3.21821333868475
3.7817048756876
