3.92991646688714
5.07091304500822
5.69733263602715
4.82527769896437
5.1908225909254
4.41389794673923
4.83472710292007
4.52734231236058
4.17039464818912
4.27175088032416
0.812996543016806
0.809768509818241
1.4564314680174
1.31973015920806
0.792262600180785
0.325584498145709
0.915062085725367
1.30968040693551
2.32526041194797
2.33979491002653
4.20121466510122
4.35225691555192
4.49667410670904
4.56245227835265
4.72576365063455
4.67782864931528
5.01294175467942
5.66897435418818
5.3743958438516
5.10821152387675
