2.38053497520451
2.14552678458569
2.16294977499348
2.21013374921845
1.56225035821067
1.27237123313339
1.79248348476345
2.16143920078853
2.75885717190782
3.19317807089872
1.66339114672466
1.7166930208072
2.49420435648373
1.71152961571663
1.1068398646634
1.50170571108039
1.41458728310177
1.26508956385302
1.43225774431126
2.33862552308934
4.92383793853993
4.15107643158014
4.81223629201601
4.61150218682202
4.01948815300899
4.63557502507071
4.07546351706448
4.60682195048618
4.23839219306434
4.01089562192398
