4.68282450526021
4.47848660941236
4.40623110695742
3.65215198649094
3.64109469364923
3.63744916810248
4.17469603611682
3.31282420103964
3.0758024523646
3.44786151006412
1.09903477189716
1.81030991032374
1.48312369628463
1.3311405511259
0.873349182183189
1.06155249313451
1.43148162543531
2.19491332794297
1.62176820753831
1.08733450134042
1.44347633213419
1.9766238907041
1.34380826169308
1.9705053067455
2.20092065936568
2.92726846547341
2.94826956065847
3.26042184345899
3.02794957971675
1.83517429437963
