6.45640716416493
6.5847033329188
6.21472033842166
6.52109519771931
5.93865639886519
6.09410446540152
5.82499696996694
5.84730323038695
4.5295405369967
3.61650819897351
4.13322504441255
3.0386366953049
3.89422554936261
3.83545801457019
4.00065135251732
3.9790026803408
3.0348243999202
2.76941161317752
3.47535073472188
4.08350721694531
0.9567792887178
0.60912428437831
0.838660126925503
0.813538773358856
1.2024203023896
1.08606905485535
1.43390627899239
1.00902806520494
1.06501674135247
0.435815562261268
