4.31489592358436
4.35803475140897
4.4205357560732
4.86635697589559
3.74167060552468
3.3915111464758
3.42209718705458
4.15794335914148
3.74122980130013
4.64044676264856
6.01929666480721
5.84141729568802
6.32655047794544
7.02524787007571
6.59549336351194
6.46401061682702
6.889097641396
6.92153681156844
7.60646425437801
7.05156419699311
5.33303741794189
5.20142492964042
5.3031859235849
5.71124856649076
5.29143937965964
4.93111844218629
6.1989853044256
6.04814741338896
6.46432230013715
7.13520265717352
