2.79762173656409
2.57697575213548
3.04290044025789
3.43840738825771
3.11185316087018
2.78151685881699
2.5297527031255
2.84696696719426
2.99718329773555
3.47819233892756
3.753186678916
3.53969201578923
4.42559812455661
3.51235879892706
2.33035275694205
2.74618152789994
2.07587088351637
1.7994125269869
2.81000976390705
2.18131593624629
1.54718815120767
0.626324919864949
0.535200740324747
0.132198527222499
0.822529200930148
0.66903039556928
0.155356516130269
1.20140109653585
0.736541172489524
0.62152435677126
