2.49606241203291
2.43301513778423
3.20723887264175
3.19866823532065
3.16137217717623
3.08252188248006
4.01382455123966
3.99862960829777
3.89462916889606
4.00041437532199
3.23630694885552
4.06286486963555
3.18633079741895
3.08809837213531
3.28276891288161
4.12929836547747
3.97512440549955
3.00521730448864
2.7077281745896
3.34913062032315
4.87903771265765
5.06816721796413
5.50506595750694
4.42793668732402
3.37448409241979
4.36246344466117
4.77533420944226
5.03294487437804
4.51757282736921
4.48332438358316
