1.39179802732542
2.21263081999767
2.30887338798764
2.67851420454538
1.52134696473224
1.70630527576288
1.88602198965818
3.30803748665348
3.67228845044009
4.17591693371504
2.43178255178198
2.74946756611742
2.46334752391257
2.15658587168135
2.59445645075456
3.33361445434556
3.13881381668315
3.76303294321686
3.1512046167364
3.40206414155826
4.69287008459007
4.98928458865059
5.35590028243398
5.92418638098956
5.98819806653977
5.67995209497371
5.33371540657837
4.97709594863128
4.37642167192545
4.97366180630062
