2.02108368286321
1.43216723491827
1.79908314775133
1.8917760051267
2.42571579161489
2.03660963624173
3.12339296247268
3.73511844602802
4.28856813404167
3.41929164268005
3.81383299969647
2.62936050982725
2.37553953055802
2.15574739410121
1.6052878063875
2.7678785871486
2.3160085003129
2.40001582030717
2.52557098588485
2.57582208283756
3.49997185275398
4.2025423656448
3.48871208040484
3.7799836880292
4.05799981101856
4.58705485484071
3.83010175114006
3.76384898752414
4.34852451609887
3.33572975790568
