2.62289434850112
3.38015295488986
3.15917181147488
3.56456861661973
3.40631910872871
3.98019411734531
3.43794002098257
3.77964587643037
2.41078815207111
2.33383093139382
0.610862868605182
1.11564443353564
2.25703696976416
1.88041579642395
1.56786765333327
1.8767852351355
1.47356722861902
1.23278228673031
1.17633999641863
0.702114106629403
3.84876980548163
4.34520835787427
5.00058209625442
4.70733674414825
4.50401860484291
4.19452769085203
3.50775108937543
2.9601392588522
3.19557264688794
3.18519127889906
