2.11995216648277
1.97365280034204
3.11632821129818
3.79733262260628
5.11924921561216
4.13432061046545
3.76458164054727
4.26655688003463
4.4209877281153
4.65229358646845
2.46271193487054
1.95374627568243
1.10551471554071
0.909839580999687
0.707966825031802
1.50342504753837
1.49727838978353
1.06666489856499
1.32680589638832
2.42719615223845
3.71341224800455
3.09963996003973
3.62897039035926
4.20112423243592
3.40521996159698
3.38226519216443
3.87380764743904
4.53801714995536
3.67334240081364
3.60160937032306
