4.8479379716852
4.88289777210999
4.08057092314671
4.2110619786949
4.17675150533292
3.96349969364788
3.77337930582549
4.10650072431277
4.1173103891601
3.41945154637184
1.93362894554956
2.51801914040332
1.86705040692685
1.93067323643116
1.88834639213381
2.02382393338119
1.89144777148493
1.35136574754023
1.30410217423919
1.26454563095599
4.76206719356608
4.40126444043611
3.63602410739307
3.14214573980328
3.35389840200562
3.42735277505611
4.25620274867881
3.80502838797886
3.41143859450724
3.26679414457661
