4.47612292575136
4.03706369897768
4.5176098644682
5.14989661541253
4.35773165290661
3.49929685540915
3.04346438194111
3.77426740177393
4.10381970134981
4.46084311766967
4.55390775306843
4.25076262499898
4.96228415505722
4.83785597477801
5.21849589455634
5.19338835925556
5.76501620361342
6.15472609145676
5.96580610113328
6.15302341603612
6.47308228338687
5.8953785010296
6.27220688212281
5.96531746059908
5.80951513152821
6.11756625807165
6.06069656274636
5.72475950034675
5.57355143029911
4.98287123132234
