1.81477150002425
2.85207755987463
2.43429486065102
2.95521996969288
2.57209525125032
3.87800078520482
3.81074418274616
4.35314688127999
4.12999049359513
4.55259906649404
1.85895149354245
1.38795430017989
1.40680475198086
0.814208187538939
1.02817331338655
1.27252096558563
2.16975591696441
2.0191419219283
2.78777097623437
3.1100078999681
3.19520934261851
4.52153048015141
4.95686586203926
5.52539920623355
4.68947197266796
4.65742621526995
4.60485736306698
4.73506059865624
4.69572735130943
5.15087687967806
