2.20567300542606
1.87597923306165
2.01774443429312
2.64175975182442
1.28318592951981
1.7421342651618
1.61092608727303
1.81191396214088
2.10738976568935
2.18036412321052
4.52216101913701
4.52722299133219
4.74490026488692
4.70009108853318
5.34746738790326
5.67640111373529
6.02407870406076
6.31390844506003
5.6628923428876
4.76279267097615
4.77546668211507
5.36987071024586
5.38054884813127
5.62586257961911
4.64110340300348
4.87765025656071
4.17452824773599
4.35836627712805
4.48469155490671
4.73805474675533
