3.91643583178158
3.95381965683411
3.96192091619234
4.4765771018305
3.97889594905648
3.4518587536608
3.41432008901249
3.94276656731601
4.6536374228039
4.95971981491532
4.62713384797112
4.37466203077943
4.31720865034745
4.76678801240646
4.75685084163289
4.61753675941456
4.78024638037678
4.13718788780753
4.55116934597973
5.57126293576803
4.49865552605872
5.22391533208822
4.38102251905759
4.55901054162343
3.79333475054984
3.2561111772414
4.22799297268314
3.22159946881977
3.59462995696624
3.57182388156464
