2.11022114534773
1.8433950344397
2.18415872485547
1.69566548674537
1.48684110784142
1.57274071465416
1.75152608648112
2.03560158715753
1.84853667359038
2.28907692304982
2.63633963690068
2.40309070112113
2.1743156117438
2.50526452078993
3.43861587555752
3.38346211374982
2.8329133314105
3.26135442564509
4.27675879323169
4.51714515472076
3.58699798978414
3.82516204773929
3.80189262585264
3.97803880901556
4.39036725786064
5.45758920534063
6.09195811282962
7.11853555012613
7.01079584942318
6.68255057594528
