3.86346185477497
3.94834675560752
3.3497977155731
3.58653903254354
3.80619640150154
3.65333440378355
3.90026463512378
4.50181776671717
4.23682496757293
4.58212418146478
2.02041071795891
1.78585068395394
2.31634271240826
2.61368905522893
1.75692082315716
1.74501735067959
1.12891201235387
0.895781122874795
0.834936953410833
0.943049285821943
2.66209255000749
2.6688019328768
3.86683382750662
3.84328804146671
3.4991545852291
2.8259442179221
2.49797544914664
1.97140190600639
1.09729492527955
1.38327521787547
