3.28431208410563
2.52766961373651
3.89019110800961
3.90430955266837
3.72007969677705
2.73547462401237
4.03052481477406
4.21567039870914
4.30711367008533
4.94034333376896
3.84511944406231
4.09907091442992
3.21094428758633
2.73399443772186
2.49852252040554
2.46260596193869
2.01981460663055
1.18556027204295
1.56826956916166
1.85544861174685
4.67330823206943
5.02284503794875
5.7973553910539
5.04884996308614
5.33545131489303
5.40002556700859
4.7095778076597
5.46949382938113
4.81962181764323
4.43897260233429
