2.71670919446412
1.70298139750163
0.987115010611223
1.677199815392
1.75343964248102
1.62190426644931
1.10244099624517
1.80164126647698
2.48857292361619
2.88318520031
4.14045851154626
3.45713759924658
3.82831344952249
4.14090911125206
4.63647785356191
4.459257937194
5.57605301727997
5.24226504005017
5.53173168585161
5.38014176301183
2.99697944121225
3.08307539061433
3.33719337261071
3.42217850540554
4.7419041541384
6.33031902201263
5.76788888750387
5.78858273177378
6.24561448394081
6.7067824252764
