2.35622650140013
2.0096228545257
1.24265788352626
1.30718885939404
1.83220519446603
2.21824670778403
2.50424125497045
3.24730496397058
3.619717212718
3.30327240410077
4.22021040094715
4.3047604501031
5.2607281921215
5.80000429141965
5.28996936588247
5.8115097801916
5.42402588327114
4.45670417952854
4.28588982283497
3.73374163926007
4.21179120458728
4.47634994920408
3.38674967626175
4.17972280627182
4.21043084564939
4.15862528633647
3.50910088492878
3.9237081969934
2.78781401881337
2.54529204245977
