3.54045212924691
2.86357725834685
3.06349003272342
2.70746721168259
3.29446115395265
2.93904857038731
3.24216132172594
3.02031723413827
2.69529325332703
3.02337257451588
1.92830901209454
3.04528825346569
2.98508752824927
2.60421533475819
2.20337685163322
2.61169854128624
2.27294376209269
3.51795632085654
3.96037873878034
3.91469078739996
4.00953439438038
4.58374496480704
4.09749778617428
3.56187196077102
4.48870517291383
4.1357637615993
5.06828272017905
5.27085176158019
4.50585970190608
4.44450262958438
