4.008817711545
4.0800302575136
4.25459954624794
4.73074754367381
4.44849878473006
3.56966578860566
4.65603492394783
4.74878197870911
4.7138286129082
4.38468275600806
6.86780036253144
7.30618786231135
6.93714057166581
6.55567332855352
6.19101406712942
6.1784188757082
6.49931636582377
6.28084939102891
6.2980039279374
5.87853174646634
4.05244073113953
2.88949985621092
2.91467426326652
2.40871914527906
2.63953330489402
3.36610575863687
3.35573860495878
2.56303219983487
2.3481971816825
2.89136086098983
