2.75480452180202
2.56908138119908
2.76297074021133
3.78286463648448
3.70414571531484
3.99336311846875
3.17535347232499
4.25665673680507
4.42998104493038
3.93711714699768
0.395014011918676
1.29660509588487
1.27832934717938
1.48245054661587
0.846715630649697
1.39348592228546
1.66118763355828
1.79581689104728
2.42533584443211
1.56797971591644
2.91715973854392
3.57944244548074
3.2292283289726
3.41000209894358
3.3337079014755
4.24021438445292
3.60227580677114
2.96371429349623
2.70270779292426
3.31916140817433
