0.263218636857346
0.725845028180629
0.494354039197788
0.731797624845058
0.647090717917308
1.66482187528163
1.71450525522232
1.36429867637344
1.2730586421676
1.69668369041756
4.94402345550767
4.64577355726211
4.07580979938208
4.76390785539112
4.39449460572534
3.86336510512948
3.88710147562407
3.62270078622707
2.84695741535135
2.47099132208124
3.88919474609834
3.65316212719013
3.5743306189001
3.59780546866064
3.49155768758324
2.79687319329646
2.42718074174304
3.18040518282619
3.24515072588515
3.46477321914103
