3.34395874979457
3.6100014693897
4.2573900503434
4.90557498321788
4.36772988806398
5.3374854507848
3.7878456964295
4.03582227054496
3.79826596366685
4.15306151855249
1.37624219031025
2.30927583872292
3.3511425358611
2.95150399784509
2.94895504898343
3.00314462738063
3.13138964440625
2.97694149747442
3.23122233752113
2.9659611388943
2.39825697922314
2.73678882866332
2.98114010998214
2.95496186780909
3.05262166242281
2.76381510057653
2.23706728154028
2.74354637479977
4.08114175308132
4.58485170985208
