3.96109128290534
4.760840797146
4.07984560034345
3.77557484507668
3.30218437225665
2.95695071253102
2.32818461726527
2.3691457617573
2.60570392762418
1.98443751577395
3.2907414266374
2.96554536232725
2.35138605418615
2.98552744346671
3.57781095895916
3.13522448414005
2.85558403329924
1.57527688285336
1.48046996467747
1.45824093418196
4.35929382100792
4.88022750566804
5.00997044888416
5.52461801187226
5.33091473390439
5.93574219799691
5.20658962612131
4.31819974442103
3.89790930782536
3.84139261857697
