5.01628978763994
5.29781632914133
4.9460026328165
5.29163148996345
5.75960844118696
6.2325632687806
6.74448272311826
7.5907562117162
7.94935209281105
7.01918034768026
3.37128355001745
3.19910770069522
3.03215753353846
3.20168331518483
3.83089913354901
3.62918617852678
4.43988080366229
4.26941247933258
4.10810002541815
3.80961475215566
2.83361171326666
3.01615542826309
3.25531109560249
3.91479701197674
3.38708390107346
3.96264591019569
4.01428073270214
2.70649787735162
2.34400883035702
2.23037027053503
