4.54681357368105
5.26492387800687
5.17460716012882
4.75276780044677
4.57094443991644
5.72120583273334
5.11401933996802
4.78929957264898
4.12935340736856
2.98353964678807
1.46567678940482
1.73959416104481
2.46102574770339
2.09172470751218
2.30988077120855
2.48297397815622
2.1540329894051
1.74431621306576
2.50875156698748
2.37649122229777
4.31983642605936
4.63219588622322
4.92598478845192
3.99435678799508
3.76374733773863
3.4088010271067
2.24894861946685
2.41138423839455
2.17454501194751
2.47598056989103
