3.90899918401657
2.66174072293608
2.30988795227415
2.7767970334836
2.50466649663678
2.18525151033929
2.60082842769145
2.41853932557671
2.43547827784015
2.94491001321978
6.51836483009942
6.43433783219047
5.92505091910102
5.67259968015421
4.82045735874269
4.57306427102592
3.39358222101871
3.43951167482008
3.6690845358098
4.30997165296812
3.02663174786471
3.19542259190098
3.06045839565672
2.69067500348069
1.864671873421
1.34064224462758
0.817598238892733
0.787650050667926
1.58166747174959
1.53459655996223
