3.69431917354331
3.84084588064679
3.7173296982316
3.57488240496122
3.45597429931031
2.83805808666029
3.16695811953976
3.25222454108878
3.29295974393025
3.05824619862832
1.73814149473938
2.32798719748998
2.47412027971032
2.0372773368671
2.53342609939309
2.08349885505768
1.29079605288816
0.878918521617426
1.4824739743945
1.95635573896475
2.20149818764344
2.71078624113739
2.62588655974992
2.38008511099172
2.5524831294096
2.33718354198127
1.1754799302572
0.787866166560933
0.525760585209355
1.16872265236452
