2.83008696930483
2.43058422394097
3.39691286720335
3.79946233029477
3.64491063985042
3.94427224411629
3.56437476119027
2.98427470494062
3.29621835262515
3.07371683698148
2.68653096341797
2.87972375531019
2.77727094678477
2.23797617422628
2.22871187783988
3.46493666538248
3.61547278392339
2.52280561358879
2.93612081313717
2.09954456461804
2.44900316656169
2.02119172418142
1.80836741959328
1.20583521628404
1.29467350591977
1.05678038017668
1.54261478754523
2.13047949720938
2.66829144356605
2.77025655245241
