5.42585576212325
5.1859792634222
6.14554383189709
5.80627606462979
4.96115206371751
5.79876844960955
4.77418876605798
3.81881702811216
2.902382718434
3.31471956943852
2.38687401870266
3.03778720102503
3.48523984884473
3.45486950490254
3.12306048220585
2.51497016160379
3.21855653616322
3.65728874461448
3.71821754754494
2.67276293135221
3.27532500308007
3.77737618004903
3.65932307881303
2.89204263547435
4.1384710855782
3.92797571606934
3.59356237901375
3.23867399894251
3.65479349295227
3.76329954524143
