2.70959911728583
2.17919465736792
2.22149826377005
2.49961950537123
2.46220719511926
2.38772533554889
2.80985435960189
2.800340540943
2.86783328047328
3.36916430760481
1.91949736682989
2.14669478458643
1.86991831317835
1.24549335853487
1.0034838929522
1.60388595418569
1.57121689984139
1.51127762713965
1.50763352023002
1.36886997561466
4.42621692469842
4.15566015326917
3.81000504539847
3.03072931887149
3.01501822857685
2.88212768234811
3.70661686700336
4.74840516028493
3.92791440491132
2.87555042062453
