1.5124186841767
2.83684786232148
3.77700624414679
4.07788967792836
5.06213099453688
4.0523993677003
3.60771788384675
3.78541459872297
2.95516071475951
2.87534340781069
1.1461797387959
0.590801712699751
1.43629640840604
1.33266121276333
1.79090921475231
1.39353231310503
1.58981834717685
2.0055818745646
2.52256497966716
2.09743817492978
4.50700768611325
4.5370176023983
5.07313674028894
5.1992074827843
5.50697351798346
5.35984848104188
4.61999000389831
4.34370734812463
3.768734391572
5.0863509392627
