5.40814093738664
4.64226245552312
4.95253042642038
4.16006013446498
4.309018955
3.95863152471583
4.47754114250865
3.66571156740401
4.67904469500508
5.18008499209981
3.23611573609647
3.17849239255425
3.58704506876071
2.14828483890866
2.81317954128732
2.91296392565667
3.28286797183639
3.39091429000794
2.77533714103586
2.68964990021734
3.10045050866653
3.15783672258009
3.21178540508014
3.77039383365524
2.9743314689466
3.1841322275785
3.28126104841691
3.40740853119393
4.08704204635025
4.24461871745326
