4.46846185850864
4.10177155810362
4.8556313218358
5.84125454778895
6.29619906851203
5.26109378746823
5.33672062890212
6.03776975465547
5.72416170803438
5.82581977546755
2.57470867640167
3.38830641821976
2.60709804973582
1.97050330778694
2.08585608345567
1.98857049786466
1.95090229579228
1.41278847193326
1.12585875930245
0.527863328235973
4.03302839342058
3.14323834367168
3.14481776920218
3.47064810725932
4.14547564732331
3.52804244999263
3.58400772503066
3.78868159666147
2.69954930167134
3.18155043726276
