5.30968293669701
5.83752519456737
5.03608363919028
4.46193545107798
4.8862709019433
4.20429323130355
4.86214127361254
4.96061834965312
5.17527950617896
5.16349096356371
2.17031202938362
2.0391191982939
2.63491968004377
2.25786325716758
2.24872984932148
2.285636229295
2.82617605765694
3.20201111826458
1.99310523582967
1.63455000203525
4.44016331304125
4.52593196021247
4.08263344877253
3.57498875563818
2.68029644154797
2.90352097829657
3.53710252093936
3.80135302479232
3.05135018844942
3.81670910446758
