5.01658980753427
4.45216005221163
4.68949240604569
4.50532265142692
4.79243985535731
4.60050586770958
4.20143461643457
5.03316660315468
4.49827910723834
5.1286300841879
1.72491208885706
2.27970861716105
2.62733757382168
2.59155236839226
2.86934723987153
3.27639625992535
3.33075738258569
3.5960604627887
2.35745508366174
1.69281309007576
3.26828712643757
2.89194365450814
2.55442398891441
2.57291794673196
2.85138740681699
3.26459549332625
2.91312246059655
2.41829905880271
2.29358085023827
3.02903276833362
