4.00885346145595
4.42058403170894
4.16199354976642
4.06569640557508
3.81239155270386
3.21718257372494
3.15056771369333
3.7433125125585
4.18595453262011
4.48742511778752
2.83905584035845
4.07511999710866
4.13060040885055
4.45909911204533
4.15816686764763
4.23998133741723
4.04388093060286
3.40266977340386
2.57402553755262
1.90347646662437
2.40148573673755
3.19460702061147
3.35136912742123
2.28321549694479
2.098565245814
1.89839603428717
2.27989455850783
2.14041555047023
2.88734587820235
3.05244712417933
