1.86861645843815
1.89564190875948
1.53228837843136
2.75425479896449
1.79193238574163
1.91636342052453
2.4866175668788
2.06979355644518
2.02861929461443
2.53857873552562
3.60388755917225
3.27576544976469
2.82494968318057
2.95557565803316
2.87462933364
3.34702753720481
4.06325603372094
3.05877489273113
3.30712971326571
2.62560615504768
4.39798608098872
3.78900655948556
3.95982634562998
4.18044845953583
4.76442400233819
5.43594089344143
5.41895894434302
5.64426224569789
5.9576064509619
6.0144808436657
