5.70506721421094
5.32319799194061
5.0687601071591
4.53003640391813
4.38598478783802
3.88473920396478
2.93379830301688
2.86333955789865
3.86615898131802
4.10614498888551
4.21248599847354
4.27221233637579
4.33471160295926
4.63149351074867
5.81773433492095
5.48238107627268
5.46642655106271
5.60430009379062
5.48488854146573
4.31554738963033
1.18500839944685
1.6751392496633
0.77889920457961
1.46276856430149
1.10639103113017
0.701978272007467
1.3603267159254
1.92068459416029
1.69027209185284
2.66193341553432
