1.53324934234843
1.24878470413387
1.03385206195526
1.81522201420739
1.66090844222344
1.53053688351065
1.87187515152618
2.39757664967328
1.77892506215721
1.11173719726503
4.40233776389034
4.43918859466324
4.1388752029405
4.33298287052662
3.8872776902374
3.67839376047255
3.08194784145803
3.4447499830369
4.69236217253842
4.02964260662907
1.92314000700447
1.30240983183342
1.07899607711318
0.671880760244372
1.72688445589999
2.14191577027822
2.64832174354166
2.84323784215309
2.52710210835336
2.57832491910791
