3.70569822246168
4.1827797926145
3.43743726827401
2.48454101413685
3.12393919082555
2.82191621192928
1.92492510571341
2.27408195845097
2.71646687752273
2.49546287293251
1.90155667078827
2.77003798809048
2.4194980401364
2.582424098887
1.97838521774903
2.23960374740929
1.92297568547585
0.745977180339847
0.679135478445237
1.0297872804747
4.09837768271959
3.67993139706946
4.32334200919999
4.63156921089089
5.00926824774055
4.59162328181251
4.8358349962612
5.77313905903002
6.04265774339301
5.907116772799
