3.92859893037045
3.70034488664048
3.07075166499914
2.13536484081038
2.83523611685002
3.08740248864257
3.10868568073699
3.36614061374459
2.58577259834166
2.97431220760811
3.78693370486157
3.81443745235459
4.54706008557709
4.53639624139772
4.64774244779268
4.54414551693493
5.68033006868803
4.96536808635586
4.74728210002662
4.8013554766077
3.680606867376
3.35439770920503
2.94879763941581
2.8024428817008
3.0760508498207
3.25858364086899
3.65534423706423
4.7130041981146
4.64624512796591
4.20090279910083
