0.851307960846715
0.587453480176208
0.837164790835232
1.21891197931201
0.862683719221435
0.929081295581467
0.651327713822879
0.954630618879504
1.67475566427403
2.20333596361981
4.70573942416357
4.85126987026299
4.17418453186977
4.01185136831976
4.56976607985474
3.61310384407319
2.92869921851583
2.75019831404701
2.72852211516157
2.93767377455525
2.22724056040937
1.79188747772486
1.02402220987028
2.09454242460674
2.0919707426267
2.67455831770098
2.24231587484723
1.88687681906161
2.64292162224886
2.32210798269374
