3.17198881813663
2.25572233604605
3.46055989227596
3.06820033308457
3.59814672634097
3.22391017895283
4.31696098748903
4.06471837646636
4.42311367866624
4.22619575479927
1.78541673740565
1.32855629010319
1.53044978293783
1.62310087980895
1.52342880444794
1.42711150177947
1.65799764843851
2.54466150093085
3.53012708665065
3.36463348797715
4.67726308004676
4.23671608036129
4.04956559943712
3.92812160998328
3.75658884285694
3.08151150834492
2.83694852324991
2.89727742103717
3.86891781231246
3.88618773729398
