3.08047418392766
2.18603175835255
2.05376625460144
1.71338955223132
1.02668547004964
1.49358626318667
1.06692683350797
1.18365747764278
0.874953940753552
1.75694689411736
4.54684176772825
5.09868540369898
5.15349562919691
4.81087808292357
5.63231254001146
5.6356975800891
5.0358667961855
4.89243162251753
4.01471393523482
4.22604237208818
5.93934127360183
4.635798487324
4.90526624394181
4.47126644668157
4.12589089483941
3.7422199481469
3.51942607032362
3.09880324516672
2.60323330520879
2.09541482821334
