3.85993783149138
3.14995198949441
3.56330628323353
3.58395863001219
2.68594861242905
3.1845372666417
2.90668665224671
2.54716835523009
2.90181789643116
3.27609157471902
3.50138954055084
3.67835045587791
3.65638524042962
3.2562443297874
3.47579177031813
3.23514212975798
3.58866286166532
4.00881734379155
3.6388286974333
2.67809638665577
2.2404278474204
2.01665019267977
1.6311674597747
2.26310908282914
3.39997994318412
4.34147666209185
3.88979974645929
4.17539413832867
4.40472401679301
4.2576216762028
