1.72066971678826
2.63105396293643
3.51050436073522
2.97457945924791
2.38088425966519
2.78646718310731
2.61207343238014
2.77708177264388
3.05335274031925
3.32999526542219
2.72390066070472
3.37764333148477
3.52237073920657
3.86152763973911
3.13632142969397
3.17487855401811
3.38768071361807
3.54191888153543
2.7065014860778
3.31565158774135
3.55287395867542
3.25756749401824
3.27079300520034
3.95024791460508
4.03121370224305
3.96313588421815
3.38827168739424
2.42614834949397
2.85759184563556
3.22154174263612
