3.96124795243062
4.12671111499373
3.35528782031912
3.94559071639369
4.45772956179272
4.31742803061198
3.81142213924605
3.64196034644547
4.39972594457495
3.76071396849866
3.40657716555355
3.4182788644342
4.14338861134669
4.82188525198793
4.18153122901888
3.86177577384848
3.02903388467718
2.45768799846161
2.47032594405215
2.81511128022436
6.15995823190836
6.52663797806179
7.02670807293494
5.90488754627173
5.60329876858619
5.9379254774644
5.0882318405888
4.35106775276241
4.29930670328311
4.33134316996366
