6.73720905348069
7.202471604807
7.05601369473494
7.06113694459116
7.35637223198926
6.89382408084264
6.99698905223608
6.00732301305421
6.23362715659926
6.8827211754516
2.06418794710205
1.35467857625351
1.64152856343512
2.43488499275207
2.72155414344541
2.4727991987931
1.76614031043474
1.30541263764363
1.32532740139042
1.85329633845587
2.09610068881753
1.75723274671342
1.28529638692055
1.81286504084494
2.66901893698059
2.55558878177225
2.70910868321925
2.43883409391537
3.04306698141999
3.27840036636598
