3.83436698088745
3.35424990550937
3.5439193064286
3.30162014411153
3.78468354976256
3.85976860305393
3.09528801106946
3.10160740726726
3.69637893844494
3.62332229764299
4.49344502024564
5.09416831059593
5.31711756957906
6.57146717056843
6.63715093706946
6.41276781943838
6.5656031468718
6.41922503438058
5.8703533341943
5.2233284849974
3.85581893730674
4.13350134739417
3.5893735888018
3.22523290268842
3.21263020180066
3.47683436653478
3.647598840733
3.35348548225028
3.42319328265165
4.40896439502848
