2.21186077030644
2.65134050947882
3.2992269228188
3.28015077640057
3.37288891724065
2.88711402136587
3.30243307179526
4.07464901325047
4.78773467675537
4.50185396279894
4.29704085020241
4.23131487616231
3.70384050072064
3.80295320744519
4.26521259434414
4.83377547962484
4.86592355258656
5.64051051279423
5.67735537692237
6.48643015573065
3.92380501519782
3.70586242870199
2.84884631400607
2.6543805298829
3.43856121366523
4.33599401730723
4.30546134034782
4.30134865827538
3.57149901589989
4.32441767630778
