3.14407575418432
2.86873547904384
3.30026758470763
2.81093576046829
2.5968465107419
3.44653912852519
3.51271736561322
3.30634520654568
3.5558504452643
3.66725462090159
4.28454395712647
3.84647046335335
4.67907858340364
3.60427679497111
4.28183944153893
4.55768348582383
4.47103827286806
5.14277699569534
4.44775833812291
4.49975837668153
2.30709141419031
2.47571572337425
2.18602530427403
2.44082496082165
2.61018025362619
2.08884138334298
1.91004059370362
2.69344105361716
3.16630614656045
3.57425507707543
