1.29411507302463
1.27253702583291
1.75023647954256
2.04459755190216
2.30734124847256
2.27236509786487
1.76259120458305
1.73268560550675
0.531173526519315
0.283123683417216
4.33973328034316
4.33615967268978
4.03186718151827
4.68805888817568
4.21082888320942
5.37697363352325
5.60878034365286
4.98281285363172
4.87007141894078
4.77317461363342
5.4993385588304
4.98900241214044
4.92162359571278
5.16604681285292
5.02548354031281
3.9240172058879
3.11380801751042
3.8677579276454
3.74926715462508
3.7431143964831
