5.51811893710639
5.57695919445488
4.22977338389266
4.64995702596154
4.55449555844772
4.26661089043173
4.0113536427174
3.26420621717389
2.60540216582867
2.46534127512987
3.55735890804815
2.8517406054775
2.83882815139394
2.17182400594491
1.67151003335628
0.95354522117439
1.34439178914275
2.06331229777519
2.06962540545013
2.10063581270609
4.65312159088253
4.70454929265738
4.23156776893497
4.4549320620446
4.05134067809754
4.21760490825013
4.70156399961174
4.00698384558395
4.33706553778224
4.50665574320205
