3.7592016508008
3.98167109751577
3.95766117755758
3.00029365538123
2.61845410434964
2.61310522497135
1.83901024196732
1.64862022182407
2.23782047355982
2.34731161949659
4.41860391926132
3.93887625662722
4.10841084742099
4.30819976753667
4.02280864170864
4.0012773548264
3.63329755915441
2.75340364575498
3.51555200042315
4.48031357517578
3.58352466298301
3.72496107847464
3.70621917860617
3.62881975013797
2.63482720100355
3.55306973399628
3.97779390144196
4.90121559517492
5.16035228988354
5.75313664644223
