0.794855465414003
0.407037566648796
0.997266164282337
0.30038294615224
0.832065982976928
1.53940216059261
2.09320167525136
2.09317639217176
2.82811239201971
3.0715343915245
3.73508804994194
3.90533453719249
3.35705957402965
3.76938487430593
3.57870549922368
4.34588647428459
4.11845503774962
3.50165509855865
3.8192352331665
3.52493310560962
5.09842614173001
4.18817884893338
4.61859280033218
4.0541979286279
4.08175922510395
3.2154834868777
2.44291657697591
2.38306291097956
2.27198058645422
1.35885248495447
