0.0855652338359505
0.786334522301331
0.469824955565855
1.09343239301651
1.48465894870296
1.31719003057645
1.35528594091141
1.45207918949634
1.40605617153667
0.55976721458137
0.392999563599005
0.924038457484957
0.634184969157022
0.319408543175086
0.568679590011016
0.403951052576303
0.789202362650893
0.928233951330185
1.95181932440028
2.00174225191586
3.02042520654065
2.58231541819548
2.39596809519132
2.74687355547571
3.16930001572703
3.36583346239289
3.89250154973937
3.78408490628002
2.84228253591803
3.12247728108426
