2.58174107945524
2.66959293722175
3.55473013408482
3.63559559988789
4.35104543482885
5.18202672479674
5.17846809467301
5.25476174456883
5.01006951699849
4.99315880406532
0.741527888286134
1.56433450212137
1.46382261687325
1.2554207638874
1.73157931436219
2.03436320196272
2.55883737341867
2.99503098652133
3.55871210005501
3.22571827113063
1.8917782589697
1.79550944436407
2.18254892206816
1.57597340974091
1.12523437854899
1.63473615683681
0.733748188755199
0.984270204604328
1.43210440653103
2.42792797403137
