0.877203560434282
1.24023749330081
1.37438199925236
1.49479365721345
1.59887745762659
1.55250014593308
2.60347533198488
2.43746401481745
2.27586455429388
2.43821137953033
3.93611052228595
3.99176170133512
4.19757526805304
4.26841370523587
4.03153674928151
3.20951368864305
2.41965624498814
2.30582032673672
2.5264628582602
2.05206685810961
2.85934554797127
2.24597337108567
2.85177261171272
3.03845505298456
2.49931221314116
1.72588729669886
0.7851770014743
0.895607462576218
0.465294822817668
0.743673743214458
