2.22256002648632
2.85262128923918
2.63101022081922
2.1796598860203
1.32080399334903
0.938091141139221
1.32477739054781
2.00469112559002
1.98302037315954
2.32031840598721
6.10350178939504
6.07190652297092
6.15157751570573
6.45928497420741
7.02028876933386
5.75554519438593
5.20728659642337
6.37146118598467
6.65645608714259
6.01799337042904
2.05087839973641
2.05160127718484
1.85590176766226
2.82298329884605
2.95670773663977
2.83645813062409
2.84278340765829
3.0494941138904
3.10810532712
2.71654221450532
