1.21133517776616
1.75788777298294
1.91588090104051
1.84441017126665
3.39708383171819
3.93794689024799
3.83064557844773
4.24556763772853
5.01363311498426
4.75115799391642
0.987371834093426
1.21060848432193
1.53720702380473
1.66726438478166
1.25207259189868
0.775338844727446
1.49997118684063
1.15503573078262
0.790236496232172
1.04220174286114
4.36618990533337
4.78174182738461
4.08300706221074
4.49165214354456
5.03438807547376
5.01208377222814
5.23781463446379
4.89172411326602
5.51047574485004
4.6228037473122
