2.32992194902105
2.58856061899057
3.17628151534079
3.25925180182746
2.72651341959788
2.91237216565712
3.23498462164897
3.87882158343144
3.9476314149464
2.60059196358942
3.42817964987325
3.46552285366188
3.03915763807832
3.05515971452346
3.41984434098354
2.2422382489161
1.57824713525711
2.24579360939911
2.47483926078653
2.98599854692234
2.92113982182599
3.17430099103318
3.17702273096607
3.02766148330362
2.94935743537449
2.65876454723717
2.41578748802372
2.77267743138314
2.17165183884741
2.8706382273575
