2.68814737540118
2.7283738800735
2.46224008295134
2.32455066665456
1.9155624560491
1.54246048330709
2.76171254533723
3.49462650464296
4.20502001140331
4.4778114992666
1.55918001184526
1.96359691011074
1.91386352978932
1.94480154464307
1.82181195772085
2.2535219729439
2.52450025980628
2.69599424107267
3.1221977937062
4.24824620657867
3.6648447320298
3.1011849299506
2.70131018757492
2.73125625676595
2.62680963237429
1.98463967672208
1.55479810792614
1.67308295118487
2.27435795563138
2.29709993455245
