2.67159543589577
3.05817027583606
3.91147068569325
3.80125972099404
3.64599153312657
3.08556570794235
3.83987961995217
4.37857860612485
4.17592987494345
3.34803525178495
3.89857504026497
4.88057336209806
4.44531755660193
3.87289281281175
4.04933080657849
5.015755886198
5.69330448562743
5.26313102197366
4.71511465006972
4.85485408639999
6.73980526861236
6.94148635680289
7.39945725842812
7.43300836814038
7.13736415585905
6.07217042219296
5.15774062510051
5.16915161978856
5.61454360452769
4.51104885814999
