2.50758134425222
3.41639398960932
3.49550077589764
3.98441475690878
4.90072350916988
4.90125495070196
4.82575052083506
5.8004896670211
5.58576447159088
5.58557433859482
5.73042733088838
6.02264924330408
6.24835894100139
6.55505563837247
5.68872898986334
4.45971756551185
4.14139617799552
3.69113702775681
4.07690679451221
3.96253427752996
4.37651695196687
3.99014250572867
4.04920993337503
4.56506060194352
3.86137018669524
3.50157830272929
3.88323395876341
3.29551568501756
4.28150863028259
4.61443207357206
