2.32058587671173
2.9775149975988
2.16668810207312
2.29454753362489
2.5894997224762
2.52334314189766
2.65881004301746
3.4870187991849
2.9969156675591
2.78221264668655
2.72240688203579
3.18987980642101
2.86293999099849
3.22659503779119
2.28367407288148
2.35203890985555
1.31725084962069
1.58109314221634
1.53633837419307
1.1242192845673
5.00663519028332
4.91113221768048
6.41161367163751
6.13442515692809
6.64885993040303
6.77285697709189
6.19913244424951
5.44985526721557
4.97430114350498
3.67659164983995
