1.73327199329054
1.97286762233256
2.50228796323194
2.76989665074638
3.3778735404498
3.93505540519385
3.23614940518877
3.06932951772018
3.45345166424653
3.65643854701324
5.07382486284564
4.69074982846369
4.06019541480791
4.17149330022958
3.82445058947642
3.45195882929702
2.63169053033207
2.61780048067894
2.2542621670219
2.07420613885178
5.41646219713432
5.73032082680431
5.75298132855597
5.71643096689287
6.01162388968344
5.70825135906827
5.60117110576149
5.32696579665546
5.43895322892758
4.8904197880504
