0.839775460772216
1.16269301413558
1.68316033156589
1.35052410303615
1.52615926055762
0.982361106337632
0.91511916685442
1.31962456916983
1.71636451817642
1.02726893443207
3.8672020806948
3.65264626955784
4.34927145801655
4.08044053326794
4.46613562564799
3.75003288515345
4.3033806839163
3.83993082788275
4.35167315128693
4.6793350595186
3.10212965537369
2.35831941263326
2.38387405812678
2.67214367455741
3.41230446180267
3.21260553073076
3.02152971165193
2.67013336099622
1.81506244918269
2.03559072558706
