4.08909233207412
4.01592396928957
3.91455579044325
3.83147114382161
3.46240231634153
3.33004506171716
2.99613364070689
3.2891652498584
3.00682845941632
2.84046631233654
2.08228629473368
1.38703475887659
1.81877711526821
1.52212229086789
1.55040199071872
1.82997115487004
2.58702781093078
1.82072659227768
1.2077345156088
1.1383708337715
5.7820262724486
6.19335151994124
6.04839195957862
5.32905623125367
4.65438776621119
4.45419150748745
4.06740892114575
3.87541542825746
3.88792602200281
2.98198821436834
