2.97692570142453
3.15655071433638
3.56609541765419
2.50872809608471
2.78212874807422
2.98058432858442
3.60533941798848
3.03531703544785
2.85817125235689
2.61931602755566
2.15154045949837
1.91530945584325
1.32006473130693
1.80360914966238
2.25324315427949
1.86934482482409
2.09527296562826
3.49873160677177
3.98444048444887
4.51881013614272
4.43082942739781
4.32145475918148
3.69350442868378
3.31160930889379
3.45645651473384
3.25563258231338
3.20521478374209
2.78628226388898
3.37228080370184
2.62883487409633
