3.65374952623845
3.17816693963708
2.35435554919989
1.31011318350401
1.25887025573825
1.51656868176137
1.65541267692868
1.11096954434004
1.87305591949087
1.41318973661225
2.96177152881074
2.32091204553518
1.78665015231041
1.81120144589027
2.67251309043882
3.45603853011658
3.5022375341299
3.6466821129228
4.62194560279874
4.81505122825308
3.04572592089741
2.91673372053398
2.38327811724363
2.35909169793147
2.28313372560795
2.85730558891263
3.29052112997924
3.6172050775629
3.61323715654616
3.16367479205546
