2.16434823382615
1.42878070972829
1.2962251150605
1.73351977962039
1.99992966359451
2.39827564811303
3.0559238367936
3.04323293922826
3.07523801505923
3.39208594665289
3.77379251294166
3.16422862675369
2.59793120831579
2.19337870878496
2.08196232606985
1.45684457686127
1.35092229016165
1.32778252046932
1.52929892172482
1.85036151777398
3.85208993585253
2.73919407900826
3.4056577759506
3.19586247719729
2.79330046639682
3.01873692392201
3.01275738595815
2.74183994076976
3.01711658515797
2.95956745219247
