6.27093061743083
5.53876082863437
5.49401104540153
5.89282602324671
5.61980701234712
5.15068026628866
5.28127874244525
4.82408337641097
4.87995876368656
5.14540895234383
4.21447249636309
5.15448511782358
6.8599985045779
6.59230349936205
7.26195414552148
7.45987712639998
7.85325330520663
7.89351288106265
7.57626519266404
6.93891278358996
3.92203876287431
4.27835042313428
3.95750650465243
4.32865208671183
4.12155202159189
4.016169654089
4.61477514088616
4.53928641777017
5.15882624464572
4.01840338704639
