5.37428128388741
4.07192998863788
3.55386340566942
2.58016524755697
2.91542862414683
3.16949888261336
2.85922011372934
4.22666242428425
4.02948513243648
3.2443230465364
0.917323019543225
0.492891673231497
0.187473612604663
0.906627178192139
0.797024334780872
1.72886325605214
1.65046132588759
1.33679211535491
1.72764794598334
3.17109839757904
1.55149240342095
1.49627564095086
1.97193856530017
2.08873888121112
2.71557531521781
3.61914228454358
3.38814359430349
2.87999101744159
3.08833997147432
4.44301007488086
