3.1198202190522
3.17721829199222
3.23277063588021
3.07750954524827
3.07006926737917
3.10645696257895
3.08091530476039
3.20642859678828
3.32547471142044
3.2035739832726
3.11349513652987
3.38987838395954
3.556973477185
3.57125755319935
3.35494265498475
3.69635355728523
3.38882273388206
3.40033675524099
3.45119683926446
3.35557793654662
3.72630438783038
3.55205491944002
3.7994070205139
3.88141912622364
3.54528486654738
3.5387901950473
3.38248757988784
3.48831472924609
3.2282069916333
3.45462240690994
