19.8926949245767
17.4970466384959
17.4970466384959
19.7970760825157
19.7063785659361
20.8973248285416
20.3254472792483
23.1251607033327
20.9076509643537
20.9076509643537
19.4883867270413
16.1343284636252
17.5496509289211
21.5729042920314
18.0151709942303
19.188002612609
17.4870429764036
18.6706892517552
19.884600641636
18.3821391609643
18.200242387364
21.6775155665874
20.2402886042399
20.1987714252195
21.4067831887409
20.1750319689253
22.7287544213095
19.5233395676746
14.0771863989897
19.2485708699571
