0.380513802738104
0.391191232054542
0.468344903713395
0.441034200968319
0.403925061379585
0.462133767547188
0.442026248497934
0.380137039753435
0.457685173859047
0.47771567225478
0.353873762920209
0.353873762920209
0.353847337814496
0.327020441631775
0.381853072166387
0.305081344922407
0.354151791705608
0.339958724829562
0.320068032956328
0.331940447566386
0.499686713359106
0.45824748290491
0.48411897030741
0.494269771580268
0.596113156501623
0.574671589700042
0.53691833631442
0.516494138912707
0.544823636291069
0.493987646563982
