15.8143816607606 48.2531881166984 0.862152838600944 22.7641478497042
14.2417562462922 47.9762979133417 2.01059708812847 22.8244747624728
12.4412342280682 45.6885873705599 1.64837790909223 26.2577978850338
14.204298867711 44.0491660775135 4.00547359348275 22.9536794380281
11.0473858070161 42.1470119564313 5.68866096180864 24.4558201397765
7.74160616593306 43.9626723511594 6.89967298793209 24.3184881613586
8.35804116753732 47.6559278878833 7.73224182113165 24.9487420528192
10.7170651054945 39.7005180024992 7.29388669937596 26.3841991445977
13.3275240988474 41.074225323506 7.74138781627387 22.4687759227115
13.5411660189744 40.1237191732491 7.00831566554241 23.0175331173413
14.3462047574045 36.4052792488997 7.8097806414491 23.3065212095089
16.1388500825522 34.7826596707506 7.59086257777125 23.1504970889446
17.3244428712977 37.1491504487982 3.92178040788457 24.5649441413489
14.5509695507688 39.6559218563539 4.7376156961447 23.1765974962992
15.5791139279914 39.2976960073625 4.33475836761244 24.5004693062628
18.0476991127667 41.3730748225423 0.809786540921777 23.7595142244945
19.0502689446745 39.0438207096842 1.51557703223079 21.4506529530162
17.2981041393665 40.6178140637886 0.981695440365002 22.3772298793892
16.5313944008819 41.9193385422653 1.13307609712365 21.9440178251511
14.0472190121806 44.5006324367089 1.34359339807504 20.748652042324
16.5598877988146 39.2424381844779 0.0962506166825863 25.6041099686573
17.5202677364783 39.4216684237505 0.396667990135029 25.1348694347706
16.9217956799241 37.5518044609419 1.92163692880422 24.1339240657344
13.9609760993576 37.6441331164754 5.03986340062693 24.0084036603748
12.7924485626018 38.3343382467359 8.11224704585038 24.7456409974202
11.6371536152756 39.777292556532 10.1320438351967 21.659523084405
12.4241780885437 35.7096682807781 11.1948626986122 22.4396007059361
9.51943305553283 36.7968899873058 11.2394505314813 23.8739396844278
10.0282342662045 40.9816109419358 11.5985172379993 24.4131649247196
5.9766108184063 37.7877569783419 12.9095109841552 24.1052346070122
