13.3667564897371 51.1851494645844 2.02464037528262 15.5202180064419
13.3714226393533 51.4160529098441 3.6986025008373 16.7529170914689
14.195140122847 50.5757356014249 0.942630433710292 17.683807657207
15.0309063731146 53.8828000862297 3.35830560889816 20.2948973130025
15.129640491159 49.649571295656 4.11494443313939 16.7750956656002
15.2836384539538 47.8778362449405 2.41169208083091 20.6189252703972
17.1365160913253 45.3902512288799 1.33891983074136 18.8633293060176
18.1611622850457 47.8228147395538 2.53649347485043 16.8040433333275
15.7805430793803 44.7331087783359 3.16287019878283 18.7893750644359
12.6542210502219 46.243492753456 1.95729946810752 19.183511372197
28.0352725644588 38.9459242570308 6.9672874039277 15.0882714895295
27.0806624194577 37.9211126329471 8.89129452051181 14.2208473306993
26.3907629907101 34.545104857171 7.52650426909096 15.441209971963
25.8530229464143 34.0255695498642 6.97783297508443 16.3051357418881
23.0089803630456 38.2868627417926 6.04174698748114 17.8805534551502
23.4655170761019 39.619998552939 4.07417640915997 15.5818902571336
23.2466855579797 37.9199277673734 2.8937995993711 18.7911678133383
22.6778079095308 40.7317925238867 1.0652454557076 23.0456311208978
21.6616835203964 42.9636311351033 2.30307095730677 22.5900212637931
20.6637141379539 37.9341872126506 3.64131436552895 23.1898630233332
20.1167453029412 44.835573861407 6.56237499890336 20.941569980263
21.3391372976112 40.7177183421225 6.20177613114425 21.7563685179048
20.5310056577655 42.2484997474312 3.97590987951913 22.4570784196549
18.5629181131008 46.2261571787022 4.780141051481 21.5774362068914
14.2607450816068 45.8923384700288 4.83510034260758 18.0580500969954
14.295659536052 47.5072331431739 3.90135857285419 21.0018195439437
14.3301070368767 48.0279233188786 6.72592139186035 19.1438325047081
17.1030155139894 43.7292758248232 6.00333135586861 22.6330584333798
16.9843384929851 45.0922202024095 7.01815614558454 23.0662152748143
18.7902163564146 39.2106108967206 6.8499884939536 19.9442085185608
