20.9233356897164 43.8744171828959 5.62454448492665 21.8500524788717
20.301353430509 37.3074665892865 5.64494007631604 25.5450843564788
19.5950875246371 33.3315712701525 6.20003463027811 25.4711277328054
21.6310908572222 32.2112084155898 5.2651518208701 24.5390028220889
25.5948775290916 30.6083959501244 4.19089083964834 26.8386832309605
25.2283224355884 27.4526159830399 4.40330203453044 27.1010063209319
22.7398680694856 28.5588710244752 3.93431077262352 28.4913434989791
23.6998421019944 30.038660842181 4.0522603964709 28.9649180013727
23.3532407784133 30.6352440828465 4.78183467912453 26.8447633588728
22.3285580628781 33.6457317450091 5.5988638954513 24.6547285186168
25.3224292807114 47.8426050429763 5.90298126407427 17.737745895814
23.5722324345094 48.1104649823581 7.64778334006297 20.1952465739317
22.9133555916902 51.2746502157723 5.76589663989472 17.861763528011
20.2014989759606 52.1271683238123 7.77111238275285 15.1179989125483
18.5749777871948 49.3135100844924 8.30335990164059 14.3428609535001
18.1836262083637 46.3837545082093 8.23804778313826 17.0497575761782
19.5127883366334 46.8512480078385 9.8972687198464 18.7041951824011
20.2712744091662 50.2316981853106 9.97543353920925 21.8277957307867
20.3805425399008 45.9527022749044 6.12511061139528 22.0201285573414
21.0868934339039 41.3133733309455 6.45230182896491 24.8478670491597
18.6074855578188 37.227761602124 9.45678985234942 24.6597475368322
17.7179538662602 36.9609508581532 9.0977851501953 22.9987541591541
16.7399242109676 38.0488923380224 11.4268679169759 22.2915863968224
16.2048736157884 41.9306605623176 10.3261524274952 21.8072205470667
20.8184969255079 42.1058428004902 10.4973964799668 21.3025494931058
18.2766704221565 39.3693710138607 8.10699893757773 22.0750212555787
17.4991764920418 30.2167991894815 9.63115057223548 25.5502565184644
18.8514926471402 30.8317711545139 8.19401101060283 27.6009768134019
22.0260164030482 29.6768032397128 9.23250544206351 30.3022584233469
21.588918435166 30.8142594046387 7.52698527857262 28.2651857899538
