18.4859378947718 35.3533314858443 6.06451900261472 20.5667072133026
15.9412415173995 38.8961375826849 5.26296515790764 21.9088466483033
15.9545758196312 39.8040304319387 5.75316387466173 22.9921478199637
15.7114667560035 38.5232592898756 6.23868828381787 23.1452667451328
14.8838132706532 35.5612935711033 6.89422033647704 23.5951071650586
14.8673564710716 35.377202253636 6.47433639471116 24.300744285634
15.1766798657426 35.6825737028006 3.25374582074279 26.8778418645395
14.8692119729766 35.7155506036576 4.7557415728427 24.8088131396232
14.985295250366 35.7403823911604 4.5338982836313 24.9124891162769
14.3498699062565 36.0781504801866 5.69566559968213 24.9758232167272
12.179307383724 43.8353543762388 5.99127748019394 19.4825075217591
14.1119136039694 43.4085657132129 5.02193194224831 17.8194931079702
20.2751372915288 42.585731034868 3.08167030236085 15.2301865164438
24.2852289371719 37.9383996964922 4.06788872035552 16.8647510251719
22.0363660064086 38.8264063030971 5.88307584558946 18.7831555583216
18.5243569026261 41.5874749326637 5.66701589600848 18.2414359475188
19.1686088108018 39.9599603473272 7.32863384747612 19.4169903357215
22.5518212905645 42.3687343433742 5.29793999606477 22.8884165125601
23.6835014606386 40.8598655312564 5.04238096514451 23.327299421344
23.9719866607236 39.0117925963607 4.82010776185561 20.3277156145014
16.574829764617 35.0143010092366 1.98171521795497 27.4908927059184
16.9305164675222 31.130165783317 3.70036958204582 29.7899346409666
17.3795313087181 32.2848846108481 2.22990607514591 28.9359879141974
18.9222989424021 31.9533147017002 0.79534548028591 28.5601205537157
18.353846000217 34.4012470431237 0.49602345550123 28.1414762242441
17.4476448033826 34.5021954480035 2.32551845815033 26.8409939129581
18.0476651008027 33.735919732455 2.31363256793279 26.3351686836885
17.5251852845539 34.2743323471805 2.3016050590999 26.2975134838106
14.4423057403181 38.8580208947805 0.528217477491125 26.4592559577631
15.7125420856751 40.2710358369253 2.81276381830685 24.7392320987294
