16.3390477254298 50.2258704542104 3.40826968825422 17.5374524833234
15.2162855151471 43.5661612288016 5.19266924704425 16.8258091013478
15.366262258581 45.7905991004057 5.07686508318753 16.8144740343669
15.073660888629 42.6320184813199 5.85417437285529 19.866677976201
15.7032503929306 41.8441609003899 4.01538930332632 20.9584834463771
15.9788877271433 40.5101199233291 4.34796625410551 21.5309379120924
16.1958328789417 39.9293268535489 1.98759221320385 22.5734174942233
17.6538972590436 38.7970539306493 4.4747110508603 24.9446699052685
14.7571778722424 36.554099090697 6.49915044491255 25.8002443955365
13.3526153225769 35.7337268590675 6.47001174969675 27.3427301597867
19.0829025625092 29.3285938025078 5.46906969410924 26.5797862892501
18.1166706622419 30.9389602801388 6.56244367261974 27.6115101918186
17.2358005578387 31.7925117759591 5.89592287193368 26.6079854236523
15.9438710269276 30.7763649792036 6.89664646537788 28.00924472302
14.447973187564 31.5048355363948 6.5163691646587 28.9970303091759
14.5989594685645 31.8498070077867 7.27128458159789 27.9431739299898
15.099506363045 29.6187206554477 7.38051998775266 28.2358000125758
17.2662204228616 31.5128244572569 5.78561735662445 27.0811262061842
17.5319578953635 30.0569793089543 4.15940896604955 28.5542386068053
19.7426196690268 27.0054989557453 4.83710950097814 28.659045691213
17.1097871188496 38.2864179094053 8.8767411271116 24.2828445515287
15.773433756073 33.9136107614926 8.76713007359656 25.3085094119113
16.7252757037524 33.9303547474286 10.7526907525838 23.4762437796843
19.7095278154044 32.1953936610101 9.4946186422252 20.7782420662445
20.845059655319 30.9325969526275 8.0083611650274 22.7493993315245
19.9481648690142 35.2490783343574 8.13968720361819 21.9932265422637
17.9677599341683 36.0750442660878 7.54427380631906 23.3712875900189
15.2246161423896 37.0783777486671 7.97458285680269 24.6812324348236
14.6376964258302 35.0098365080608 7.51045928049429 24.2178991922508
18.2705118898923 36.3123014995677 7.18496176057092 26.7608735404308
