20.1492664978214 34.7234010161314 8.60744529357895 26.1570761110584
18.7632698161834 28.6497402908693 8.28232691647269 26.3118206886525
19.4658496758267 31.6418436230573 7.59413275356188 25.6845195125739
20.114931907162 31.9428752386424 7.74310162384778 26.8488955758463
21.8248736258894 33.923051787116 4.60779249110043 27.0711221881162
21.6513952153101 32.8460707366879 5.24707561219826 26.5918505778487
19.8635980250612 34.5113094621751 7.21726697125256 24.9245098130728
17.4581332186574 32.3046105276275 8.14824226180099 25.4942499529521
17.3976108252849 32.1887819283124 8.63657779393725 25.1909210691179
19.7560657399963 31.8441455136466 6.57029908739969 23.1818699716476
24.4657766063627 38.0762780921704 3.58957873786593 23.8416446764806
22.9801022661473 35.7001035561024 5.48219656092652 25.3121267809385
21.1584941288476 37.7179768828845 5.51100239470207 23.8776910510698
18.2630846751873 40.6964970559983 4.35138412737825 23.5979859801794
16.700270560572 41.3766745746306 4.84099267153606 26.1249634438047
17.553610427307 47.0858972427496 6.49150306182519 23.4956602007935
18.7467729430665 42.3621549733044 8.12592250304834 28.0668545282299
21.7941754488294 41.641007889627 5.9573925415951 25.7205447536746
22.7209468679522 38.6354919477426 6.56517591808086 27.3311530749173
19.4432235918958 39.5853145132833 8.794370138702 26.5440574918733
15.1573337985763 40.1163011679131 1.34158852189504 24.6356958180542
15.8495151995311 39.5048442456576 1.63411905686371 23.1280185470233
18.6504846146306 39.0379823014776 1.86262447480112 25.5423805811311
19.697195772638 34.513258940697 2.74209104734473 24.8272538661452
21.8239617316028 37.0442506968386 1.64867036696523 23.3831839469688
21.1133899433514 39.7784967431209 3.37198170847524 23.164960717584
19.9108555573946 37.7659034509554 3.27481239349846 20.6308264637245
17.744441959632 44.3603751748213 4.65071014957767 22.7201630052058
15.5905467892041 43.3177351029933 4.67913729804833 22.6644638458146
13.0634361082664 41.2692270646957 4.10956961023886 25.7192642453937
