17.3487429269685 38.9013889943313 1.99956494589258 23.6699556590115
18.0222711214786 40.7549857929913 1.96423369366676 22.8864637364125
17.0571179097508 42.8858726317722 3.01595601299778 18.94712734762
16.0120725815853 40.7132539693898 1.90063419245423 21.5600946096645
17.8075773871671 38.789065435592 1.78598133520386 21.9269576145278
21.4215123017485 38.7438750472552 0.442850319436798 23.4091341260762
21.0164490143935 39.3117416846694 0.760111736599356 25.9831200779738
20.6297938948079 37.2015444924472 0.040538779925555 27.6527047116578
18.5126328043221 33.2910134440046 2.95958909508772 27.5151941009134
16.1985087332829 32.3732828609566 3.61164978775196 28.8631115123898
17.9499711886997 31.7330408079479 4.25356251192081 26.160090200923
16.138621321788 32.3513477054559 4.34497843505162 27.3855067625116
16.9211183791821 32.6878577036305 4.11237282582601 27.9850324356019
17.3231427361852 30.1900109360933 3.5573025678475 30.0977442632194
15.844083842265 28.6119035313046 5.15183703016532 31.0342194074242
14.3801322010799 28.703347097467 6.49673012990547 31.006765878707
14.7673306510203 27.2970536535759 7.31947218391155 30.8271823926971
14.4789267671299 27.1187573594391 7.2283863827657 33.2509344631017
14.1088872092945 26.0926175501547 7.58972980307627 34.1232768615257
14.879411159419 24.7947220818489 6.89922350131086 34.8072965537324
15.9185659615336 46.4794363257195 2.25387183576822 18.9431362073077
17.037950106322 44.2216103159542 2.0497057037428 16.8529726020201
18.8764860279702 49.5863197914975 4.41225059051067 18.7292953957444
17.898077325321 49.1863792542088 5.00343051482923 20.9644115254855
14.8636049608584 44.6823532431106 4.36072745639831 22.9306920035382
15.2226589514271 47.2573867150302 1.51737754535861 27.0973290693586
17.8965288490386 41.9528050845254 1.24351490638219 27.7507131131937
18.02694604605 38.1492692026075 1.84505442995578 27.6102442419728
18.4998775372763 43.3275103956688 3.05502251163125 28.7749687338072
20.3338515503814 44.7718652856548 2.99326686188579 26.7985003541979
