14.0970930480095 34.4283150593258 7.77493596648627 24.2236421059049
12.6113394419359 38.16449346584 6.50907113677328 23.8540775521822
10.6864113765465 43.8140440119639 4.24842192669836 21.9765737501137
10.0663878111797 41.6341461876615 5.82106797438552 22.734020339062
11.0500510264816 41.0168365791648 3.63235353067954 24.9683918093495
10.6218828095044 37.3749148497206 5.30968615849939 28.3415869425214
11.1183141488286 37.5850507812476 6.38561696833436 25.356768537981
12.1375232468579 40.3687950824289 2.61685727368546 27.3392052750267
12.3230138085071 38.8743815789832 3.47147685097967 27.8488979023427
13.8416932997513 34.2598789366795 3.97677600425174 30.2686492018879
11.7857016979428 38.1505738593291 2.80300721107051 27.4046740528543
13.5344233035188 39.2139143709678 2.29528935137205 26.5962897887699
13.6795637871261 37.5782405777228 2.07795925166837 26.8390489893685
15.7515535466766 37.9680467690219 2.40913226511406 25.4868280685227
14.8960736999681 38.8946130387363 2.78203954286448 25.9779042324703
12.6335846381655 38.2340920568846 2.60638361814974 27.54092733868
11.93177906614 39.1744980919632 2.38703678100912 26.5667227186769
13.3799219431856 41.0950681715881 2.8618574786713 26.7411238613113
11.0726927583091 42.4624948484949 2.6596954150591 26.9544209676369
8.50657464368118 42.4851181360088 5.58513837098144 26.8452700028702
10.8406178067007 36.7990073010651 4.96114461185681 29.9767104350945
9.0632018456736 34.8328416384787 5.64826678316277 30.5865700059553
9.6063271435478 35.3740989314422 5.75664059672673 32.1657186085905
12.3093690602609 35.7946118079156 4.03747972090242 32.6642011283513
9.09033793122856 37.6758478600562 5.51282511896899 29.9330925951328
8.47919373498647 43.2709595426016 6.45523599463809 30.5377625643827
9.86016251151798 40.9615301545739 5.96524512501666 31.7723368784938
11.1456387006479 40.6652708568751 5.62538933269493 28.5459684591284
9.54332891952118 38.0928449447407 6.37568232770823 27.1482056408664
10.2470369367661 38.8076624482079 5.94440582538768 29.318635538361
