28.1338915971418 28.9569094808723 2.92694941758486 23.0739146950712
27.0595411870008 27.7523017542868 3.75987603962515 26.2447496576443
26.6649888304183 29.7699193581494 5.52652698061522 23.864280196793
26.8643958793141 29.2298774104121 3.9068124841908 25.1482984515129
26.9550524673904 31.2376753570999 3.38028376600798 27.012654854752
24.477252176542 30.7557282694777 3.74155915974503 27.3362980213239
20.6496819989273 34.1152159556528 2.05119815577353 28.7130954552664
20.5896950089821 35.6863943984513 3.90998174987333 26.9382651908474
17.4315036364085 33.821530608811 4.27155706687229 26.3339051412569
19.5350380148125 33.0061166844112 4.4337724014634 24.9447648501174
21.9663845037231 39.563335812444 8.97303088389595 19.2215388589075
22.6742651926893 39.7956898568612 8.49630997025602 22.8288556658199
21.3220815023947 40.7454623200843 9.31384511965521 25.0776146496182
17.824649612287 43.4118992097588 8.11686209797122 30.1634797094857
16.3976097925175 43.1646778079776 6.40428588770524 29.6981613177225
18.1121335074312 42.9934457828386 4.06394464846895 28.0865532017663
17.2482537606737 43.7784767764715 3.0877654515372 28.1639359227732
20.5839332582435 48.2920836535377 2.29290795070119 25.0006631871104
18.5427812717861 43.9251798381192 1.40546288411133 25.4438609403908
17.4236372465274 41.885432234565 3.49083860501532 23.9715231133044
20.2675331895861 33.0305439443809 6.48674530312792 23.7398828134827
17.312780957638 34.4521118724269 6.29402567688749 26.8944394660137
16.1563853909544 31.7444563284998 7.15719228503668 28.5262265323616
18.2581643312521 31.2361809597782 7.01931732278813 26.8628868476443
19.0264420881219 32.2091343650094 7.01148985806417 27.7223226769782
18.2203261488796 32.1740635895317 8.30875013532793 28.0685057608022
17.2284622164191 34.4065252813657 9.1893891413279 30.1261193263887
15.5335881500497 34.211442993596 9.66847565425492 28.8063809271513
15.1743552383641 32.8045833823038 10.3966046320733 29.1371993733521
15.173335111388 31.5353679700308 9.80582269169322 27.6210624707167
