13.0873859178504 43.1981052444742 0.778453464852646 24.8241811112307
12.3090027336261 42.5779615278147 1.82027548109181 24.6137695393331
13.704775872477 42.3049210707326 2.42288074479438 26.6892918708541
15.2785835506216 38.9716069476348 0.223640905693173 26.1317968966143
16.1034204752937 38.6245642380458 3.07949886051938 26.9833803699986
15.1570647907193 35.3493513219659 3.01664393185638 27.0338668470905
14.8741498672153 33.8403237174865 3.3090532142669 29.6109128540085
14.2881510060961 34.2966527909303 3.0608843844384 30.5728651564279
14.1834587006579 32.284333933486 4.15097705461085 29.5534721237374
11.4285227981145 35.3131514725893 5.01428809762001 30.5529126208696
19.2315567848586 36.4822608674572 3.42911314667907 22.1284071007397
17.0477841982538 38.1278099782426 3.13756029221002 22.6737107947122
17.2291003156223 38.8144028172695 3.45340166303853 21.7159043378782
14.9229325426843 39.8150405162965 4.20186846678626 23.1159154790076
14.6737640501903 36.1513675077082 4.74548576351736 24.5756000474649
14.6035119674737 35.9188300164611 4.54136101462657 25.2038712156666
14.9466847914839 36.218771429815 3.79348194136994 25.3336241807344
14.5954472763286 34.7319367677799 5.89899596610292 25.8715030293467
16.161776667238 34.2064415361626 3.73363732359781 27.8882714961396
14.6640276226781 35.6412640623092 2.16053668549284 29.2929524658712
11.1631063483011 38.2407851109192 7.24307692080722 23.7589643203198
10.0209012158495 38.9495783006662 7.26851525698169 24.7683066983252
10.2847153932856 41.2887774209259 6.73876887853165 23.5539770067214
10.1483033838507 41.5368754305836 7.50159136003856 22.6184868333866
8.73259748379498 40.2232935517986 8.92839523354813 22.8055116423288
10.3669672394965 40.8255206651467 8.7299835207745 23.2358537427606
11.2310057969603 40.4694210923358 8.21404205532744 21.4519271793564
10.0317843723287 40.1282873532914 8.46511679717334 21.5866981700546
11.0867130122324 37.6815905349982 9.82674843950192 22.1482012706571
11.5979275115942 38.0972605336179 8.69363851464 23.1022710458266
