25.7392430569691 43.4060089384871 5.74113843840112 23.4425193424086
25.5761637321096 46.6189199236084 3.94070907792573 24.0600069843914
24.6630492693884 46.1153784606309 4.10837615531434 26.2254584346647
23.7093432386545 42.4046626507255 5.65267799276423 24.2362153845589
23.9690465474327 35.0808212945188 7.18642802074448 25.4268889779906
23.9056421056215 40.1546822965095 6.98422351669417 27.5566931971098
23.4277378186723 41.7074003421652 6.33047213828088 31.6639347680594
23.3077717233589 39.0656689769626 4.18229539882288 32.4255292749713
23.8342963065589 35.2517146296837 6.3280937082962 31.8670355834748
20.3918298752615 33.2945610304401 8.34694507395745 30.0987417016859
20.0626529561912 46.968652540293 4.02420276552601 23.4486986377515
21.6366587499713 44.825017919239 4.41192969642742 22.4054273625143
21.5406014429962 45.2299440390769 5.18664671979076 22.4699897325836
22.1907718771896 45.9973314771768 5.64257851485326 21.7696492427267
23.5397768425882 42.9969788753384 3.06287995254435 24.1199120513402
24.1750054829881 44.4493271509142 5.55398564174586 22.8526182675041
27.0075180348742 43.2459136714184 5.8735003834013 25.229386267928
22.8364599195781 42.6351183432811 5.73659679334425 23.0067518406552
25.8232660831424 40.3768267299705 7.20520201389492 24.7923252365557
27.678036101274 40.3546036196598 6.07855250655838 24.4735043847007
20.3273470962399 40.6533711003765 6.20987938506004 17.8918513453049
18.8704114017987 39.3709347309239 5.72771169045971 18.4702174041835
20.7326287405455 39.7155987751364 5.52731342825743 18.0970758006391
19.779138795252 39.0631889957629 4.34206675228368 18.7121217083183
17.3948067903175 39.6289277678227 5.10280432787429 23.2336581839052
13.4755306822835 36.036104910156 4.75544569381147 26.0283622095165
17.765876399505 36.567479923454 4.82658235319118 24.3269743589488
18.6681939551263 37.7784113971367 2.98159029856484 24.5337364761761
20.1286526854737 35.3441348731369 2.0199227082559 25.6762967682115
16.5367195840581 36.5147135051057 1.80168924429316 26.7404087693102
