24.5140167712945 40.8169681768349 4.9348430482205 23.9773749715453
24.0342735249416 40.817815715768 6.1074401603546 26.3376239768034
22.7481174019409 39.192655540858 6.78196880151518 24.87880355928
24.103720892937 33.0885054095132 6.58772778650746 25.9482691750666
21.6763372679884 31.6871390806927 4.54582126974128 25.1489302901708
20.5037066808364 38.0472990091374 3.94081422826275 23.5351885672816
19.3257440852395 42.0465561252903 2.0477672428301 26.7089489096933
19.1183044922 39.7227532960359 2.72114366008327 27.7211351277464
16.7909969363788 44.855659675747 5.31498568331335 25.0091277377584
15.8132342740234 42.7293634097649 4.31928938500095 27.5129778019988
15.9283881693539 37.7417077739761 5.2884510278804 22.7274828885582
15.0367491183263 40.090234672282 5.24275024590173 24.1984775240433
10.400528109951 37.9517211086393 5.0607561553465 26.7007059088808
13.0784255949241 40.6688221968987 4.67371790885085 26.2218463213083
15.7580800169564 38.7099760230172 4.77010462508628 23.5846292895165
14.0911931266493 41.4118182518993 7.10743597528057 23.6978799483639
14.6727587693787 38.8288090386901 7.60289795655848 25.7087587599542
15.8981245086945 36.7703778631527 3.1198434406528 27.642903280155
16.9095732658655 39.4913896861959 2.52939721016304 21.8689270612683
19.5396293732823 40.4888902198996 0.44540450029166 20.6265875116822
22.9766888749312 36.0878587447974 6.11647065030054 19.8607448312049
23.394217035066 35.3125030476535 3.95469279284232 20.286405837325
23.8599173961856 38.9088760059262 6.4721337289048 18.7821018929079
21.072444392795 42.4658473137702 4.83734729932264 17.6905060557884
19.1406066971794 46.3235928345407 5.65067350957186 20.1966673017291
18.6883087175279 41.086739269917 6.06727278255501 19.4261143968286
20.346969179949 44.2744978254398 6.36401523887829 19.3012507500848
14.9024007983043 45.0745768250402 6.29884561133289 20.304917465194
17.1052963967903 43.0286427318554 6.94906193116397 21.6306280747493
19.0790558923911 38.4183397653017 5.97267641109132 23.5572392467846
