15.9761420167189 36.5441105441308 5.39754241946705 22.1937874381554
18.0644051126467 34.9327204894392 6.28850196332194 23.1285392015009
18.8257588728331 33.386305804951 7.31054822520974 24.3612966459943
17.8685483592113 31.3853401657623 6.36726948691222 25.4809907800258
15.8571323538405 30.7679047613403 6.86196739624876 26.7415557116822
15.609583531887 30.6356714857884 6.21454784788813 28.049059346746
16.4404768873087 32.0223108330884 4.74418000250745 27.8818363411909
18.1193974130921 29.6868011759137 6.81489747648749 26.0083485049317
15.3451570564718 33.1880844434266 7.15157916888285 26.1069209090555
12.4351833456965 34.6405744515435 6.18264651091459 28.1081276606256
16.1898631768241 41.6604491876853 6.76189983132864 18.6572533909777
16.9483067380966 41.2235269537115 6.63641037195559 18.9946958169887
15.5464623919921 39.6368983780145 7.19045595624122 17.9538221563628
15.9984981639149 39.6462777813686 7.17666755468976 17.6841103225527
15.1988548653997 41.9898860070644 4.86880374063198 18.0968849596536
14.0932805173896 41.4682821745773 6.95084739708342 17.8929996148652
15.5734098831988 41.3311040855733 6.83745613409626 20.2236821169934
14.9401987939007 42.1257514376709 8.02765114045703 15.9676033099916
13.7300231055222 46.9944462795326 5.37669282778168 16.3307750345942
15.5209729409642 44.0146969145399 6.08489902798374 17.7826829673525
14.8738452892739 34.9681377875004 10.7944020199611 22.3354187633871
15.8332766879338 34.4194642462545 11.9346437198741 24.7738872913672
16.4185248712129 27.2000408064351 12.2482519691609 27.8132379183574
12.6813915397386 32.6101674152113 11.357556398401 24.9306127702976
12.8493461131463 31.6405544121325 11.5472697796319 25.6505167124951
15.4585349656398 26.7151426708832 11.2086489919126 27.5691586261773
14.878756040124 28.6795801075817 10.5229660667498 26.1084890118027
14.0421001346538 30.4750965290737 11.6229934273621 26.3588297110209
14.0268541657473 31.4059233424891 10.2563088429155 24.3522543519894
14.8673256169181 29.5832141010728 10.0356332095533 26.6763253094435
