23.0428172158982 36.5040398151079 0.491578539695399 21.4841417434056
23.2353109439338 36.9971545685887 0.679013177985325 20.0194285974268
22.1620250364269 36.4613036292664 3.39122044388205 21.5048891675089
21.2086746955574 36.5899636231421 2.81129919108935 21.0683895392705
21.2996773108171 35.7785182325962 1.94566112360917 24.5834923150379
22.2362512092369 38.7101435224387 2.26394577277824 21.6471726537112
22.8250272805774 35.10375124894 4.672755842773 22.9747435411574
21.3341950495699 37.7223453349094 3.92715727582177 22.4557067386941
22.0007414110907 39.8990882031095 4.91858949952362 22.068453290327
25.6460582791799 35.6123991013299 6.90532122922665 20.0577630408244
11.7287021792473 38.7949180550116 8.0305502136965 25.2535450349738
12.282554826234 39.0811891307297 7.77446610400493 27.6699306833048
12.1435626454258 41.0934831470425 8.8929478464559 26.600330248331
11.6652711217829 38.6555538338052 6.54539030357277 26.2636715394948
14.2147834568822 43.5568181390317 5.63474281025132 26.9863515689541
13.6859216967204 41.6595894393885 6.5967409087812 26.5819497152735
12.4439042104178 38.0098083505781 6.46804756680516 28.1101523944015
14.1572013655323 41.8661496888289 5.19685229342444 29.7193890194332
13.1693874252606 43.8249586902001 1.84908785796737 28.192930868726
11.9192717513345 49.411755816769 3.7183057738935 27.7919227079412
11.8472377628375 38.6682093926988 6.74125664684016 25.2777068235422
12.506673157595 36.9481827580652 7.45708720811725 25.35888144777
12.1993287284 36.426176912012 7.59403711769599 27.9709665517587
12.5001474091856 35.6155894750003 7.14936217668336 28.0532942370775
10.8790595516636 37.6363437309947 8.33001043370794 27.7923327650207
9.2089278489369 38.7362900131337 8.06303339915678 25.4454562965113
9.38178146121272 39.5145158110049 9.33544205739685 26.9601401522088
7.68678362158307 38.9013618439298 9.60689162747525 24.833685001232
8.59407970079027 39.7801423332516 7.6652104068134 25.1354964867833
11.2677229675724 36.9933001808939 8.01417257502265 26.8949920978505
