18.9565271186012 31.3287301877359 2.80853222873688 28.6928079261007
16.2938302941921 33.7185054262014 3.88385044416023 31.8916261785227
15.8250054652172 32.385569718577 2.73951433371362 34.5752222196477
14.6065879846292 34.5345722375476 2.24249724129231 33.5413576926383
14.3685838157322 33.5145266887144 3.31651055929251 30.8865706682288
15.0469944769402 37.1272739854054 2.45157168083824 30.2954780751922
17.2687558041771 35.8868225074717 2.37321736081503 29.1757194406887
16.0564893264209 35.8549851477554 3.05692672007717 28.3844423152109
14.8314623982131 33.0087376218697 5.75133261666633 28.9809431159075
13.2596663935527 34.5946632675315 4.13312301551923 29.1103858584024
15.8440185078277 41.2596206042346 9.67957121761964 24.1173289653546
14.9740696745781 41.3973118009934 9.17452410677897 22.9846508645154
18.0073592281757 38.7048358487854 8.95966227960066 22.4576406090221
15.2607606668813 38.0203139394479 6.30170201488995 23.635572453279
17.5449283142431 37.7489904345902 8.37867427805663 22.5395219347141
15.3439240801005 33.3697892272802 8.36561118254662 24.4720826430879
16.6378746052129 33.197963995296 6.33969006433376 24.9817996658801
18.2275360572009 36.1766728883567 5.0693600576114 25.129443576601
15.5268616779564 37.6390096781733 4.89204302292541 23.5126969786777
19.9534657300307 39.4702270217053 2.32411647240856 22.6426513540043
22.0401988331149 21.8615048741677 11.0112590645346 25.9733289438126
21.3375719982993 25.8906816118152 10.2604460737108 25.5172500177113
22.075148592485 24.7299201375753 11.1051779952862 26.6613276214165
19.1614992737452 25.3804207191751 10.0655493997441 29.5227122946229
23.767337852871 27.5067966200983 7.41120689506022 27.6543363664817
21.9488083213285 26.4937343944436 6.81557892034141 29.4771364199275
19.5767566464559 27.9018098793564 6.14613687833151 27.1585961047837
16.5393918283001 33.70478408084 7.35351978339566 25.6857928288325
17.4813232008086 33.3577652233535 8.05692715434668 26.8528174859628
17.597517449008 32.3708656019895 6.87910694344642 25.4407039488822
