15.1828255431552 36.4158276231477 3.54257647978336 26.4176462568184
14.5444371486636 39.5539290444443 1.70147389755584 27.5641687517827
13.9927802999126 39.0831511558435 3.33202516240999 24.9031363041226
14.8698841985868 37.2369821185259 3.87540214690271 28.490532362116
14.3494817009749 36.0008689041262 4.06189416694155 29.6005040800473
18.6649547657551 36.6799816095283 3.45828790353311 26.9867036903551
20.0802916344809 35.057788994614 6.58535577865018 30.0852710010758
17.8010246659824 39.6074692443795 6.50272643244963 31.4003930531716
18.1409809495518 38.560647559803 8.9031152739669 30.0521121157607
16.5399632835025 39.0919547765366 9.23153886529754 29.0880930137163
16.386740984641 31.2695344121886 7.22131557564415 25.2193277951611
18.2272005381659 34.2459854562199 6.44565595977172 24.8514773713706
19.3852230275646 34.6749770398615 3.88414677942336 22.9225699965192
17.4578105742414 37.3855857182658 5.55466833978124 24.45395502246
18.9324535625358 35.3336661445552 5.16982991748653 24.3049964325784
17.049731419452 37.9868777516873 5.68260154713735 23.8008436912952
13.9244093643804 39.4862077260965 5.76314098990312 22.344913641764
13.7798055541073 39.6574613220655 8.09252171168825 21.1112265687717
13.2131044028805 42.7280889774338 5.00431154059967 19.3331066051779
14.1233677177237 43.2203786779791 4.94254151379479 20.6481237435453
14.2323587250871 40.3470063621995 1.70455684955232 27.0624749009453
12.7761232399357 42.8755934846472 2.00953051471151 24.4278455907055
13.0510491861937 42.4665930320394 1.79289059853181 23.2465254561552
13.0073128838999 43.1059441038292 1.93507413938642 23.3228792333552
15.1033796076215 44.033789688385 1.79678611946292 21.2769175881352
16.56622620411 39.8515824378831 2.98982590902597 21.9781150111761
16.22663421122 37.8867912736153 2.16526726412733 25.213685005254
16.7639642428941 39.6390373279703 1.32520330930409 23.4713644099448
13.9964964952676 37.8181460654315 3.84694730280899 27.0368213693638
14.5818236217852 35.7079404006664 5.18955385079607 27.4625080910538
