19.0495208460158 34.3834780058949 5.5935081576762 23.4409860116032
18.3960590339517 34.0174514178443 3.90419998767984 26.2200601812986
15.4379488346418 36.4739183571446 4.7714560928588 24.5309376477844
13.9699640898243 40.2766802122142 6.27527083180111 24.7496501303858
13.1637946926266 43.5908221092332 6.75947971853439 22.7828378215081
10.3223202787548 46.6301663118388 5.02819600284111 25.4283276146878
11.8718096315131 46.2622410975346 4.73428398768429 27.2611202544202
15.4892026714524 45.6334058798716 1.78310757970449 30.7997046283115
17.4157798241367 45.0629809357092 2.29977509868331 31.3598543108784
16.570728279412 40.5732352554664 5.77091259649023 31.6739679524894
20.6416417287844 37.0135342064627 3.26727910568473 20.108372552416
21.83458763109 38.4810502936726 3.21779805909989 19.3446258000274
20.1751583705604 39.3449728145579 2.90640714751661 18.9483767665167
19.620191329433 38.9969849390494 2.68798655186246 21.3667864148681
18.6784080064803 37.5981486807163 2.62463135978605 23.2735310803343
16.4514726827926 38.5757137741479 3.33110597700503 24.2051999085759
13.4169666365794 39.5419099344099 2.3152590770616 25.4044230860834
17.3095372169352 40.7693631550456 3.80508259235572 24.4004145396118
14.810567702081 39.0883452789085 6.18618064437684 22.0369006992494
11.8060001990832 38.4681210661465 8.6070088524713 23.6388021930809
15.9825334835134 37.0739708707364 5.19917809044196 27.2006128622863
15.7322001119412 35.4817418542206 6.19193587027538 26.4022706250373
18.9237803050584 31.6665841059274 4.61053396988708 25.8593358599294
17.5211966435692 34.0537074063994 5.44291861020219 24.212388742407
17.4451359768666 31.8866020385265 5.55081891049821 26.4553562375003
16.685693476233 33.7965031503789 7.02296223765577 26.377629251241
18.1417887157355 29.4116058307838 7.77328438220991 25.665311079494
17.3815022355471 30.9412278681557 8.12889426087475 25.6474600117871
18.9220582349177 29.7245994131278 6.71728317412995 25.8292741764005
19.7711004828985 26.7050473995721 8.14399985872657 25.7913329459784
