21.7149863601482 51.3095260455866 7.11489155260007 17.0044126799072
20.3376767891279 47.1576063481752 7.6385731097808 16.8552883686239
20.012695137859 46.7115299064349 6.04424485694932 17.4735477911005
20.3754801708093 47.8471311860734 4.6249970071329 19.2632822319562
20.0987577409445 48.6231086569854 3.30424996836307 17.9410779103333
17.4501175908008 46.7096371672604 2.91185460681369 14.9828424146096
18.0587998788559 46.4656646405607 2.07319549674745 13.4257701877201
17.86029091336 46.1191950336869 1.55837945727277 15.4647125769103
17.6266378147486 44.7281028902874 2.88955092196636 14.9753515747089
18.1191765750263 45.6101059084543 2.38831413366396 15.2570508237265
12.1294841332285 39.2259365946862 3.17026984019104 15.5900159057994
13.6509048593794 39.5254726928717 3.41265799001275 13.8465227725748
14.268403299116 38.1916917708029 2.60870435543774 12.4935749453301
17.6409707655762 33.6736278460619 1.98812865804366 11.4689391082682
16.1943986899783 31.8381147655917 2.58010644558817 12.556482965552
18.0105371800815 26.7377323850373 1.84678635396995 15.4537189290456
19.0741697018598 25.8043568960706 2.74664150853641 17.5314436456421
20.7739903322787 28.7986781668892 3.30183707627987 20.1360631747404
18.1539246269029 27.0265939666001 6.98354530645122 19.5862263649935
18.0540443388875 24.4608589354966 7.11217782165443 17.82633985243
11.6097713957062 40.2167809554577 7.27716829612354 14.2746799873042
12.1941007444769 39.4103188854155 8.00190550259749 13.2697392800677
10.795211425437 36.8591836681103 7.14032345412733 11.1114194919797
10.5373079333588 40.368304413229 7.35770637014384 12.7846475833713
11.5858236322313 37.2439632550544 8.4016398492592 13.8341696126073
10.4148794906152 34.9537412630911 10.3513051526012 15.8018532780617
12.5914914188844 35.6906331785124 8.78203820421795 15.9145972387551
11.7398175542678 33.9687561786834 8.97244803429084 19.9180362749531
9.64533913521718 33.1368364218239 11.0154563655003 22.0458437366097
10.586025870986 27.8138546321158 9.41796846017275 23.2336429454073
