17.138820851341 27.8685961219057 10.2676841187274 27.6334758573725
17.7253765473377 31.3243272388866 11.8939874448331 26.3044286521371
18.9892264669996 31.0402511879242 11.2592108183524 22.424511190674
19.3169249898699 30.8814643484534 11.3499629712895 22.0204302639801
18.686457395449 29.2399628957216 12.5581012386955 21.5358490067635
22.0424651465264 29.9162248831 12.6590352285565 24.1967865199883
22.4425848265064 26.1491548302536 12.1530209176693 23.7619229461167
21.7233123664484 32.2054749624756 9.66094673239442 21.4211975772966
22.067653843354 32.3403518386877 7.98698259448449 24.2917677871052
20.3264563131738 30.9562011378993 7.87104574987481 22.308303149334
23.8112752793555 36.4138378840778 6.46926543076952 26.5128180804534
21.6236625902553 35.8940101028327 4.95381415851844 26.9775478198064
23.5839590684395 34.4007924748491 6.62669621158821 27.8894848870085
19.1021308375496 37.8464736570511 4.85671532836241 27.1518603209377
18.1344158322126 44.5859889718611 3.99758106872869 25.4548455346347
17.7090168547393 35.9016458000895 5.23728603899908 27.9741698875995
16.2059440971825 35.8675599303003 8.89110807266516 28.7870973469661
14.1045357310686 37.4339768553133 9.25090427261275 28.8809990715207
17.5427968199838 39.6406970854829 9.4579360145839 26.7096139369504
20.0620075972292 39.8769733443986 7.41132180734014 26.4466228364007
18.0201637842017 39.8888435760282 7.22077081714945 21.7058425371022
17.8103880881422 41.1613840619918 7.1843586081099 24.6450670224101
17.7637853060824 39.6735646452763 6.87431499338805 23.0228452666149
17.5908902182219 37.1639177193356 8.9361576628368 25.7229852445841
15.2752533272815 37.5492989145642 5.94976292131323 25.6545359420077
16.4546937129435 40.4827218211959 2.99747740402859 27.2476583078921
18.5444176892725 39.0559780902932 1.90693080396525 26.0900449166993
21.705137345658 38.0010618704841 2.19642532104626 24.7235192312808
22.4981979818058 37.5334086942025 0.088867676910013 27.0492062252895
24.9822429713768 35.2357156955507 3.12973018549383 24.0469126630687
