25.7799219259802 35.104253506789 1.53348964533798 22.4954280229656
24.1128228431377 35.6221170507924 2.24952824750944 21.2769914786854
21.4313964008744 35.6595449585166 3.26532862789027 24.6799642132186
20.9761908551137 32.0307039494055 3.22606087121012 23.8867344786935
21.1249213787314 30.5733567478131 4.19120382856666 27.1667912477218
20.7018672787171 32.8076296341072 1.10168619723147 26.8408104419299
20.0517573860061 31.6593263636001 1.77398030972108 28.581268386573
18.9822981174004 35.7504051606179 2.46500393352471 28.1942242352594
18.9171697150614 33.9416223088288 1.86958986078389 25.9614914186601
22.1554967470165 34.3748209589384 1.01037894242929 25.6837784868036
14.8258418275483 33.6486447828008 6.6899185432516 29.1272194931854
13.3878145164319 31.3057384660585 6.53455835752955 29.3336712324112
14.1033175673776 32.3603382553374 6.6630884094521 29.0512085029637
13.2909995380598 31.6943892296564 6.71537529749323 30.0241329403046
12.4097711060005 32.7569324527181 5.68939367847044 30.6825232754153
12.6993520910746 33.0091641340913 5.40044794521724 30.7602959663299
11.1416062404249 32.9806531971543 3.40704713222197 32.4981080597889
10.7610161789005 34.0613372787376 3.32822376385727 33.2332542470348
8.567423182564 33.7948085647606 4.19444722473464 33.7336928133498
9.26525674144986 34.9578259921493 3.97420848324738 32.1598833592575
9.31904021938018 39.1727757188425 6.69905570145629 25.2705190749748
10.3534187051408 39.7546628395833 3.57973857170395 27.7587923202572
10.8706345577664 40.7913069854297 3.90707725687046 24.4536326303362
11.3233173684081 40.9905824627004 2.26132281432022 26.5794494393497
12.0985823440229 38.3262062359809 3.69990336760041 26.6842019291229
13.3218480583685 39.3848247777214 3.60439010006562 23.9911095913134
12.4172616201462 41.1453873326545 3.58707605802282 26.3813837300547
10.9158951370986 41.0117352179901 3.00597965053111 25.1702680990999
11.6037364653779 38.5498208052951 3.65118800528077 26.7071098075758
8.74279708187112 37.177423491935 1.74986429632561 25.1341245663862
