25.2828191767131 49.7152731590325 4.92131495266221 15.0320152652674
25.7189218072837 50.4366527804526 5.76984108262695 17.2847836551481
24.6376963711028 50.3669379053862 4.14160190784155 18.2285742921047
22.0315527614822 47.6296475970235 2.79304703387958 18.9363097709828
23.4778551128256 47.2850255692047 3.45262365409875 23.7218522087895
23.252296523613 41.5742286960268 1.42358073545682 24.0717093733363
22.5279737032565 37.9152434365498 2.32288668653928 22.976647778716
19.7543820684391 37.5488125968031 2.37062341743149 24.560758137446
19.9420491914811 34.2253146979265 0.908982702065259 26.130499865942
19.2339228267729 37.6915820536442 0.960132571868598 25.4350562208224
18.5452944273054 35.2488345964181 5.79710092620774 23.6740721033397
17.2172967418953 34.4899356059569 5.36627275072088 23.1042796324449
17.3160439244993 34.7499168868629 6.15352420159897 22.0609292341911
17.908854071294 35.7216025825903 7.95426564281173 22.8872164860882
19.4810970774265 34.7153039664774 7.0264593409944 22.5628955457874
19.0122764570983 32.3368773895636 5.67271714494217 24.8986173686975
21.0312359551312 29.5106512802408 3.59582378551948 26.5746182189727
20.0109672857793 31.1649200935603 3.10092069487672 26.3810061901281
21.6784936334488 31.8609945243911 3.77662752470433 24.9615301820854
21.7115478781534 31.9396577832044 4.40616561303301 22.8523556203985
15.4891283847316 35.5439775724112 7.98395953292108 22.4476981531132
15.0767168471669 36.0825506135781 7.73841522528851 22.0295811103931
12.7611539463964 41.35614647228 7.0592866596304 22.8340191841747
11.2587884275712 42.4120990507567 7.7219377898615 19.8628656017085
9.79042871806206 42.4143596250786 7.34659566223025 21.1976195564916
11.3728423206824 41.7645978898583 6.85004857218463 21.283187560078
12.1888515736623 41.296290869072 5.6871316009651 21.4851212029273
12.0978470632522 42.762924804891 5.61618708033847 23.8994152213374
10.7384499620947 42.2500315411747 3.06690345687593 26.1538263357172
11.3881850691813 43.6591813038834 3.11898747931036 23.9082545678059
