15.0423997361226 45.9848858415449 8.01767879789873 24.9062096067928
14.791491551326 40.0370871704067 7.39960907930686 26.7567566482196
12.7853565663112 37.8489826722066 8.48260688614278 27.9567967595378
15.8996382718919 36.2448281263928 6.89593787603258 24.9780019566262
14.050326816739 37.9888596562137 9.4846361516527 24.0939477670783
16.7093077283366 34.6061105252644 8.26385348031197 25.2467484714309
18.1682966537787 36.2848928216184 6.29711922883887 23.7940516655825
18.613709396684 34.8406380972785 7.00432090838947 22.476436268308
18.5860477276159 38.4013337808621 8.37325488641434 24.1571147495441
17.9865870984421 39.5079549658386 8.58671918307007 21.9213670918279
17.3181801054874 32.5936431824408 3.70802685443547 26.723175107975
16.823596073153 34.3766363783913 5.66307020198789 25.3058489082269
16.9472136030221 35.46423738108 5.23641972366111 24.066762653727
16.2947708776468 35.9607438423554 4.97602750853248 25.0755285635478
17.0556242614302 35.4439675021167 3.4397376089225 25.7255747096364
14.8973890899262 36.8937477494832 2.97451158593022 26.3748812335238
15.1072195789358 39.0710329205971 4.34651843263878 26.2207868271202
12.7794457076967 40.6726731867079 3.80348878687266 25.7827872388193
12.1190003774901 34.7506815269194 6.27200234929613 27.9045170663053
11.7234372177778 36.1699057211704 5.6350611424218 26.4968703627715
19.8982277218433 29.9399537218353 1.83797513447667 29.3912879799532
17.6429130559967 31.2746648222758 3.29049195475841 29.0917839128118
18.1575157888414 34.9421649205117 4.07472800520214 24.4334744549881
18.8324695376728 35.2142922051801 1.7910916135736 24.2130041429367
19.7677346520276 37.2379021023019 0.541707968339324 25.0603290991451
19.857834545538 39.1927217009692 0.223335452802962 23.8618790227513
20.7361121025087 36.2142261024435 0.801834990364816 22.803533332188
18.6850254267841 37.8273383638707 1.06729836934371 23.5976888702702
19.7438283778799 38.878846845485 3.19614752556909 24.1738304027807
17.9173308817741 40.6930524726454 0.440986703149974 23.1313377728205
