12.080542095057 36.0280970899746 5.93607608732968 25.9743518624853
10.3415948860862 35.2473416158926 7.360821335029 27.1363577041967
11.0478585130119 37.2233940975737 8.18189743967927 26.6229969104944
12.0452154870374 33.0455531187352 9.31767186478459 28.0429042894586
9.45798542213122 33.1710026690733 9.93107846102424 28.5548400893936
8.10706167251299 37.525088348705 7.19024413477376 27.6020848840637
7.65551787587783 38.4693668287244 5.32695727448657 30.7789793020276
7.47610239005616 40.1577317176673 4.17236670179039 30.222357663901
9.16419179989925 36.7087918196853 4.81628414502114 31.1891696276302
10.2225854151972 38.8643458180273 4.83540787890429 30.8558383379254
16.1549295482563 32.7210915388741 2.68276948481798 19.1533374054841
16.2850260888242 37.0239013769494 2.56910014842953 18.5317367195665
15.0227800244168 37.0970485017203 0.833930361550301 16.8272927274509
11.4940761308819 36.7259818201453 1.74405964300968 16.2860221175059
12.5220877816603 29.6081373265513 1.77995647047646 18.9964079010813
14.1633377279788 37.0709402270183 3.51786478701979 18.8345484567388
13.1355771892823 34.8499347164795 3.74989394880095 19.3836591938037
9.85819365038792 37.510149820105 5.67033453904287 14.5751371031191
9.84133961844514 39.2856993254766 1.79755743350097 13.9108429133456
12.9663986884409 36.0191390913472 4.11203194661945 13.7772741132911
16.6276585654886 33.0426978413099 4.14253539301798 29.5752611258791
14.070216178854 38.055746240084 3.5708059837424 28.4529706347526
15.1101688276576 38.6883217641236 4.19240343110997 25.958251439573
19.1170245287539 37.9589026765981 1.89279151698296 27.2089042408185
18.2426609439447 34.5483955737251 1.34070862726961 28.8699524044783
21.2542647156536 34.2376744293341 2.66412620362826 29.5708021368624
20.1694195733085 35.8045275390813 2.84546737675555 30.0628447994868
18.5240902891425 38.2161181781175 3.22080929204822 30.2273631092439
16.4526853123722 38.1020852333354 2.90457738214172 28.0523111881966
17.8167097596494 36.5466229194825 4.54216084748664 29.5901318673322
