13.5763963167657 34.9573830504633 7.45549972456434 27.259109294816
14.1502406512471 38.8955715078591 7.26930381179342 29.0950305143661
15.6516843688758 35.7971567985333 5.53902344702504 27.7654671972497
13.6471407151864 35.5373073829069 5.42313937138527 25.4679031843199
15.2932954830201 38.201616641014 5.86798257211916 27.326110680203
13.4612090634655 37.227969066502 4.70642991870403 25.9617572673025
13.6475503024694 37.1493308781984 4.07008290354855 26.1779405581194
13.6765503165361 37.7051324868854 4.95667643220802 24.3215690417576
9.81305830078687 39.0726761871219 6.27281406921973 25.0661866585358
10.1362890264999 38.7017791224331 4.72555069233929 27.530279474762
15.3918897780772 37.9472445833939 3.44292355812065 26.0413571935655
15.3032257008548 37.2513519295003 2.84528430566854 25.5032458588989
15.0189388712944 38.5024334529857 4.3852301881808 25.8520140065388
13.5810025801958 37.9955371273565 5.9742631607813 23.9711414495991
12.6581698080601 40.0109912007931 3.63050705456484 25.08712227778
9.72150013801472 40.560175567134 5.22129320952305 27.8199545456604
11.6311836473962 39.7455602600867 4.3279075172563 28.7133084259867
14.3081299596759 37.6997703062833 2.76632899414565 28.8626779293582
13.2054497384759 36.0414730189831 2.53565594969134 29.5196005769238
12.0750024169045 37.8185792868488 2.06229877560693 29.3470643118188
10.0656047471059 40.7558050743503 1.49284276141328 27.9719093323504
8.80982223788332 43.1437777737491 1.45157652590743 28.2180975120116
9.07928751383377 41.3135533906314 2.27785369786753 27.5939124011538
8.30620893241241 41.2551209262187 3.08782244147299 28.748487098991
7.48810310188228 42.3282262208982 3.95593715160131 27.0054752056153
6.36615222276739 42.1703036259022 3.15796407173254 29.0063770352075
7.96310137329907 42.420171866423 3.43939974089267 29.1602956907967
8.42861614547597 43.2107407587895 0.966095915680513 28.1598889694654
8.94153649810628 42.3161221961286 3.19557342157862 26.6907586126693
6.18024651568345 42.5678426740918 5.5640787111239 28.1597940499999
