11.1744734181362 47.5209182292637 2.12739975680136 20.4505041292665
11.0656724333917 46.243310981547 1.92645967472345 21.6211986508948
10.2924909576927 46.778599521143 2.97296583820225 21.0976298129914
8.54658805897133 46.1410906743236 3.0427595703406 22.7169780921919
10.7794515615483 46.3074135265693 2.04761121170686 22.3425667577216
10.3557994634842 46.6496929034156 0.616115449927747 23.7051949959972
8.5348984095266 46.3328112318825 0.235249268822372 26.0384957578757
12.1214666738173 46.4032955353024 2.07678492150961 25.2566907238753
11.9961263052186 44.3048630043355 2.46867499616928 24.0396296755017
9.5546989039516 44.1090244207182 4.51253068260849 22.1154698739366
17.8316736159123 39.182318164991 3.56617132893184 28.4297530974687
19.3170555600174 38.326936734508 3.69482016879216 23.8930630225182
20.5011557008348 34.2612071126503 4.09982718866401 23.8208323826507
17.7628723600197 34.3872254673195 5.47399914720178 24.3948819830508
20.5642360237676 33.9034966249753 2.9706525147342 24.1059333102271
19.7587994828218 34.5813611322817 3.05841113942758 25.1565287585795
24.0272630450644 30.9809063031141 4.06548270522452 24.9735208897789
21.8112894368687 34.6176963933547 2.80619295369669 24.9465866553534
20.2093525890112 32.1720567565214 3.02509709852583 26.1715088316142
23.370424303025 34.973425643592 4.45457757599487 24.3086083118707
20.2121565725526 34.9624129919839 3.96560636964431 21.5382501512755
19.3924221696204 35.9937567723746 3.20264176841054 22.2167900374754
17.5274113409093 35.154912564565 4.71905311083581 22.8249999603851
16.8864564953244 38.1354989659531 4.07952378736535 22.8531106157618
15.1041359819344 38.340450825208 3.59570777881617 23.8822134711238
15.2291868234263 37.6959714101936 3.22051633759138 24.2966136627594
13.5216111049445 38.648935057822 4.79179153199975 26.2798186885461
13.8488545578362 41.3776643701301 1.92842279681672 26.4560025567457
13.9261172648908 40.4583009834125 2.73333182092756 24.1870500026539
15.8221694684088 40.6743630294231 3.27811311794164 24.0224729813904
