27.0269262239863 45.361993353182 3.99151765275747 23.3955682196611
27.701028263994 44.8464989836048 2.89924940024503 22.4673431075135
21.9666774616172 42.6745162888251 3.64927125256509 20.0401718576793
21.1305532128145 41.1424097629895 2.06450293818489 21.2788056877796
19.4164631784489 42.1971680537497 2.34216321562417 23.314780862758
19.2079306765055 38.8175366219764 1.69967074901797 25.8496945004334
16.3127785854568 41.7683307134036 4.06262037108355 27.1932877839898
15.0526080947708 43.0198589839462 5.0777324749779 24.1404582799767
15.4673838854175 40.8045196760262 1.79846653781534 24.1023967226391
16.0324629616331 41.9066861619989 3.24924783545249 24.868498608226
18.8813536871113 37.7647262227824 15.5443788532128 20.2459380197763
21.6420809324719 37.9369884774191 13.5990816718393 18.5004827361047
23.3211136391274 34.4534922878423 14.4415232916788 20.0848894387991
21.9987615230283 35.316352601464 13.9892339763501 23.2087181181223
23.6405374725039 38.1365442493214 13.3417932231714 24.9164310412989
24.0631491840507 36.6825063368321 10.9234867665254 22.2208248617635
26.1823641434933 37.6070481198855 8.52666301525095 23.4529857708649
25.9100718629236 35.0029680691675 9.31747883670003 25.6801550629125
28.4580643977532 37.4719443637135 8.51762288408325 23.7476075979457
28.9233537910651 32.6487014115977 9.14380934423744 23.7214023304846
19.8013050440267 33.762258833469 4.77561248967683 25.2279297655716
19.2988961939439 36.0037830439152 5.49417016332963 22.3264275180987
17.6710538502644 35.1061150114739 6.60148264717399 23.5867131042174
21.3683897454153 41.2405818439776 5.24830554209738 23.7868371109358
22.7730208003755 41.6794031227251 7.26832569249301 25.7019734500787
20.8630487790192 37.3521366694255 7.41720175275906 27.9374274245343
24.4384506197507 41.0990503655472 8.02763402297488 29.5259238599679
23.2760670084367 38.8842048631295 6.27537338550529 25.6378351527909
21.9436564062422 38.2485478231929 6.81027346102847 24.8161470160441
18.2083808761001 40.2031467621118 4.98331428720391 25.9259158686356
