14.8601600761504 42.168613356908 2.16444721241932 24.1763016604217
15.8882594694873 38.0576109563905 2.31150629384603 27.5317284804168
13.9582493966981 36.5923106594916 2.80283746997986 29.3354356106701
13.0082782517637 37.09905238339 3.34001121985886 26.7924509182903
13.7221570666153 36.9539942241392 1.90336861986827 27.9321435356344
13.6910710585508 38.9112401612221 2.9878509546553 29.3681012419112
13.8739365478251 39.7749362573788 3.18256931424726 27.9092139141815
13.1335546217189 39.0501465257086 0.393947388731203 28.5957202774363
12.59224059929 37.8345211836404 2.87835181248374 28.4283170336801
11.0608556357478 37.8482692399988 4.06026104371995 27.4697579382862
15.8322887604875 31.570501351644 5.42174373205336 22.7724147382343
15.1367351271031 30.8650605505413 5.44583848147297 23.0630270647671
16.2279376274297 28.7033666986122 4.9294233925991 23.7750367852714
19.5385183941895 28.8632428221485 4.13101167173553 24.7796277918444
20.2795803060317 26.1307670090639 5.08090889046738 22.5220264491977
22.1505857554757 28.381062923038 3.0990073840397 21.4885738462217
22.6114336519995 28.4513802293895 4.68094835395763 24.3582998843293
20.8918082160439 29.2631854608862 4.92281331506396 24.9446861047505
21.5810520859368 28.2605058477024 5.70391641112795 26.0417957163422
19.5331386621627 28.5475951955472 5.90386170179411 26.3974536468281
16.7719600409167 36.3991419017362 5.49337176458291 24.1772624975341
16.53052063491 35.1944144023368 4.77217188539296 23.8532039946216
17.3497076605939 35.9768094704272 6.9929643237622 24.2804810852533
17.2226208534637 36.4255670739256 6.41542926328972 21.0212789805964
17.9506802896583 36.1808938231491 5.99434264495371 21.3999584190905
18.9708891494745 33.562681076359 4.88883154701775 23.0148167260349
19.1722661208864 29.1194767064266 6.32071121827004 25.8251604888946
18.7613593441461 32.5996510602385 6.43326313393602 26.6861172359794
18.6497482740347 32.3571533864793 7.81409959400188 25.2499210354298
15.9598255286951 31.9121290325616 8.7910012758628 26.713831259346
