15.5827880720549 42.7747037391752 5.16830628389822 21.6365372854898
17.6641651834302 36.5397779908604 6.79566715445226 21.502460858407
16.5560272424423 40.1141619258202 7.42335306873402 20.8976487662592
18.2305415936898 38.9471055436521 6.84030900048932 19.2260701829517
20.2488889481365 38.9019837737657 4.71901916967115 22.4428896089965
21.033616358344 36.1745488298699 3.40722414500422 22.8674928076515
21.2293461907581 30.2577822334209 6.04856223448521 26.7455085617987
19.6214847659618 29.6937526464539 5.58760798627852 25.4116114694191
18.7851779611707 33.7274425905274 5.22931909908882 23.4335405953013
19.4722368580879 32.7077209469939 6.12884916363626 24.2339570371783
15.2536064881841 40.8778315817257 4.59598898076307 21.5339163881928
15.9426953476643 40.5654360465583 4.17478737553819 22.5085080932096
16.2165431008464 41.5848426286009 3.89157683939747 20.2150404269719
15.7432989162182 41.7343555958318 4.24323470495444 20.8266950885678
12.0884708250662 39.650998390683 3.35011735372979 25.9347443154925
12.1257464886433 37.6504155539641 4.69380423234373 26.7593029523807
10.6498708027205 39.2527332802801 4.6933123219054 30.2586473529641
9.42740662403163 37.6842602877618 5.58472138678131 29.4012733423565
9.94347935949935 36.8084933784623 3.47794094628447 30.3261538909625
7.04113056528611 37.2221447063487 5.25996464264259 30.7841083106865
16.7401040825679 36.4703973981892 0.973533506632963 28.0573546332251
13.9439758784756 36.0504194722903 3.2350656457711 28.6036061816792
13.7601921880304 38.6864855922993 2.03659832553135 31.8601166154201
12.6214680202306 40.0101967160825 0.74081573355943 32.1271998043146
11.4593905370915 40.8770152447049 2.7813810899388 32.3447391941833
8.62400897062592 41.1891222782668 3.82224150910042 30.5693244282385
7.58953043102495 38.5747351946104 4.77200159974158 29.1797001185125
7.04658605094276 40.2910073666628 3.69803572524101 30.3312949829581
9.36432054044622 40.1288086051847 3.73109777768836 31.7103881740471
7.87893852777438 39.5925808743485 4.44126195864514 31.6440004759928
