9.84546855130084 39.2881737997749 4.49299410082305 28.4265542970422
12.7779411091819 45.6727572194294 5.57061493920411 28.8628613650251
14.577914816828 42.5722347031341 5.26472126308146 26.5620618852868
14.1336754062563 44.0371190411032 5.50210666742842 26.3416795413091
13.4916998870089 43.0832089217373 6.7050384165972 26.56520121287
15.2750595468446 36.1363558805564 4.5974429742686 29.6698014449646
16.4864798416733 39.2785429990866 3.6981461466543 27.5707376016454
17.1972606447875 35.7989795337447 4.35969225223917 27.4551989970878
16.7216498428374 38.125808210105 7.16457568178694 31.4572772750781
15.2481665364816 39.0878939833421 6.81463252845961 33.0236484635771
10.06960890451 42.5254250005163 8.00633156488847 22.7859722525628
11.6057315618687 42.1381267282985 5.2029244657905 22.8601370706038
11.3501151130883 47.8665763714224 8.27681728734832 19.9146313602851
11.6227671840577 45.8809175833001 8.47915965150144 18.7758449950071
9.0537589053972 47.4422409196257 8.24709517689455 20.4600972506033
8.37796080512363 45.9320276656061 7.12007044995237 21.1670509649475
7.860677283531 49.3797370686069 8.18799139856394 24.5912704037537
7.19326910869587 48.9902023899617 7.86743035580997 22.6259613528882
10.326422492316 50.3650951810775 9.60393612500314 21.7777309313451
14.944328908151 48.0700983032618 8.2229196160942 18.6380209157278
20.9625582891902 36.0590602572487 3.98998656235363 24.1598750818597
19.2156289137354 38.7492819413023 5.52488878041599 24.3328481344582
18.7717219543983 40.08906950368 6.00785876808567 23.8735618739667
21.7753116208468 38.8723483684884 7.07204646871304 21.8013840531277
21.9752495176164 36.7940409322531 6.82140530492878 23.2928990991133
20.8725736717368 37.3798160383996 6.6331156773486 26.3570195435825
18.3299596354972 36.8305834698765 5.44554718765363 27.1528016933518
17.8454348043213 42.5623470437056 7.51525181343989 20.7432754020485
17.6302038401971 40.1479268068722 9.97108976424881 21.6505901486891
17.1066022487554 37.5779098998098 12.3004409719559 21.2265542806682
