11.5668644042426 42.1615005605246 5.91756628037768 23.7077254492564
11.5078117487692 40.2850310662153 5.99283694644269 24.005970391236
13.4886543660179 37.0050812796081 8.99786708718907 24.2304221194012
14.8170789422706 35.7488328911687 6.84717322309312 24.3879208320526
13.3262750989065 37.7495710863123 5.30335034156029 25.3950730094461
11.4993312126612 44.870878275423 5.01579257176068 25.4364991213901
10.0407232968723 43.435971365715 7.99201577581276 21.1872901076225
10.4945127709548 41.8426546843247 9.17586916722573 25.5202895773349
10.4338481795753 37.7789140844397 8.58478840920358 28.2754753490684
12.137575352263 37.6807295938633 6.13985827393114 28.1538426283273
18.3592202497333 45.430650057137 5.08909910950944 17.6619508281277
17.3480455867633 49.6575002627038 5.24040176566825 24.089340798177
17.0976500633791 48.1373944608655 4.44187026016398 28.1732795551798
17.6493306478173 49.7159583899353 6.88086230160848 25.5047709482169
16.083941497995 52.5781916440625 6.13463987261947 24.9758295096835
16.7856359818637 52.1034445250567 6.09208736420568 22.1405050080648
13.3945007353708 52.501435359617 2.86859443472657 22.8065943407273
10.3030471803308 49.3147605160747 3.53321095087075 22.6865787552652
9.82869775422514 46.4905335909251 5.86500291779147 21.0531395450217
10.6645847085551 46.8996275115323 4.60000169776803 24.6416690917668
16.9258872925633 40.0061995876436 3.86458777678464 20.6121996459709
15.664905034318 36.7370289438818 5.87548863906679 23.4087418369175
15.7457746537994 37.0342570234929 5.96478060931233 23.8981490610139
15.4305485804226 31.5668950112444 6.66828713119295 27.0689107160987
15.2736328244801 32.0029178633262 8.50078443733778 27.4654732551397
18.7545789415609 29.5595685289964 8.00203710426953 26.9163943026187
18.6363437648594 31.2661138839163 9.88551743613002 27.9657157054143
18.4334976972897 31.5865372769609 10.3168194110543 27.2151464587049
16.8695842450968 30.1706374572665 7.59713993728332 26.9481817288296
15.466624515552 33.4732948980369 6.76715231192469 25.7258524922626
