10.6627109792609 26.8390886621456 3.60275695168834 23.468238012135
9.28678515624944 27.710561160082 0.299068966414779 25.0949470561146
8.38662089167636 31.8028773005027 2.0700299993623 23.3733570000305
3.91999494918718 34.9111123603185 3.17369578359649 22.6225378273204
3.2377525955376 38.6322601131511 2.93994785402901 22.5197165116816
6.17175436913341 38.371172526882 3.39681778568529 21.9207639090865
10.060413412371 35.0356522229141 2.54565870234211 21.5133822313181
11.7683658651945 30.3894022843643 4.62726306625148 21.0965045145384
10.0706472597954 32.6849979842052 5.42869889306342 21.583589503043
12.1294333241817 28.1519303424255 4.74174095679512 21.5079448609284
15.0796696388421 37.9261258462495 4.92617059517644 23.814374908946
15.223171846352 40.6749684556314 2.83610764397301 24.5403665985461
13.3080994769628 40.3410216636882 0.950239552297045 27.2589210897233
12.7868798924511 41.9730921558032 3.75443955079687 29.9404550516756
14.4453591275861 41.5555567911753 4.7486997058012 31.2848508782463
14.6497321855178 35.663336412322 7.90465551892783 31.2681878968852
19.0342522440379 37.820222740399 7.58570244650844 31.9136551121028
17.9884476065536 34.1770040573201 6.54255983767588 33.6352619329246
18.7672280017187 37.4100005625396 7.02859350362349 34.7399433191261
13.2649308908632 41.6248891943715 8.17956529370066 28.356233442328
15.8673942404718 39.6918212736739 2.60470875295261 22.182987097014
15.6486715368343 40.7366637015587 2.52787634430169 21.4944231513108
15.4034276088893 39.137138781218 2.2828214194411 23.2179110220785
14.6265283586495 37.5921669482125 1.68912950973026 27.0792193313281
14.1181427357756 38.2899263836415 1.75946785290961 26.9039020578529
14.3080437887498 38.2690196538229 3.40112519427203 28.9564376170292
13.9429664245267 38.0515800924029 3.52379615528146 26.1537529588222
12.878661881799 36.3372264541674 3.0229182030783 28.1656719133734
14.9136122219656 37.7302548146758 2.80179368718855 27.5127023937657
14.5466039296165 37.4349251549642 3.18142979187287 27.3286609597981
