23.5261805962144 30.6310036473436 8.60814299708726 24.2645329219574
22.4925617863046 30.8665113454894 9.25817290258495 25.2521689688915
19.9444891315507 32.3382398259105 8.21327854234626 27.1571587702387
17.2628894121008 32.8434724514031 8.6621249447211 28.397776842545
14.6252121355938 33.9820779957467 8.45473789602 27.2294145784282
14.8977137929533 34.2275136406192 5.41731482666399 26.2605570060142
14.6710082138843 32.9953184309074 5.0549266605828 29.5648672700801
15.668852643312 33.8034888687593 2.76161326185837 29.5446083861345
16.4371461209068 36.7485340689358 2.63284836636893 30.6516236233466
15.8162603305811 34.4087433586878 2.86066857419945 30.793748405663
20.2664022906212 32.8797241342557 3.27516276262574 26.5976233832156
19.9615357010154 38.466515246809 4.61182647001803 24.9094030326259
17.1266963560594 37.8877129535268 3.32598766674161 24.3498247415905
18.0915106399445 37.3673064837184 3.24912980980114 24.8011636987086
19.1039061657539 36.8180464620301 3.41119850928769 26.0497733402755
18.1640025516426 36.2369472144702 4.34828575783283 21.6122081523518
19.7557037145867 38.7995052083926 2.70051978005901 22.2756803134345
18.8269219641372 37.9793793468335 2.49665160553327 21.3266699339389
18.1719997784704 37.9330466495926 3.0002888082295 21.6527824781029
18.8889601658592 37.1672155507602 2.29176473382407 23.0146723968025
23.0385618777405 36.2758279922243 1.56653157086112 20.8621367311186
21.2419966747443 37.4129591248754 3.32550372253172 18.0348049068905
23.5636674481834 36.8200018816874 5.22062664783139 19.9829927666194
23.6787043598105 39.9728711441385 3.2792754408582 17.9974754932406
22.4150706690361 46.7368375308106 2.39271573792212 18.3357378948344
25.1780676175847 43.3459681084605 0.894788393285125 19.9215223496644
24.6469724751084 41.1866163404884 2.61153679643758 17.5004908718033
27.5089321588172 38.8494062644921 0.425222512101755 18.9109666185318
28.9732981552376 37.4078465418451 1.65201106946915 22.9512401349707
25.1607677829458 33.0256229229509 1.66690849629231 23.285558133
