16.9854224334358 50.7203283892884 4.80324494442903 24.081239423461
16.9543401133456 48.8003283735305 2.69607925764285 22.3970837180761
14.959774278123 48.4071324967714 0.0822572086472064 21.230377627283
15.0796446982414 45.4821351312036 3.81039597583003 20.4773565309688
11.0373814381302 44.9987769980704 4.81131559191272 20.5471466502741
14.2580750431509 44.1416662150783 4.28557833435134 18.0489310307994
15.0698140103892 43.443158064892 5.68877134540082 15.8452214461386
14.4777245717542 44.7517043322111 5.79635950357265 16.3657679669479
14.2948321634489 45.279129010628 5.40977976883373 17.134066792197
14.0793219758484 44.4748969200093 5.01485406484067 16.6354825431767
17.0493669182902 42.4085249804394 2.52414189997983 24.0922692522942
16.3284693117162 40.0991842309812 5.84452361820188 22.1706574421911
19.3521742506352 38.9057036070952 4.85573054549484 17.9665165856593
17.5409091231403 40.7504305058027 5.57673950588531 19.2611068604627
18.5098958951411 38.974412088828 5.69765464078835 24.0479716096186
21.3408327784568 38.0647976818362 5.07469961963776 24.8451506718682
19.74780040262 34.1608728464561 2.54254742650498 24.3578168684306
19.7985585148419 32.2613522986343 3.49194219717007 26.2482575745942
17.7327160779336 33.5764021099006 3.67316029182818 26.4467566937523
20.4768420495042 33.0793682081634 2.57314325463929 28.9831529019716
20.0168214997791 30.6310108367336 6.21529531336503 25.7088285984405
19.9875671424486 31.5591360587021 3.80303504687848 25.9250220099398
19.8793058327406 32.004782622247 3.9086230029084 24.6936553733776
20.362769566935 32.509982408516 3.73584708568754 26.0190854135769
19.3872363476052 32.1542279934223 3.2407248983823 25.7179659493279
18.934003275071 36.470510636105 2.63863658506537 26.1258762004487
22.1277445700013 33.6431296357166 1.06037587649189 25.229640898358
20.0763135391163 37.7687540106688 1.21313546528108 26.8601482939608
19.7289301071936 39.6382933167022 4.12669674586505 26.9375071759037
20.0739751047144 38.45492863294 2.72477811248973 23.1268329183273
