20.0512245445013 34.7691977268323 1.62230375502259 25.3387798522358
20.6630536651671 32.5677694629184 4.87809023447335 23.7001545023863
17.8255251262769 34.1208417697116 4.74791133077815 25.4182985047568
16.5490454806447 30.420681291225 5.64200264238752 28.0591092123409
17.0133684937171 32.1294769984322 5.47888552048244 29.2551287994479
18.8812418317682 35.7608843715513 6.92758826399222 29.6615368681718
17.3427912656478 34.2823557955796 5.71613329206593 27.7731917420912
15.0083955209373 34.6946177184824 5.20816949102157 26.517863198607
12.2418603696095 36.4819870526982 5.17316769924075 26.3832684880633
9.70945118592845 37.439646552793 5.81579911195733 27.7677198774881
17.7283540167202 34.4183185067268 2.33394426003517 27.0107530742835
20.1363547727754 33.2562738918774 2.44745825685979 29.7253497453358
19.3532907347498 31.3066847712434 2.66818005525449 28.1360483799081
20.1139267114295 34.9910694813988 1.34217203156033 27.0686887818663
24.6554198946337 31.3648930975868 2.07455522966513 26.4877170216831
24.1709203823298 30.1279790611365 3.05460663162951 24.6292244627607
22.5183808413163 31.4207108725456 3.41728825967069 23.3536295167322
22.8434725902026 33.2011439708655 0.936942086555064 23.7327184744101
22.5442094677111 30.687380809955 1.98178059258498 25.7915127940398
21.0589457159525 34.9442002859161 1.19427042896859 23.4328933332037
13.2841878964604 35.7738515328739 1.08167139145737 30.99575384133
11.9236549039617 35.8404534537505 2.19750874705901 31.7434786652608
10.5974039587438 36.351570947165 2.96575492580709 32.0619634469918
6.08109265223742 36.9169034618645 4.18012757187066 33.3399379889531
5.711967068097 41.9448126657792 3.38696986093745 33.6919120005041
4.11268916383983 40.937012256265 4.08858871344639 35.2441146087146
5.54021140032114 38.7491373734507 4.948600496382 36.3052375318727
4.92763986655177 34.9158670108192 5.16548447542127 35.8545273685035
7.10999395169915 33.6115373826944 5.75370056366782 34.8797741001041
5.39091882140041 35.7613342448496 6.11275364643197 35.3399060798281
