7.81638535148486 42.0558126425485 7.16490647063962 23.8366574348974
5.94084677695319 43.4631341620986 8.46503885850263 22.2508915012063
6.00803733560279 44.0955966044855 7.43694682914012 22.4850427723781
7.34799663918565 44.3283852441287 7.82411017837479 22.7243691836853
8.69347694624959 44.7838517556096 6.71772152870438 22.5738978433365
7.13744657436886 41.5654132764916 8.79702263587157 22.9457271973199
9.7478830783228 40.334343476979 7.27304188485149 23.4459656643278
11.3503893312598 40.1864905672764 7.06112536582083 21.9273919451405
10.7838683421532 42.1825939345789 7.76761242681101 20.2070701119845
10.5012063584441 42.1667675679146 7.07633752053522 20.4547366288186
15.1534101787274 34.6037126541817 8.99243290471977 21.9505439719505
13.9033339034085 36.6229198184286 9.61774970899469 22.7687962066654
13.4368217979808 37.4704073151377 8.91315179417042 22.9796918306772
14.5924305600365 37.1503247190928 8.00261143279324 22.9549762916092
17.239378675172 38.0964844139023 6.83476279802683 21.5020430648698
18.2438308250567 36.4521174632405 5.5944232094201 23.7485153965651
18.7538985246878 33.6603887102497 7.33180998019937 22.671201709844
18.657979628424 34.0496337657707 7.11627151454861 22.6257032390683
18.3477351460088 33.0199785388557 7.61085114894497 22.1646418927236
20.7407849057036 32.0021893939485 6.60345216890591 21.977305494435
16.6514839564006 37.2691732468009 5.88036355111981 20.4178867482452
15.7770406628514 38.1814108262695 5.55514401455209 22.2759123534964
15.4013245950009 36.4063536436639 6.0352051058019 23.2543832433478
15.7860785739908 36.9269411620095 7.06931446424484 21.5987138698877
13.3957578780541 38.2688405239366 7.20421765932612 21.2139519124087
11.9769828904832 40.6694780746817 7.55565509015493 22.6887596809493
11.1375796068645 41.9849218823077 7.47790334375374 23.0271320712074
9.1576388180441 44.679037190134 7.76812860730694 20.1265355781035
7.81686469706645 47.0062750132584 8.02840681927145 18.4590457356742
10.0051981195931 47.60403235499 7.10845331489778 18.2851012222279
