17.0222458072798 34.160278936705 3.35789324319921 25.7148308551724
14.7787503178091 36.2064882650472 2.25188637454994 28.3223206450085
15.7021062492253 41.6397774790846 0.313704817788675 30.3382084539945
18.7655982521222 41.2046924530029 3.80624445341527 28.0445630851055
17.9605538274021 37.1328903863639 3.80592471873388 27.7045971139188
18.8392781509878 39.0856186229236 4.64622183912434 30.0491200613643
22.0848427626164 35.2356996036567 3.37329555535689 31.6725916902388
22.2147132425429 35.0200743454941 2.73086979752406 32.0279648834361
25.2520275159599 36.9969847191557 3.05104535345008 33.5503147601443
24.5355258897738 35.1930867351609 3.87531389521454 32.4815458126883
11.4799396760621 38.4432714104384 3.70471620915601 27.3236667865949
11.04384149508 38.59448004659 4.65576571139651 29.4565148938509
11.3836789054956 39.4307929291922 5.48067642708453 31.0396584540668
12.3114576440464 36.2761760244774 4.88724540704642 29.9169758765395
11.4135355892623 36.5182626939076 5.47699502035757 27.3053415988009
13.7118548358822 43.8553514748509 3.3155464753021 23.7350176318146
9.59543043272886 42.0294734001489 3.00446419436266 25.3895587927259
10.5497209859112 44.9009094614865 4.03266237554853 24.8541266533143
10.8487132875911 40.7688610679935 2.71877563507077 27.7994306354381
9.98442103802144 40.5236289441119 3.72231236281586 27.508577903413
15.8411262497232 31.8986671411239 9.2146113627436 23.139720794642
17.3622615501211 33.2212691634382 7.31951851242543 24.6368357929304
16.784696836576 31.7545379422672 8.2229396540983 27.5037942211047
17.1557892287077 34.3802497292936 8.79647915631853 24.6329099693239
21.5441119713635 32.8035159845904 7.43354382280581 24.3130898437366
23.794593032896 28.3606732971102 7.10518967032798 21.8099163773192
23.3132220841155 27.4469633357667 9.31324664990783 22.1158143358959
21.3440340411991 26.8358969236719 7.664568517695 24.934728145851
23.5077325114191 29.2801033436572 8.43706385545694 24.5965528108833
22.6068756300386 26.3294291338739 7.76816126764764 23.4363611873893
