19.4040669951423 39.8637896823597 0.101944530485129 17.1614571940586
18.8277622688397 39.8836055449303 0.275776394832172 17.474944043183
18.0375869000508 37.4838302475493 2.19259971845895 16.0587792184439
16.3479991710457 40.8728678280178 1.81655376730487 15.0299974816827
15.7231781759012 40.2783187453325 2.12261241744272 14.8905168936563
17.2633620301444 39.8500151358383 1.39306217897683 13.3474089537723
15.0808456222306 39.3285417145888 4.21611153124832 12.9115315402834
14.1694225865098 38.3776168854746 6.84066342841834 12.4543554621724
13.3025526023152 34.6808968269935 7.00335313547707 15.0359977508871
15.8228211952986 38.5631348819959 5.81093432088126 14.6848076662956
19.9115021722112 35.6125165262457 6.03635222604498 16.2184836668788
16.1471120258513 31.1685545683104 8.1628614384681 15.2859694873808
15.7838391912821 28.4949684223357 10.5367457123939 13.8847644766686
16.9745704754907 33.8497405328054 8.87656536349095 14.9611258506669
14.9268783321324 30.4646960977485 7.63460883455941 14.1520608480316
16.7788001550082 35.0722967307995 6.71282566645773 13.5714932422381
16.366008812129 36.0879933578874 7.29939915506062 13.9349232406067
15.0240591619175 35.8662931752332 7.34153316133549 17.3018059522556
12.8691316902649 34.3245592239254 5.5131358367939 21.3881468611481
9.53629069160782 36.9826811413221 4.16251135244952 19.8246775909038
13.8671305916484 40.0780873474027 1.58535604295321 19.8126271228931
16.6257898864548 33.1917084267656 2.34594129561447 17.6274528346649
13.0602923157837 32.5317252500276 1.94353954447433 20.0208401839873
11.8702493776779 34.1910918278912 1.26398438634351 19.9423892769656
13.3298048769336 29.9313879590023 2.17623427743092 20.741205607973
12.5946329535197 31.6845303782735 3.63051361660227 19.5446961004883
14.2375452547546 29.918006506237 3.05697880615234 20.4133166023195
12.5761005805086 31.4127547591466 6.71688394737184 18.6950323129669
13.875979301634 31.3371739427701 8.8792438686335 16.0577794429511
14.9952702178831 30.2831538271931 7.02381099131643 14.9062191578224
