14.3460582304992 36.7446750017012 4.79463953792781 24.277227503962
16.8056224906913 35.6627903864728 5.89135904174803 22.3478560305998
15.0997099025271 32.6485206740917 9.6601347968219 24.9353163082019
16.6537324133934 32.4481703430863 8.48875981108876 25.9261576481477
17.5898172797701 31.2075981266314 7.40582755003715 25.8750820964888
17.1849051636371 30.7997343089337 6.89264876242883 27.9137082783818
15.344454661561 34.9059468339973 6.5421074110599 30.1929810261605
14.7529100865031 30.4246395258078 7.5741438319491 28.5412368718786
16.1132446477095 30.5717172124268 8.36519477200264 27.0974793937309
13.0809889757911 32.2919645174251 8.11667638677673 29.111153939764
19.2259908892382 32.9786396095957 2.40253546996973 25.8448560163061
20.0488384558056 30.1916159293111 3.10496239364147 27.1678282664771
19.0803102707658 31.2881628805724 3.27607952352377 28.8501275973076
18.5118763695774 31.9928683370933 3.26433153715028 29.383701248994
17.0062497970548 31.4922565885469 4.97405400554693 30.8223229383999
17.1398778605949 29.1526613009743 3.79961965916721 30.2643931138701
16.3748335309069 34.2946685936883 3.01537338428669 28.2209978432767
14.1206883692434 38.8789087878556 3.2408866409073 29.6442343641814
13.5072399449786 35.1793483287242 4.33189273937815 28.5208088450875
16.5511307341298 40.7072469532636 2.01398815985367 27.9881980589401
16.7147606089566 34.5322127957681 0.7056163093305 13.0728844180675
17.9213827885542 34.4092729109306 2.79795270944392 13.3176141240388
17.0087832696591 34.0151226392104 1.98594914535438 11.7655423282399
17.5018943166215 34.574459296435 0.457274427171797 10.6417754020234
18.3486398922671 39.6805460730268 2.35823302622885 11.6094808809151
19.1303590748851 37.4885625445916 3.94214310645137 9.48043037649888
19.071930884504 35.97819805729 5.14435115301993 7.46330322123524
21.9799529967171 34.6281997037752 5.00164420492027 12.3077581361312
20.2895278661785 31.9992232309012 5.24293115921673 12.0207130977296
18.5725125010398 34.1912595052561 6.78068418791182 11.4198204902656
