18.0063393717318 47.8089335570163 5.55300670689961 32.5441681712202
20.2837393717488 41.3613021867401 5.07362228320038 32.5705686535022
16.828482102195 45.359307361878 6.77120060324727 32.3531503020542
15.7703019050529 41.3819767479966 5.44550012658036 33.5954290148559
17.3465003292656 39.711394207465 4.29628570308594 34.8873660932051
15.0139181805423 38.47390265335 4.38154620241382 32.9650574504202
15.5988335494113 33.4085941458181 4.16190431389966 32.0329471863762
14.1254198268217 32.5268208245384 4.81088970514954 33.013658655803
13.6058350210865 33.348720781562 3.63494104642429 31.4989749711098
17.1594543686516 35.1358616760611 3.28839527905557 30.8103377133562
15.7913430869477 39.4469390786762 4.20322693675285 21.3935058651281
14.2165208790349 38.5197137824655 4.40693677333644 26.5702942976517
14.2305034441771 39.4485379956306 5.69867324504347 24.872045534083
13.8373817733323 41.6777510881067 6.02107398240542 22.6205159742993
15.675730258289 39.0420567909797 4.93187053786305 20.9014109103617
14.0533749003413 38.7850628816133 4.97390334872244 22.8387694167751
14.2978187262673 40.6857815878076 5.5273505880562 21.248634416129
15.7700696907599 38.4108249274857 5.63639628939045 20.6640981554094
17.8341119742711 37.3260051240057 6.9233251703502 24.6798633678857
18.5134614246657 40.5785588137649 8.51090451769854 22.5525017266202
11.2705036633692 40.1321525174813 9.46807713023416 28.7774880361494
11.9661531946673 38.229910613486 9.51424078535318 25.7648130171683
11.9280760833113 39.1177063775075 8.0163317335731 27.6821267959257
10.2914492679199 37.5408524265339 9.88023755978625 28.4429548849175
7.95250142717366 36.0298703103153 12.3534724125622 28.1441518618548
7.59999402125929 36.9164864919464 12.2220227075724 29.2556774961585
8.68362024778132 39.3343927563824 11.8021315929929 27.5099115437651
9.7621709972397 41.7555646599497 11.2931458859222 28.2382701919974
8.46696901898316 40.3176394989561 8.94778612186033 23.952419580482
6.59631660598747 41.7082553866239 9.53301581553947 25.5095430012421
