15.8327926973651 39.6482356789472 2.47256951476447 30.1160111907712
15.5297464823594 42.4860378809826 3.45783669641241 28.2561420935128
13.5060313532373 43.9927740261565 1.98189241625369 23.034929374877
12.7900365844613 44.8653997608697 1.2016206420958 21.8117676150907
14.7298851546144 42.0877461933767 3.50830061850138 20.1381823743834
11.4797739033587 46.7657562850279 3.61790821447252 25.4475249496429
9.8447587016038 42.5312349010568 3.53972998286812 25.8668991278066
10.6777150857698 37.6693057001636 5.80848019968002 28.0790333623292
13.6029740491386 36.4672117866357 4.87266454242385 26.6012509694548
12.88236308037 35.8698782345397 6.01781369258864 25.2741731331442
18.0789115263442 34.9934193260366 3.77458918330872 23.4208575242222
18.0482305944935 36.1160570133283 2.89014591303335 23.8348697691247
18.0728201908097 36.6588005532317 2.4360020163344 25.6131194519833
16.2545370647528 35.1291275899091 3.2426576831253 26.1748606178001
17.9282706761014 35.339086568756 2.48320211333835 24.8694493385115
17.6801102602567 39.2084378369988 1.57616487541236 23.7995027394578
17.0241195236867 40.1270972432564 1.07338604653293 24.1699148685508
14.0389067058986 36.3507381806145 4.33776807338257 25.6477225621149
14.301781762319 37.5732942787236 5.10185258023837 23.0600680404261
12.980351913556 38.7148849736205 3.53067092345533 24.7811020659009
18.2159006319123 34.6141336112129 8.21006984787033 20.7813868813019
14.3695197530458 39.8214618422868 8.03717690611889 20.7836635011982
15.3490467058862 40.3075386850486 7.14577335594464 23.4558906882803
15.152161321267 40.9054495484362 7.20578813259732 24.1056345768075
15.1133218329767 42.584594013335 4.53452603901048 23.0228580386179
11.5051921286056 44.7001679490114 6.50778146144245 23.4156163149314
13.6039853474493 42.2719254006425 6.39731284403485 24.2678134814637
8.97564270313778 41.787344471461 7.15618650298808 25.0025195899221
8.69196170069226 42.0200799963463 6.8839532976063 25.5352607433352
8.43421474903771 37.7938259131302 6.96137638958414 27.089152358346
