15.312263675202 41.5851011635124 8.84033926939789 21.0469306523148
16.4624298949315 40.2831026324328 8.64643587256048 21.5684648158196
18.5676452525481 43.0472938183257 5.98383071124751 22.5628090726379
18.3003143303617 36.4810285472804 4.00025158701803 24.1169486066494
20.6678344280048 36.8291984677808 2.75965059898201 25.6067783089522
19.6143876399616 33.3503758481266 3.2911563848611 29.2632953936402
21.9559698292756 36.1390161488698 3.74290879512952 29.6035049149934
21.0058030850956 38.3171068977127 4.47233958588728 30.3245198644865
24.6311201405246 38.6941449163849 6.42986541078241 31.3627998495642
20.1456417449284 42.5041735392431 8.349316944832 30.9442541275341
16.6259690924065 37.4332888500486 6.52612672087895 23.545498100023
14.7485669311584 38.7741075695214 3.98040332196439 23.6500415905367
18.3432926945837 37.6361489781831 5.15719651680598 23.5181155950751
15.2670811968691 37.897591731434 4.50463435932221 24.5245853449207
14.6718749753035 39.0241990251437 3.46480605689282 26.1873100084241
14.9370697834365 38.0479134110704 3.97745967012304 26.3138685413625
12.1791659933351 35.6059356404543 6.13002151554929 28.2694831798773
10.0699015031404 37.4327691316679 7.17762060697669 32.0607532962214
10.3390597582172 37.5595699861153 7.5856635450332 28.514774787985
8.6409316455272 39.1946460443231 4.84706852631614 27.4306387023428
17.8193414869374 39.025162904614 7.09891618502398 19.77386084861
19.5149301687842 38.3382588613039 8.15424087660459 17.9682902694761
19.0004964728495 41.0526785170312 8.82957006565367 18.4402285317788
21.04823262865 38.0387811427588 9.65774236845856 20.7785108356505
18.8122785376972 40.0409040642324 7.63028103013595 23.4213924889221
19.3354381007365 35.6280465345251 8.16506040765045 20.5323775035097
21.8382722927333 39.9098130907285 8.48932264568212 22.3001733996674
22.5787491140969 40.3265557199563 6.93854111162874 22.0285736114486
23.3029560113952 32.8892650500718 5.88662165552306 20.3027397689178
22.9199430972964 34.2969066457669 5.01149447178396 18.3408700774192
