25.2316151314144 36.1621915820757 1.16054124408402 22.2648684525134
23.4706803799336 36.0022944579894 2.06028142687865 22.5247868349048
23.9751483187981 33.7138210110519 2.17164917523041 24.2073683890717
23.0218605562083 30.274413929243 4.29762470838614 24.3431022703347
22.0263633378751 32.932333527055 3.03557575377636 26.3546505054159
21.8166797221608 30.2350650701593 4.13140006223693 27.9885002473069
19.606258968354 33.1858659919273 1.81699237902649 31.8909264715088
19.0443464814476 31.509650253306 2.95458095544018 32.4692301198992
16.7425668080128 32.8780370204247 1.85625852271914 30.4640912762156
15.1796721312008 37.637111427123 4.35779114509933 31.4977712542062
19.3864083080843 39.4674960282849 4.42823014658093 20.7394558412062
22.7243853924155 33.7378892410764 7.33103546796515 21.2774528401943
23.0565759945912 35.5732935853701 7.51455598760544 20.3385640650096
25.4560291817995 31.7565444056343 4.47461450838482 23.8591193116309
25.8003340349717 29.2612253767836 5.21121970464474 26.0569826422356
25.7053643791446 33.5562851887358 6.78619237726553 25.3065935462631
21.8577092206547 30.9209071660347 5.23314924508332 24.1220601675601
21.8672101619163 30.9088292221472 4.79923765680751 26.536182061726
21.5217503235185 30.2003001335394 5.78304674772544 29.0729541675688
18.5884715076977 31.4504098424074 4.95854009285568 27.7168572233397
16.2688734459908 32.1568416662731 4.22876429907046 30.0190833770206
13.4420749454976 33.759283620436 4.59741310751997 29.2763108776771
14.7723462269683 35.3113700952756 6.00678543979302 28.2758633825894
15.0188605557237 32.3192128184561 7.58585919742472 26.1376847938978
16.3668415439356 33.8193260942895 6.34971657581627 26.6576183546351
17.4910760107491 32.1878753480588 3.93124099611305 29.7660904029401
14.6600662511815 37.3892538654116 5.12561181234196 26.7883218074094
11.9969315086533 36.6034960587939 7.46194947464392 25.4787459544714
7.16385078756552 37.3487821854149 9.8270748881623 26.1776058202486
5.17429240068726 39.8518361658288 7.32429016457683 27.6862939292441
