9.65964168943657 39.7895983549514 6.00231491094217 26.1327303897686
9.29377939632078 43.6423243314873 6.24211406958983 27.7194004242444
7.57893886388791 46.8955679133448 5.86456994684175 27.0583311541687
7.59412163339688 49.6234524132369 7.07330136811123 27.2153481064706
3.59546768974646 48.6017813583521 4.77756971139223 28.4988284312531
3.88452729536474 50.5114619882841 3.69103045407445 30.1843124148847
2.43502086839153 48.8922264317115 5.67884374265321 32.5623876577199
2.09057530201972 47.0698539465015 1.60515353847057 31.6085836239115
6.34528784302978 48.018688041186 1.24071055529401 26.1235882746012
7.2088517358138 48.9959429092054 2.6963239281904 27.4429249762223
15.6672313817863 48.4625066207164 7.57633613336786 20.0681749283298
16.0365741233427 46.1938785785251 7.86133712165012 18.5973285966514
15.7803201637317 39.3250782271289 7.08191651020154 22.6272465604319
17.7776546468113 39.2891495135055 5.2585031826324 21.3537016379609
18.496315536936 43.8339821705968 6.63652447362385 22.6343020898252
16.5720621216197 47.9988569990174 7.81364708564199 25.0706067600719
20.0146484588359 47.4282060074993 7.59487511644095 21.4234714638907
19.8718665399675 44.9786944642207 7.07371525031469 19.8109084212878
14.0165553818543 45.4081279473854 7.91979029945053 18.8548063455119
13.5877805621449 49.2054354871167 7.72741829669385 21.062229752165
18.6253506157073 39.8022442948706 8.17869547335024 22.2473151189711
18.1968270211938 40.520432155627 7.44096267991292 20.3766429302719
20.2545113486695 43.9949797490157 3.48652530950087 23.4217635668712
17.4586194136637 45.3849534328124 0.647477534366772 21.7654856728288
16.1724568104677 46.9400648740235 2.36023604124784 24.9064581520753
15.8721789254181 48.5377291486961 1.22958940872923 23.6475365036996
15.1853029376201 43.8568488684846 1.72919002734125 25.3105224208804
11.6310788823597 41.805290494523 1.66968368366361 25.4033187055858
12.6178304536573 46.765636952822 3.44874137374053 22.6642195662381
11.5462840630047 47.0975997695014 6.58366497445166 27.7286017542603
