14.1701887016846 52.3021898177271 6.25483404308294 23.9323559418981
12.1319884815915 50.102899353056 5.78942336816077 25.8972089091976
13.4009075894626 43.086810338347 5.87174262873565 28.0961108092876
13.4440339043411 44.8979779060843 7.89251519994547 27.2789870665135
15.1245576649579 45.0633794290858 9.3540641830649 30.4700328345305
12.4152932632464 50.5362208129751 7.03013007434753 29.3549839137948
6.64695729964698 52.306393332888 9.08274707639326 28.5470199241198
7.74613201895083 50.3043150220416 9.55339783498754 25.8351462875388
8.73617153798515 45.8481340229782 7.09578539266919 29.0258445202755
11.3180228140049 40.0249512664313 10.3019608680505 29.7694040446924
15.9196928231405 39.4816021909443 9.51753569480528 17.4713516681686
12.533782061864 38.7943600746309 8.44988237198007 21.0526679936916
15.592511309054 38.2742559368086 7.38700155773538 19.8577224990472
18.5888765039549 39.24475652476 7.61032155039127 21.6560100555539
17.9096729322405 39.490530421335 7.51080862282189 21.0209135959044
16.4207442502304 39.5462685435375 6.59841759166746 20.768656870921
14.0477838001027 43.5972103508848 6.61805540137946 22.4782909685791
14.0020833309595 43.1179854934762 8.43838109722861 24.1631815838545
14.5911069182535 41.0648839971709 5.7105048809053 27.7684019287034
10.750793797485 38.1023411312799 5.74633534371018 28.0372675605967
18.5762810492073 38.7078412158958 4.55154812189681 23.2765129391241
18.6166460317675 41.5925324845671 5.4835660827153 21.6183998430927
17.5443338294629 39.9696687044363 4.95341039279407 21.4446069131927
16.8496140821613 40.0059520529129 4.77545568847862 18.4798351367326
18.2469406428523 41.6664092812608 5.34062090481581 17.3957461630316
16.7780842969902 41.1380914441945 3.82825557480516 18.5381494368748
15.1768378843118 42.8532861756796 5.10401918308759 17.339174695252
14.5390521645712 43.3693986721114 6.12210057439583 19.981213609627
15.733687314594 40.1081898459011 6.25378573868012 21.8789692175702
16.7529759317803 40.330925815061 4.93873027149124 22.1920488559768
