18.5023901457762 40.9982017307075 3.05685590952563 19.3647003891145
20.0329600888848 40.661670559727 6.07500313222337 20.5579162789707
18.6653847119659 39.8764668401744 4.86318915220837 20.6013909614942
18.056685976068 39.1032090801177 4.23668492701764 19.8448775605595
18.8355865105485 37.096623448277 3.948475961424 21.0605963011569
17.2559620176132 38.9475928015021 1.89440426192205 24.765189245307
18.5675330456968 38.998739662168 1.57527077765372 22.2105079618852
19.4106214760493 38.3474378949566 0.630922502776316 21.6659258510555
20.392464727054 37.6008389374981 1.83276380226016 20.1821859459962
18.9038441147912 38.6589695901948 2.3111135547515 21.0960931470256
15.8948433289838 37.0215602768167 6.65228142751868 21.5551714272015
14.6856939204823 37.5538054144748 7.27825856201701 21.6061015081319
15.9546961753776 37.212123497935 6.58496310555167 20.4034634929808
18.1196448870103 35.7597203688938 7.42844219056681 23.1320346043296
17.69495722265 32.2384935343255 7.22421846927866 23.6458390801065
17.9662867368055 30.8333749377217 6.98156800580002 25.8329261808227
17.6758959859602 30.6868742599201 7.54479060687847 25.3095053247028
17.4458187574657 30.0526731511117 7.76222441208371 25.6043013845422
17.8082964844483 31.254950256937 8.86594524276262 25.3934590935565
16.3214853876683 31.0417677602044 8.25291977445415 25.375286058241
19.1540529616465 38.4240365737394 2.44787844235908 20.3113219606417
17.6113119792034 35.5546661069948 2.13161610669097 20.4203147605467
17.8845989477818 34.1965037855526 1.95137637387979 17.8601859776708
15.6009452014228 33.0990821377328 2.08368892525323 19.2609856888097
16.0403700458815 33.35173087521 0.613769135903567 18.1501736775485
17.0566076291508 33.7385045727763 1.14317184383981 19.963381580494
13.8541887802786 31.2167771062862 1.38448390318081 19.3321242103797
15.0414753267325 34.9420933891136 2.19568686839193 22.1233021183383
14.7557564723116 36.7650965501091 0.621204737561648 21.2163218692389
12.7864066459068 40.4442886311187 0.928432712098584 21.9372705532682
