19.643730989953 40.1896678607001 8.68410529479442 24.3997647447629
21.3565965754143 39.6276496077909 7.36635583475158 26.0148285377888
20.1964553998015 38.1974964702498 5.5486360804543 26.8572213316454
20.602483096365 37.0888852730389 2.8048932331048 29.1637054031832
21.5797367308476 38.8473879808556 4.92187073662803 26.8429644985242
19.6900976410323 40.9852519228119 6.22467622462586 27.7697331693141
21.0684146022611 40.1983060903843 4.51893105799259 29.0367151569014
22.3802204997472 38.7625136340033 5.09999363912112 26.1814328258244
19.0531672573842 40.7292685776014 4.89603520506835 28.8949913953749
17.3136565712474 41.2001456252295 6.34306871072231 29.7502100293843
22.1102588081471 43.1086181886044 7.83090710855899 22.8006383499047
18.8585709210224 38.2494202535564 7.83711717819673 24.0460344014606
20.9524640420191 32.2930436828138 6.51806555773638 21.9779406358964
21.8328958421684 35.0192630367822 4.84405870145693 23.1036867659084
22.9382799051441 38.2418703187273 4.80764011960592 20.9374142253317
26.0052226435132 31.8566292996534 7.62718051035072 19.6775663449906
27.3682492214925 33.8083631756731 5.65466122437383 20.6750350186147
27.0691424525742 33.2152114217385 4.29558219077181 23.2694918812729
27.8335577699901 26.2392535233154 2.38062677454318 25.5836582278577
25.2988875194998 25.2031846805691 4.89647166282985 25.7997055926697
21.3759346605346 41.8157819446153 5.43231568415022 24.7590225232211
22.4909582828239 38.8966411214675 3.51093977329099 21.6968544428614
21.2646756213077 37.1852868808634 2.46290304311758 24.7026876570103
24.4075764477191 37.0787062146484 2.42437623680493 20.866612626743
25.4938389290062 37.4136538413789 3.19637164821297 18.8476896142033
22.3355683483122 38.4896343572973 2.9131683357843 20.5855534439813
20.8098693381933 43.9473401921777 6.52409395154945 22.2593739498313
21.0488242892487 45.7526814093789 6.27320521509655 22.5345270128422
22.1456966294993 39.5812388601351 6.30643097170077 21.6810887170744
17.6152230666105 40.8279800539475 8.65683499372944 21.8621423527387
