24.0187518102371 40.6922817837789 6.25962256946877 21.9225982784876
23.6249516428702 42.3342934868349 3.76191258248217 24.2771318921471
24.7058183634643 45.0171423189393 1.5562233068449 27.7765898605721
26.8634816780676 45.1930039970414 5.05966733400054 25.9764912672253
26.9545981660475 45.2154294758313 5.50964388953797 23.5310734196528
27.1985044004385 45.2803383952795 7.33771202670686 22.1142583846077
26.7070807199915 45.8378100468635 6.30290741524003 17.6341555493846
25.9958215882318 45.139504048471 8.07248825677015 20.1176922910809
27.6457850565451 45.4862304138922 8.3595660753017 23.1955516501797
30.8985008731359 45.7145215729222 6.67158059966095 18.934074763721
11.4228651993215 47.5991073792968 3.58900234151403 22.7940561805339
10.4700524969265 47.8578845436782 3.50057703141825 19.3884333191859
13.2556274739973 47.0989611402251 3.93653857343626 17.4126575362552
14.3988561538927 44.2510872499183 7.43658149739523 20.8674836593363
13.3086181461758 38.4492467830055 7.02360320658219 27.2275481239575
13.8304823536373 40.0338608005181 8.49734147250448 22.5698086392749
14.3343131278768 37.0577883317232 8.06848884308715 22.6440643562618
13.1550895133763 35.081557797464 8.53816862271552 23.7237483408916
13.8482995298371 37.8340436906651 8.0432882072163 25.7154329341519
14.683073009798 42.772426624047 8.3908852337153 24.7106985400114
8.28150396626025 39.9692848988758 5.4992579841055 28.4215021105617
7.75060775598569 40.9878085463258 5.69551124470308 28.1343469636997
8.46211862845404 39.5916286961125 4.74634468113072 27.459735791902
8.35784058232507 41.4086165172315 5.55964342248626 29.1048898247583
8.69623312174574 45.8651977768435 6.01119778624327 26.9404134589759
10.1750604753126 42.9779426655999 5.07186066724882 26.7549231823114
11.6354910303582 43.6975979283719 5.61935279348456 29.1283794797538
9.68239402312085 41.2244823053746 5.64407784531415 32.7656906559176
10.2636292032187 41.3659853628172 6.33131017435865 30.6214943890081
9.60066500261767 40.9207021896994 4.57066281608789 32.1834233234257
