20.7433197255176 46.2189709549779 7.82268788179068 20.6533567076109
14.7871828515943 46.3387643174278 4.6964655262666 20.2270848657496
14.5893134557571 44.6761887737326 2.57217287810204 23.2759212096713
17.074337155458 48.3198019580692 1.6851301267991 22.9291383539818
14.4535168874007 49.2012139905951 2.47418988123536 19.794982909181
14.2504675387334 47.3210714415423 1.62846668392207 17.8228213050894
13.1472679282468 48.4411876180917 3.21374468576882 17.6449618895716
13.6454442296135 48.4058411142565 3.59699121980715 19.5712604272026
16.3640745863276 49.4054155221916 1.73949700221419 21.1863964955169
17.911701711263 49.3297652390562 2.8138869786635 21.6756829275596
22.3192660691634 48.1462647462341 4.3289385882227 20.7886241295469
20.4106958205298 45.2292933462284 2.61709964387327 25.3397216725257
19.265952960071 41.4551446752719 1.06758685642853 25.2431603517038
23.1105963545338 40.9145631075933 3.90244375029579 27.6060488862571
27.8305968730197 47.105625430411 1.55319344485179 27.0500223399726
26.8456711214453 47.5452755594722 2.66845695208758 25.8185864971605
26.7530469228 43.9745474614299 4.26176124298945 22.2350977017337
27.1579865193412 41.0341207890867 8.08403028105386 24.6027798711241
28.6883528905366 41.154659612859 8.4381277053617 23.6407392437489
28.337161605651 42.9094846279456 7.10666967881843 23.6665211639286
16.6037146500128 42.8250100098158 11.1786484038308 24.4150044601798
15.6770952637124 42.8051598987149 8.20292605202081 23.3739478942394
18.9711413639414 45.6623927943947 7.50633842938947 23.0478449874013
22.824247895256 41.3023790863881 5.66229397126841 23.0554801812783
22.4103162395585 41.3398778059127 4.98486340207415 24.8006574461862
20.3519695945832 38.4193014667908 3.20586672027963 24.8388608029738
20.6338848359773 38.4479185931923 4.69837225669431 25.132413468945
20.3327039666364 36.7893157743456 6.72187278255257 23.2255703980729
17.2301014428849 41.345554764157 7.52387557666185 19.4142907817542
14.1475058998803 43.0962122913989 7.68524063223711 19.3015583694607
