18.3980109230671 43.2522953260732 2.10178296747768 16.9064158608999
13.6561237885673 43.0302666151938 5.52556268931517 17.9964838640627
14.0255507906024 42.6795189703416 7.32819672501796 17.1448592711256
13.2441152667721 40.2087294290616 7.96209789056188 18.8019719636084
13.0755838526507 41.0683768180275 9.13173728611177 20.3612643722461
10.8837258935069 42.9424898645917 7.13171949360298 22.891950011255
8.56940225680367 42.1046175853395 7.27618086108356 23.844600453341
9.12370913746962 43.7697103305468 4.94605982705142 27.57239825976
11.5142383239345 44.7680919866757 5.66487877563172 27.7263024574976
8.83587575062923 42.6759214006575 5.00704434028425 26.3763628755595
11.4148324982883 42.1099784174957 1.51097937039117 25.7039617039717
10.5720744101038 42.9757379108132 3.15076089790979 23.9922205865821
8.92137103235121 44.1879217172598 4.32881492799427 23.4070708842799
9.29780539150488 44.385832460719 2.97306515280436 24.0375222727842
9.68402314863306 44.7729021811727 3.03918133509401 22.8083290239982
11.2168228644461 46.2490095605943 1.75340780938099 22.4227051787264
9.23223665261968 46.063590823772 1.49339359121833 23.7846835177578
8.82876291487401 42.8564158511409 2.35333451504 26.3484919597745
7.78848073917684 43.985083756602 3.11426568522385 28.074608067015
7.25032610825506 43.7957695988127 2.93935710598076 29.8818310281134
13.4700488740649 41.4033849489756 3.32242536661279 25.5648284065529
15.0999259958223 36.5902483494833 4.77011248722016 26.821260879892
11.5860317293733 36.5818165195056 4.36159020472593 29.367707356955
14.1206991654068 34.1035840358115 6.23082756247646 29.7914205343245
16.684832625109 29.6514282022344 3.97538857135265 29.9516515713899
17.2041610591292 33.454731361286 5.00978732268601 29.5546066799054
17.7493332986987 35.6563124719981 5.9705840347778 26.7013169593358
14.8968280543841 37.105447727998 2.88812304320521 26.4090858377747
17.689102420517 36.9532405066278 3.39798792980473 27.7576230026507
17.362512292274 34.8784681261177 2.97920378879824 24.9615086324239
