18.8889768507279 43.5910768921948 1.61251475488408 17.7818896369769
19.1366709109343 43.4942454444527 2.73863296229096 18.6634906963233
23.8392466159485 43.1845708699249 2.05381514078987 18.8171143349979
23.2518649615295 41.1900997483454 3.73831257526763 17.8990318444345
22.3157641963981 42.8458572421506 7.50234092376195 19.1059749326456
22.9315352376498 42.1272810865477 9.0217335477937 18.3786328988869
23.6146760584734 42.4482374233477 9.1077819422353 16.3441951707724
23.5403365168668 46.2595971284793 9.47545203633205 14.9132307921324
23.2959828574158 48.3280322057249 6.90019396083959 15.4384648383674
17.9649426575697 42.1472744577618 8.17861199003242 14.054607674161
10.4660424942157 44.0899496948156 6.66864308060612 24.2253882749865
9.7668580940652 44.1260442516566 7.02620209430183 21.5121587491522
6.48413006558151 43.9200820216709 9.68905396017085 20.2633126755172
6.92295794717105 43.9729866297788 8.23454817643228 22.0967361801231
8.59120568348363 42.5416612915465 6.41193443702373 24.0075774085635
9.82658232518798 42.4931311786238 6.20012255101566 24.143099601701
12.3383567952863 40.8306316155938 5.95028087567299 23.3862793094889
13.1757016298067 42.0403342088682 4.38866710640251 23.9974390109239
11.7628636243459 43.0427867653777 2.24599700700492 24.6334242513349
12.5788408737862 37.7741961833087 5.77368500505309 26.5132299102788
18.191067476815 36.0091125223382 4.99161797188774 21.647466057071
15.0043442845926 38.0372288204488 5.56480507951675 23.2431628704979
12.8116209664413 35.4676166691232 7.49724134207482 24.8546326218169
15.4585592960599 36.3874264465549 7.024919377037 23.688226576149
14.8447217074814 37.8300168803434 8.12777955490411 22.0031623595027
14.758612290059 37.4283665294416 5.45046121776351 22.6760392781911
15.2147470919887 39.1819081710876 2.91717137824991 25.8461430535284
14.5425482217695 36.3653392474392 4.05017764852629 27.025129461493
12.99810722422 36.9100215383099 4.17580694618068 29.1247142305715
13.986811141932 38.358746110391 4.87667883193485 25.5789866404725
