13.6097571989991 38.5350867104639 7.20006868240427 25.7502222134284
11.94423626722 37.3825994412046 6.286510920357 24.9731794817857
11.7537345810344 40.6363351769819 6.81272818378176 25.5436543979235
10.0754608156641 37.5611643498837 8.43053615292558 24.858306838993
7.834788407061 40.0768700461908 10.3099983702015 23.3829899019114
12.1613114827798 38.7279336839797 9.89287987254293 21.2488487808518
13.9408452166528 38.0946042886261 8.65931893438765 19.9121213781516
13.6136823427216 39.0372921370304 7.23814587788807 20.2219937912057
13.0365126645476 39.7067480233479 7.75893822689692 20.3650949842165
11.1733347308174 38.7760190168393 9.12156341649171 22.5502873794472
17.3944472767925 34.4422439887859 8.15191710542662 25.6394490970987
19.0286349602556 32.2423966532909 10.3726342072502 26.3231868379506
17.0710392821962 35.1557262111109 7.54097683041131 25.0671636502269
15.38190337292 35.6958222216968 7.47512882680406 26.2106719921596
14.4359269029166 38.0485461075943 6.85758239391965 28.091691163487
14.4416545853168 42.5692472696457 7.90521294682061 28.3523576417511
16.0853070346787 35.2107536365431 5.65544222384725 28.1098413695605
16.6436480451524 35.0308705681157 5.10350360462381 30.0837782912956
17.1697112582773 34.3114655428719 3.20301914468346 25.851089621249
16.3911453699842 34.8721625899118 5.45353743122513 26.1918468776227
19.8006629115961 39.0943734458676 6.05066717733008 20.2979317176033
18.5343730183714 40.9635028459024 6.65203840637336 19.8538924417336
19.9300913712406 38.0082452216448 4.65308753613139 19.8698938199196
17.7212316835695 41.3063935831063 3.85797614234257 20.5857887257699
15.0968575286144 42.9415683064483 4.0591083446307 19.789733279391
16.3260486539849 42.8852765343957 2.68414769510495 18.9201994608533
20.2212447731097 42.1355759818477 4.17283182407486 23.2327325805467
18.3122978352283 38.9563432504974 5.78287050992007 22.1564423232716
16.626660053892 37.9290036290504 2.89578778997752 23.6206645857801
14.3135519546669 36.0326480167672 2.0722831322601 27.7995781092231
