17.6215006288557 45.5303134558569 0.635398208163679 22.4416955407856
18.3500259749182 43.5021566221337 2.46100557292812 18.0603042153092
21.014643772278 42.2757914872471 3.26818288606592 18.678863057998
19.0166958582982 42.2235147654507 1.55434612836689 20.5261206510429
15.7487270481348 40.451746881209 5.46273724478669 23.4796770722558
16.5922847582141 40.7285565665509 4.1182281577494 21.2300993348424
18.9071537419456 39.4769021260138 5.99313703668304 20.9475189228494
18.447796351817 39.6640508055273 3.2414735367056 20.8334068334614
17.8300486100656 41.4883002818158 4.44795244862325 24.4121891311322
19.2104845129337 39.8335442307509 4.13138562720269 25.1463297833641
22.9294399450456 31.7704568191542 3.45924342912622 22.1985671591823
26.1014598886405 31.5304236042947 3.45846895636231 21.9731099276898
24.2874069926915 31.5620566089222 2.90863723787266 21.9175900432375
24.3080125576853 33.3576469842467 1.98796103420866 22.3601384132263
25.8202880628071 30.1264776643015 1.69003094840994 25.3265275587476
24.3697467627548 27.6639205182673 2.97226929198951 29.2433371494152
23.2687284618664 26.1158740928167 4.73310915520415 28.2810391445272
22.3022297779038 25.8423987019577 3.50098989243366 28.8410244720616
21.9640624262332 25.8143352491551 3.10475866511211 30.1589932579876
23.9690471521253 24.0750864350939 2.69863568295617 33.1100791635321
24.5462611873646 37.5054299299109 3.65407477686028 20.4824217476756
20.7260713732813 43.179995698345 1.65819067944619 18.007145698449
20.2460639939656 44.9967090570863 1.00497407675721 17.1230525597272
20.4222706693237 45.1083908970031 0.472320098429918 20.0495360446436
19.7380282429059 47.5867105579746 2.86176549154334 21.6592195946066
15.5797860684817 47.1796493760121 2.9739395272918 22.9153240685625
13.6104308019404 51.4367915714902 0.715411979472265 19.0182043136371
14.5115474832256 50.6678289763446 3.44766058749519 16.6880549815757
13.343714436238 49.0895167446512 2.84130830015056 17.0536022857891
13.8243888511335 49.9781422281651 3.28177709483504 19.2247358170466
