21.5003684925467 39.9521565158543 3.80133760315228 26.9333436286903
21.4750939100591 36.0473312126164 4.51805742797926 28.6327800613723
19.1923140441609 39.8188918983256 3.78292419055656 25.6316122694767
18.7518477252374 42.1162615940598 2.31942079069272 20.7560322594723
18.0664355017866 47.2567097354372 1.00128403259441 23.426291895037
17.8376562864209 41.4562206925516 1.97705209837295 19.0917830205833
18.9415385842944 40.4452931518358 1.24713886692189 23.2447135289511
19.3719620274742 40.6958139800158 3.39385910192505 24.6056554829081
18.7531699220081 40.0237546837303 0.97901420085691 23.9783422424769
19.8463146480163 40.2752539216887 1.85458460845985 21.7905496516576
13.3391520920275 43.1391454658256 1.07487057525599 23.170388727139
13.5195168088255 42.4815970779671 2.82915449654683 22.9598467781536
11.9230132353557 42.1853093248135 2.10617401402725 24.0267819765351
11.2439929374529 40.973536849518 2.57733659580732 25.2101977321647
12.5035811352579 40.0573029498646 2.64312970214583 25.7598864013667
15.238124872282 38.8912622397715 1.95042405668706 24.1638459289784
16.5375350506081 40.7584884311022 0.802036529541678 26.309886182357
15.8410441118328 41.9528580123428 1.91947223525494 25.4326024282284
14.8894065187348 37.4006479030345 2.42043399251997 27.3284985520535
15.4721517206205 38.48078851326 2.8044053237739 23.3534238743253
17.2155971305149 38.5867288824371 3.89179285873353 21.8988648420011
15.2176223603713 39.1456729885391 4.30380573155976 21.3674614356874
15.3557379753331 39.57505326817 3.62764854402388 23.449969093508
14.076999153223 38.4229803319073 3.47889785956698 26.3633279644017
13.2981131898664 37.7595917755036 2.33541236823523 26.8502236662497
13.0769964238089 37.8135424249879 2.20161546125743 28.288759961917
12.6588074607412 37.4504056210565 2.84147352191589 27.7822667976945
13.3329468244693 36.0181551089276 2.63873398212685 28.8880434104278
13.5173569355039 36.1049064063266 2.89064543300278 28.3724349914376
13.8031785437973 35.2010000781886 4.66404642748616 26.6197212194919
