17.5452600499321 32.4203629900485 1.86589146545157 29.054427388741
18.326016700039 31.1440232787557 1.90014641429298 28.8959322230423
17.116970072227 32.0007968116828 1.84195830618532 29.5564071213359
17.7118544063591 31.6709917685834 2.12239625165239 29.268603928713
18.403188783856 32.4776133503651 0.650315555976704 28.853949123388
18.0732962488503 31.9203505856967 1.35286661842838 29.5622580796604
18.6107956382142 29.5078493331457 2.27136668332782 30.4817461909287
19.8782488170529 28.336640768488 1.93916792744125 31.872860942917
19.6004359843035 27.0582031354206 2.03716691932641 32.7121476008986
22.2382729481732 24.8451611425625 1.16447946662083 32.3857568519062
17.2378121195285 46.2486620811943 5.18220496491137 23.0280842024375
15.3427460435702 46.6654697038431 6.51264829502049 18.8969674769331
17.0192899927421 43.3448219909797 6.42925996936664 17.6213843037848
20.6298099113553 46.8293563705402 5.93766392145387 18.9786619858529
21.7824567602872 51.4403404086361 7.95583981817669 20.2004358840819
22.2673514457344 50.750010770792 7.1630525531684 19.8196075025658
22.061802444972 52.3596065547781 5.60766929629901 19.7113438814591
23.8371046409635 56.7368692304472 6.20326565193817 17.5817125931095
25.9692605911447 51.4398621581959 6.06361983075611 19.1283455637927
26.6368952617673 48.5684569785835 8.3434098298835 17.8880464655991
21.4369342747958 32.1963977807271 2.3345592024395 25.6185471783717
23.1176143402116 34.1788268940223 4.50292557627384 21.859433987676
22.8647385027141 34.7618132082577 5.0598388911267 22.6563781351192
21.4861770572023 37.5608005940746 6.60205423748542 22.970540849526
21.2012685533471 31.3088344240393 7.29174890704874 23.6468608832143
24.6209492493279 32.1144693887625 7.83154718868545 24.53915551458
24.6640486955501 34.8371372397821 3.87415827915183 24.539205748257
23.9507871908925 32.0923443634826 3.91368970940214 22.7262404790565
27.3870348842672 34.3841294388119 6.74409238029596 19.7457557373166
21.539811853864 38.4795334374364 5.10554157583367 20.8634569222524
