17.1535412672328 38.5865047224901 6.13914379198104 24.006297050046
16.4264179098772 40.2270809653413 5.03558185882866 21.7704941118157
14.0869865560325 44.2233502882731 5.04088117742562 20.7458203705048
8.86184916047925 44.9356185119532 6.25784238929254 21.7060067309087
8.94096256008917 44.0424288842968 5.95041852011498 22.5789964776507
11.4520320618393 43.8273134059764 6.9648004037809 19.3506074110067
11.9722459666299 43.4758606390588 8.31787113635932 20.3668730966768
10.5329732676836 38.9940637733091 7.87921182997656 23.2781300190857
10.6277457830412 41.3383747126211 5.92767589260024 23.4503706051057
13.8524287595329 40.8219260304953 4.70805782149677 24.1417543841547
10.6799375371025 39.8416070163664 6.96577571457829 23.3465821789814
9.53535724924363 40.6716268428134 7.20695132152304 22.8087691115984
10.4413919842751 40.5743880300475 6.4463116365552 24.3429813460285
8.75515427399575 41.5999275358086 6.26282532807842 24.4401391160701
10.4144699994864 42.2391602111099 4.3196447056798 25.2972582153071
10.7333776788578 39.6046204756584 4.55475934926287 27.0234365978305
12.5524863512978 39.165198239479 4.65474076900498 25.8872587357674
11.8510141171316 37.8201491600553 5.70604007952713 24.7924238800098
11.7464547687665 37.7703820067177 5.3036856574188 25.6145754295348
11.405009951314 38.0592340660001 5.99068556693304 24.6034280051138
15.3039723887118 36.161269173859 5.69510643206881 23.9219229665469
13.3387781857523 38.024517614296 6.14904708996759 24.4816280134524
16.6447603256452 36.1768230692369 6.71378914674173 24.238893177038
18.9366690702229 35.1374048139206 5.56965020527779 24.4992377829309
19.0126988213255 35.1412606039322 4.25270459431742 25.0372045716773
19.6590655869965 33.3610568916505 5.03402873974598 26.893286685137
20.7415889021051 30.4364556722565 7.26042474917937 25.2492473831577
19.2540175798166 32.314299314156 5.22593227373306 25.6047988820845
19.024584338759 31.7486372959296 4.73449695105534 24.9397241626432
19.0811171613968 33.0775489654116 4.09892411501948 25.963228098539
