21.6561499123741 37.9020664149458 8.31904301353158 22.4958623071915
19.6032329410098 37.505385813461 7.71612328457074 20.3548123158297
18.4430963987268 41.45275329302 6.67315742842281 22.4264897496606
19.0899283470369 41.4748011894238 5.25144611046077 22.4717233178372
15.1799848617645 41.6162523017061 3.87118754003556 23.0488075751046
15.9391855828123 42.5392713723501 3.50818013100313 22.9238656439985
16.3313450047406 40.9565839925719 3.72942659727657 26.8154497209172
12.6585784170436 40.0102287991053 2.57564937303202 25.197317586949
10.498677814159 40.0637269415042 3.85586207945259 27.552608011959
12.6920950065957 35.4789305491453 6.17313151902878 27.6825546777974
22.050088456838 41.6364747774608 6.98961105964162 18.4573964675994
21.4234753035813 41.9051478696142 6.43112581244686 17.6000018766255
23.3615934763908 36.4137670948387 8.81781352099978 16.5966998621927
20.1775567783493 37.5491235864742 8.20530581332759 16.5101163633273
20.1214866021058 39.3964958235276 8.58927959760667 17.4979678461433
20.1443082678473 38.5087993544083 8.7603955648189 21.2513665821508
23.9152637007228 41.7051935706775 7.86765691566297 21.766639716375
19.4681734884671 44.9975720017539 6.14410099059359 24.4551015174121
17.5618138373411 48.2992208942162 6.93249944316239 24.3041349927432
19.7684948280967 44.1540623011389 7.70043944356047 24.9897393974013
18.6493754968406 38.6751875047853 5.59269043104189 24.0845262752916
17.7993498092881 40.629036330553 3.70169382518555 23.3626743676211
16.4660072254381 36.9998257145567 3.4662384872737 24.7784837940778
15.6850826803822 38.5785096487312 2.67553839692312 26.6198267405923
17.5923755130026 35.1419439510724 4.0437123898829 30.0602322539573
17.8677588829998 34.6582474936081 0.718748304056251 29.6604262331759
19.9306469237045 40.6143007254509 2.5906172641553 30.5483523637315
18.1334488106504 38.7536049614942 1.3980824444443 30.0079662522559
18.5299128325269 44.2694022440633 1.26186224492267 29.4151652997618
16.4006910968948 47.7236490419231 0.0831067983526736 26.7747828021904
