13.3074640342017 39.8300264879167 3.84820165611335 23.6796636949156
13.0447051092168 37.90647528771 4.92064746161759 24.484565466163
13.4245949233999 33.577053060603 6.8962588456917 26.2134307040696
11.7874037819536 32.911614209275 6.42289517156618 29.6409608456219
11.4848501949051 31.0951696679473 5.75208910689808 32.0596026652405
12.0773411811057 32.3551483745662 4.49168810111739 31.5055592196975
12.503724484584 34.147530696589 4.68185722598144 30.4848351753252
13.4694390893669 34.5534770966056 4.71443182208453 33.7446682129337
13.6155384561833 35.2123811523552 5.15572085978341 31.7685727953098
10.743297182375 33.9925740627392 6.62793758536567 31.3374875522482
18.4048332329585 31.7314714259049 5.94149070647055 25.0351495578391
18.7711495026493 32.0757279325709 4.69888105473795 24.8026078415223
19.2025823043386 32.6370623933431 4.05057528007158 26.1825398250603
18.9185802334652 30.8389446568665 3.64853514029959 27.2758596735259
17.9829485502428 30.7837027740654 6.4562239648992 27.843787681128
17.6267482832711 31.2910443709287 6.24075647161656 26.7828825540103
16.9533564961218 29.6044790784448 7.21411605968454 26.9679030565508
16.7857477259952 30.1533137444311 5.95157204123528 27.6903223436289
15.5981497893388 31.5944631947971 6.04108709449542 27.3585751443336
15.3025247861345 31.2531547853457 6.30687643438114 28.0052457543674
12.1119629483411 36.4429855148103 2.26209154282697 22.8493911156752
12.0121699621642 37.0297675989208 1.79619312426075 17.3915434208088
12.2964090727011 36.276777477899 2.08153867651708 19.3641405600117
11.1501271169356 32.8158077758045 1.61859373329207 21.3734995444299
15.9708998113594 30.2192101983831 1.06657102215104 15.0608363320114
15.4823783294953 25.1064645124145 3.67463569203392 13.7719966612822
14.4985442742429 26.4801085840749 5.63289259909652 14.8896217096663
14.2255996338747 23.9522897229024 6.47208315110765 16.6718128029468
14.9473333309135 25.0629096822464 9.6372371026582 18.7671186988996
14.1657488715566 21.1503720082925 10.7475179943213 19.3656519137096
