13.5014376057436 47.1198709467534 5.57223065622154 17.1439559081411
16.3666709227612 46.5064404551047 6.93233976216058 18.462997254341
18.9822312173287 46.4477603938538 5.97394066216427 19.1464940024382
16.4766927500109 50.6263743531998 5.47735596627232 15.9938767481437
17.2778808743546 52.2579082774513 1.4738770925184 16.7481299837893
17.6030734075436 51.8584492889691 2.00397279462777 17.0517935498269
16.1208551325609 49.8949141160711 0.79340963694267 15.4119042248264
16.3254424961989 47.8288324301435 2.81027556862682 14.2385572713831
17.186761605065 48.9588286063775 4.23925764975138 13.0356606028074
18.7093546432217 49.4585079876728 3.44350420078263 15.1102295440653
20.3116210783793 34.5309171917926 8.56318843545139 18.3542674836181
20.4983523991851 31.8115228907535 6.94756299460985 22.4170057559795
21.1805552484412 32.9099812940093 6.5121240412698 24.4821498962529
20.6935176577363 31.3407942523257 5.76711025874808 24.3653016789295
16.5619394535143 29.9646402184148 5.95850975898772 27.9536797721348
18.8432456786709 34.1239950243611 4.2599288697236 26.2507236320935
20.387986783775 36.5335967395261 4.27321761794135 25.4860530626438
18.7526103219934 35.5272848789811 4.61002413992517 27.6928722317072
19.1839491193168 31.63510765083 4.21375692210838 25.0633253873068
19.9386185546391 31.3849124227647 5.25782951357521 25.2920167389068
9.73776583819624 42.6307421386765 7.13013930692424 23.3881545569264
9.32577026306449 41.4135207546621 6.76660225800325 25.2855140361451
10.7412513880691 41.7555834797927 5.96746820371563 24.8420603759103
10.557135599914 42.0003892358177 4.13296946135315 24.8153781435951
11.9450660993038 38.2122753670224 4.70611424019525 28.1568984693111
12.9137576895459 39.662790100236 4.95737450103764 28.7935990102854
13.2835990099861 35.0082075019894 5.82368567845275 31.2542836077776
16.7066394573786 36.1168807539282 3.5830384274335 33.5545674140124
16.6194493523136 43.1173048130361 8.44364856466142 31.3929988421663
16.6037847887993 41.2311842459379 8.49862956267325 32.4721144862636
