17.9268310271211 37.4563972585177 3.42036177660339 24.156313206506
22.1648073225501 35.2078437585654 4.17017625854351 24.1998618174988
21.7322456269053 36.4194148609898 4.01390354095855 22.2112538912046
21.6084074173582 38.5424022957135 5.55357748659225 19.6631814962896
20.8906957818375 37.9347353679125 4.83207847823286 18.1801751323383
18.7078541604982 40.1000994034685 6.41341091290013 20.1139072098176
18.491249127704 38.2631483683936 7.08555339409358 17.3250246087428
14.7273181280301 42.2090550778075 5.96692331011727 19.1170969654213
16.8503628976781 39.9173817165473 7.15307765749603 19.2855950072392
15.9596373200828 39.5875422806756 8.7437569500631 18.9744329154476
16.6907837865882 39.2870377477591 4.13552483582111 23.7458885520756
15.0443083141007 38.3641749021654 4.95769428989091 22.8911596380868
16.7147858319812 42.0150171119777 4.7734407092555 18.3661333194697
14.5875590059034 41.9012010313628 6.0187583234561 19.2370000197403
17.8682213609166 41.709791928719 4.61699200190268 21.385499767436
14.4855313894398 40.8229636222973 4.39590054358346 20.6856782451792
11.8498189446576 45.2616384573198 5.44310440767387 19.6064967915351
10.5983760653867 46.1148280828125 6.57165948011942 21.8871509695361
10.6006955719869 44.1995035525418 6.67593872490369 19.9903490368212
11.6002722365167 41.8411499601702 7.85171000561553 19.776107511149
19.4664460454603 35.5504607531705 1.6462072797117 23.3764677825043
20.1000298127999 34.3502534103111 2.38286162186388 24.8272544716391
19.8832206549072 35.6713933667263 3.21513486928281 21.8081582187417
20.9530017336304 37.9142648668338 0.703473490509073 25.1573216150257
19.9769914028993 34.1433170658845 1.74017816106789 24.5906330420378
17.7207001792094 36.3010285124916 4.9746331007652 23.1332861941755
18.5238357707685 34.8969484822659 5.61424553070226 22.3801027286309
16.1816278882702 37.966534525512 5.04450500017224 24.4241589318472
15.8255423317109 39.6144514893016 3.76206368190428 22.0330886106729
13.2019495154177 42.4377918837682 3.80759147232766 20.8890134861484
