16.7831065312362 33.0645933678478 6.25771819476977 26.601888163586
17.1490254301912 34.0242450978711 5.04285963579115 25.7193816094554
19.8694983862674 31.3528094073862 4.82170604030636 25.0025431313447
22.0451456558984 30.0794849168613 4.18094167137553 24.784504292988
21.1670568136718 30.2914797276324 5.41763148178381 27.807912043751
16.2590733373757 31.3032744845794 6.2483337025264 29.5261114756472
12.8690290989574 31.8053171669266 8.40716790753545 30.338774969233
15.7948335192078 31.3110135373575 7.52192017594996 28.7920732362101
12.2060083678835 34.6239683808675 5.90901447955818 27.436256517744
14.2491045153611 33.6834492635769 7.14520466986412 26.9430888311288
22.3598216212905 39.3450446106493 11.5053707005586 18.9341633688559
23.1337221543855 39.0692964779213 12.4885562151488 19.9320622848564
21.3420777907214 35.0389572680927 11.6121348273848 18.8977622956255
18.8089905339306 34.2730331314727 11.0281870431265 20.1250927036845
20.9975276745086 33.4938182789832 10.0255500523946 21.1510438744962
21.1422036492428 31.9007158983498 7.4703690915941 20.7328743946791
23.3525470008304 34.2401092774998 4.58369682157549 20.4726180213556
21.0107827798625 38.4897407936144 5.10273831534337 21.9587663750216
23.4812930018803 41.7259198236491 6.02566660246894 20.6414692758635
24.0509087226516 38.7424671910915 5.91212496142917 23.9865862217784
11.3941637413531 36.5518844192879 4.6860976190777 29.3794286066189
15.157689156565 38.3033561437821 5.29403328704699 30.7136844701105
15.5221899362236 40.4557180289609 6.13027080376684 31.3804104418466
14.1474837675645 38.2197838211233 4.20089797973684 34.5030093488255
11.8315142994701 36.7344110524083 5.12195107149943 35.4851144391084
10.6997607355892 34.1201289580199 6.00261900825477 36.30466810292
11.7046168517276 33.0602910704907 4.44193768699957 34.9191218897504
17.6323651146098 30.6490608560849 4.9699814984419 32.033859077932
15.5560955299019 33.1760813686993 4.79843260173989 30.7074788437204
16.4697241247835 31.1137290480542 6.30296088790825 30.0223266706781
