28.1491702551032 39.0924353085558 3.45217440508024 21.7190498794445
25.8878084018837 40.7354982539782 2.5313269838778 22.0640458325872
23.6598578624438 42.1095505605569 2.88762618578039 24.1792406487295
20.5616148601525 42.2274150836399 3.97984177670016 22.6919868608022
20.3341529006491 46.4201951969533 3.22902508485716 25.186177657626
20.3927232437188 41.9177359344953 4.80407014848318 25.0413637950721
22.5362622558994 48.1732222403746 4.72131729338027 25.8505048172253
22.0022204246295 47.8788914730188 5.00006260469264 27.5047872734892
22.3044241367321 44.0667435893204 4.0348965211556 29.583177056879
18.4369130282145 43.3848258646552 8.51349710675596 27.5910842491018
18.2925609701839 45.9653346946968 5.96669236049664 23.4669969597159
21.0835114733842 42.0284380629604 4.88472143808056 20.8937747556044
23.7599966505137 33.717097316025 3.67033308363196 20.14230146569
20.2075643464536 39.3438732135987 2.25264153364722 18.6072995274587
21.4895157253186 38.613732885657 3.90501393089679 20.7862087799847
20.303897888195 42.3734349371811 5.60334505201925 19.324806780988
19.5325245296566 39.4438077435775 6.79111694675547 17.4782852769629
20.3270213751106 40.410578182578 6.04531595754113 21.1864374146597
22.4012398149802 41.4009429855793 5.63006575746138 19.1736817263798
23.1156560221751 44.3245875147229 3.82017911798928 17.556288161947
16.3973807820986 42.1971096527179 7.16653608441066 28.8010965770584
16.1690707642521 43.0552110481423 6.20643558868852 25.0722902415794
17.0899197015726 44.0645265732917 7.59165298662793 24.5163988405608
16.6112999472582 47.4842547108444 7.65738340191256 25.9700386281826
16.8594665447065 43.6551391706023 8.43630931762692 25.4796348679581
14.7617576945388 43.5480091420628 9.97118922256578 27.4718221388527
14.0060944316576 46.9072769699474 6.57256454558756 29.3301239842319
11.8661966438264 47.7436912929521 9.69055307124455 31.0917876744413
11.0018333096847 48.5475827744212 8.42473004160404 30.2361093647548
14.0607697770789 42.63118215557 9.20873055847317 29.6616950789236
