14.3583045747337 47.2547110215075 2.20429672999308 26.6354924747867
19.1020464549047 51.0515387680934 0.446458779042587 25.1930838124973
21.6499852460084 52.0687310882524 0.892443613149226 22.2004324114097
19.079821355289 46.2783390675351 0.570445087601306 19.2750899437962
18.6487678881941 44.2697264804493 0.0846868891520542 18.0648969430623
18.8872314833641 44.353115523449 1.15583938766715 18.3019809890685
20.1204353126302 43.2591838745688 0.0223063265439123 17.8105016648916
18.0069970377441 41.4904721176539 0.885214880624906 20.2172883711902
16.7148562575972 41.8608424672483 3.10630936059169 18.7882624743653
16.3641862011797 41.5454181027224 3.68001796281897 18.5441022807322
15.5863155601326 40.8737945515017 4.60830574145633 24.0431806588514
17.9393439050544 41.8404595903406 2.93205291510652 24.3941940365768
22.2585587473366 42.164333902328 4.68949354778136 21.3989839831776
24.4520983965847 40.89552185827 5.44218010351154 25.2766614349968
24.9758482146788 42.0819554473559 5.60037257092166 24.9323785219751
25.6454009381244 40.822902899363 6.80777801143098 24.210652070906
24.4121880989513 44.1737100446009 6.82044885273184 21.4762996659622
20.4654140548771 43.3509714166977 8.37375041086319 19.6869577300742
21.3033936630925 48.7596474100221 8.68824121577757 18.3338075895801
20.7491599071762 49.6457505144843 8.72444126602444 20.2574348756461
10.9985770649406 37.0009739174546 9.5631536080211 23.3629792200787
12.2012387458684 36.8853069476932 8.4854910257447 23.5360525835691
13.2113950096586 37.4175199295775 8.7977366855077 21.7850747189183
13.447549218523 37.2971793408747 7.85554418268362 22.0429729916371
13.1462465478902 38.7379777236235 7.6528071948906 22.6746608653581
11.7794845727916 39.2360612862137 7.38677862945281 22.9295663053436
11.955991996276 40.2069477235119 7.45769987006009 21.2083753741549
9.32779081241302 40.5154542111664 6.62873101002553 23.963444691263
10.8593531947684 43.1864757029212 5.21091698087768 24.6243175521876
9.50696145873865 42.1889036807563 6.50237437082471 23.6209983614829
