16.3978053842025 41.5954798032141 7.2189852653537 23.4325527955043
17.207751340539 46.4137171917206 6.74000873090699 21.1649076488066
15.573872395166 46.6243145932054 4.71504771150649 23.6970411554176
16.0814257257886 46.3821222410702 4.00549665698782 22.9042940349001
13.0824731693871 45.3265822721658 8.53333823592402 25.707941327678
13.0574507492863 48.7009612835025 6.41779481177218 25.3306329068411
10.6631869136624 44.2227781117907 5.99349381937645 24.4193610171471
9.14828586422726 41.3042624719454 5.18239707523026 25.569801848109
10.411846260232 37.2443538956357 6.5988735195715 26.8551196155205
9.76783698673276 39.4204059770344 5.03336071777472 28.7591109142705
25.6609618588345 30.2719220870469 6.31316193429355 23.0388187846731
22.1303627126845 33.5729363529938 6.68348747751277 24.229977389571
19.5707232569339 35.3660182489077 7.75140685800996 28.6330356232419
20.1364471684224 38.5137385023985 6.74460310329285 26.2307856533399
19.1974982772968 37.3134352789488 4.06965050872948 24.1049486765669
18.8009356088019 34.3211951485131 3.81095251514178 23.733353447562
18.6182537746424 40.4638677971665 3.10925236612685 22.3135671151641
17.0372425861217 41.8081965643209 3.30128493159722 18.1187097105968
17.2907653146915 41.748786148731 2.4952798364684 18.7075537733573
16.9710805540464 42.8917008155253 3.42603449789838 20.8793555825788
11.9110693388536 28.7251737960461 7.74316931580364 32.2983033658883
12.7076980971649 30.7413504705611 6.69416423694141 30.9349901268205
12.3652552003674 31.9050977423571 6.7633648337176 30.9520609811473
13.6912468011193 29.7779732181139 6.99503557470943 30.944742977559
13.7972019061206 29.8904484751153 6.67544708316 29.6427480268727
11.9425308776779 30.3511205305448 6.73580191571982 31.6131467667843
9.12898756449503 32.0122990000704 6.96281342384042 32.1356527620001
9.50848493055882 30.8449315026114 7.07240491409717 32.8633470453807
10.9933487577995 30.1560032374985 6.57573344112136 33.1424557997399
10.8655590236322 29.6026296494912 7.25295735661716 32.4119806999826
