16.0413746459577 35.1655823262963 4.8490593961161 24.622738707775
13.3396990483794 37.1813510326292 5.06393180710268 27.5166905186714
12.3776000661943 35.1435139878276 5.1129763097689 30.5440554283203
14.2708770835939 33.9267745158259 6.41101602091283 29.7421813368278
13.1913500892165 41.9667852130342 5.11583435022101 27.5774345719787
14.1939324371684 40.6891460051384 5.39543640379623 24.9800304794284
13.4479533953759 38.8407502621967 7.56982894659803 24.2981798234927
12.6394710455257 37.141846061274 7.09737075267499 26.3789191437486
15.3478114631194 40.8844223744791 7.07086344965005 23.6748619643572
15.3438794859131 42.3098582208809 5.30306283285113 21.3918015878248
26.6605486131382 40.7349830337152 1.09202225971967 20.6460860400399
23.7849093598423 38.76259101887 3.04432087065652 22.4952564398753
23.0833373113644 38.8859130535903 1.74978381511755 19.7038054441576
19.9387169061161 41.0024898783932 4.02984161605127 19.8839751904373
18.9264276837863 42.9268489987281 4.33877572696656 19.9729089898531
14.7592860339142 43.6838746783009 4.36195833978253 20.7806819196333
16.8684730566971 41.8686476084089 1.55664256189028 20.6533589543317
20.392140920221 38.3803285199959 3.72764855491322 23.0082152451863
19.6207306901777 39.9037165814379 1.63795817790877 23.8744272816469
22.1395912556762 40.177309514519 0.744573103962466 24.6992818213542
14.0558432519124 40.4617150304402 0.968430683249608 26.4623805004326
14.703732292323 39.9469962814193 0.855708015616983 27.0009254048732
16.4056439956827 38.3983517691616 1.45662129061848 26.327503804971
16.5629221944315 38.9222829668883 1.11946460575833 25.0144709711117
18.6545525731696 39.6863123994421 0.303317135665566 21.9711232929644
20.9988564139409 35.6517217486266 0.243444187635005 23.4601667550546
19.5294637563065 37.7679857091147 0.539196226978675 22.9313492951137
20.6447240043789 39.7496195478465 2.9487063428387 24.3534828153593
20.1943323178408 39.1590773665774 4.74232215480879 24.0431816679579
18.3445639241678 36.3270662053813 5.84314880543388 27.1738999848408
