15.9175678211979 38.2490140170918 11.8049397137308 22.53171025462
12.7516387030266 41.5173053796531 11.2331942084072 22.0918414263382
12.7376496344588 44.9416914860845 11.3448367380794 23.6049163012161
12.0218234490386 48.2847356421887 9.76809846644996 23.9486029824569
10.7892552399791 42.9586329723723 9.81626449272768 22.1898881845504
12.1575005197918 42.2759449480116 10.7016418835035 20.7595369113937
16.1141183258986 40.2461371198352 10.7360962406153 19.9143331539726
15.6672896749602 40.7543877540805 11.8733761422689 20.0863257660288
14.3520214778633 40.3462777662601 9.58460501799166 20.2495381399689
18.7105532965885 42.4271061931315 8.66884175160705 18.8317939047976
17.5386997947236 37.2743382188539 5.88857736526909 24.3131527706517
20.945119970641 39.6147563837792 5.30082856233387 22.1165195593146
20.327094567513 42.7629608775968 3.02212318533095 23.4694997902495
18.8471330083366 38.002066238645 3.19698631029571 25.4823496510742
19.2114193453844 34.6302598611 4.13651477556671 27.1496845075397
20.1389238848741 35.2533661694685 4.79854214461643 24.6008320144845
18.9279265883769 35.3164983833628 3.8752239938606 25.0115069169622
22.0863281726296 34.5053423023271 4.46943827259954 24.5219146357921
23.0328249796684 32.760047896714 7.9142805150025 20.7066125432101
19.6240629102494 33.3859116509045 5.122238596274 22.3526534177434
19.2119062150831 37.1850921577567 6.14917323107243 20.1005865065858
15.5668422690595 38.9361604284047 7.10723176037304 20.4624362942309
15.9457034336526 40.0561992185747 6.75770185846805 18.9971691011803
14.2880419090513 39.8325770089727 7.36797049717016 21.2118843725797
14.8780195364919 40.58685889862 5.1612901666829 22.2406247674402
14.9110985818019 38.235983434352 5.4680282267957 21.5813020548698
13.2440565210467 40.0187472312104 5.83443408545396 23.0507955511603
12.0046919622677 39.1956399979394 6.5551491160442 22.960408825353
12.6023172616245 38.0600226401105 5.11416708241806 24.5354851928368
12.6370606460827 35.8639031274188 7.91642368917011 25.2347193314394
