12.4004661801098 46.0671004476137 7.26220241042476 25.8262511183318
11.9475517679765 46.3402619632824 6.59383387856808 23.1620578066257
11.1516731543194 46.2893216675904 3.9538015429179 26.1440310560909
11.7652513979046 49.0858392027032 5.36967406437515 25.9206416382265
13.938752909009 46.7737060474057 6.22692943240298 26.1137041997907
9.1616703419058 46.8926586169575 5.35481666952154 25.7746482071277
8.16047390811578 45.7508469974448 6.25523959534956 26.7003547250104
8.65698239063639 45.3663172024128 6.8017355547451 28.3921515363079
10.0873814499544 43.858208946028 5.79718924841626 22.9126108865064
15.1039848452972 41.4199911016796 5.04433357451825 20.3387369059267
15.1304674904139 33.5391419328406 5.37922567254842 26.2472660709941
16.0487186839025 32.9658455609386 6.09312206298106 26.4593751207763
18.6152015212144 32.5601811700543 4.70060812333592 26.3428582052801
18.2739135106246 30.0249070293872 6.84612471913912 25.793144818257
17.3803825178336 28.8387096088051 6.52347563500945 28.1983521309229
18.2826874131965 31.5783745663161 5.80484263194222 25.4475189269068
17.7919180020912 30.2156358819301 5.79334175368713 26.2435108954779
18.4932401188954 30.6504486456802 7.91243155129196 23.5196733596495
16.2941349755842 35.20717397551 8.85912376307824 20.6744798899135
16.367233630443 37.8661660051666 6.66615862013518 20.2528820825755
17.6734610080391 34.8442612056056 5.84497860046347 22.5207926919295
16.6637346923937 30.2859638107022 6.2282494624574 27.3440588591231
19.7678514561156 30.7030947638688 6.01819677482455 27.488404723138
20.7915893188218 26.6726227598815 5.48179442747416 28.4086006994103
19.4365034636723 28.0350737235255 6.22009033462884 29.1317102037579
17.2304817878322 30.6968090973886 7.23403691323394 28.7517262595265
17.4341706079827 30.6933623767774 9.71522671319464 29.07836983706
12.6146664121584 32.7049406696261 10.4599517691872 28.8471204478214
13.2437403523759 29.6784155503065 9.77251279920854 27.5801180291841
14.2736602747277 32.9845034875125 10.1229395338665 26.7718989889411
