9.82388388872228 34.1198420288041 3.33646334940568 18.0091034929588
9.7883333506205 34.2974664905371 2.90025831176899 19.122767860195
8.37471855880254 35.487862920508 4.62459933757782 20.3797918391734
7.26480833237552 37.1126364214609 6.68023530975915 21.4698164073139
6.72605739609831 36.9913148954549 6.25318316563836 19.8968063780426
4.00533367117428 38.3215532119613 6.42728512817991 19.9046683341117
1.54232900496572 37.7495371325168 5.10631208438424 21.9378801977114
3.7932911105454 36.2077130017098 3.73333247837009 19.6187739699931
4.01842601745376 41.9883906970028 2.79675459213012 16.5106122858674
3.9120561337004 36.2550565920066 2.29800547819691 15.4161134068582
19.7002766661831 29.2222421509856 6.4419634158278 26.3183574185875
18.8134734619894 29.277521689238 6.2733468371464 25.6781650820994
18.5787750041348 29.8258935312495 6.76139856673704 25.3753552140915
18.2391718212751 29.5988056735508 6.81826211171152 27.2677135725162
17.9338103192901 29.8334819600432 7.01625634947719 25.3461492095731
17.7633238476744 33.0572871803752 5.8675023107097 24.2908232404507
17.4550800901898 33.1694366815946 6.91538963925691 23.2112195368063
16.5079383764516 33.8569281812847 3.5918894409448 26.7210379230928
15.9121917383592 35.4628923992798 3.35389681070082 25.361960516977
16.354867365196 34.0664728258647 3.22727190187752 27.6579514590231
17.8373813828128 42.2821830499855 4.21447448972786 25.9496381752654
15.6303437875994 40.8300172135172 3.09682123213934 26.1817209217933
16.3791937541627 41.7285034649943 2.60102240399579 22.3745119991016
13.9646825239691 42.6921777485808 4.93124632917466 20.8244314622369
10.7327288956079 42.012007717782 5.07451451484236 23.392545189732
10.9489856025833 39.5335124677917 4.84672753444668 24.8046063557503
11.5003150555952 40.1283418483039 2.56457762095872 26.0350781325486
14.9020858177631 42.1817197967156 1.96108486969024 22.9187959916784
14.8677315184562 42.1760621893538 1.32608199538663 23.3148372695764
14.3381855835854 41.9018819265386 0.954575354699045 22.9670433927465
