19.4057711019192 37.0151569385073 7.23682465053946 18.3838630629898
20.9613590828155 37.1704975385823 6.41916740964018 20.1340685452887
19.5136732303664 38.0095915883452 4.4568781889867 18.9924643126869
18.9950133597526 35.8621630524889 4.28578780194595 21.0180497122984
20.9848351576547 36.1738220747233 4.86556441452205 21.2688322842588
19.6187255182484 35.6086040163085 5.54445752314143 20.9014972329607
18.4617312700764 35.4225990414178 5.7003055003255 21.3177151998972
16.7965861741225 34.4729502734761 4.30008476532692 25.5505874637193
17.7238531668513 34.854101035561 3.3516740615263 25.3199294052344
19.1623647601105 33.2947440400028 3.80846287922299 25.2250769676771
18.8247513820984 38.9225328701006 1.36833417462185 24.4339928389053
19.8120655756079 37.1906368431093 1.18472137581557 23.6092101822
20.8286624889456 41.0002180308773 3.14319309988059 19.8314437812518
20.2133650373303 40.5007900655008 2.99779680627398 20.1530749967646
20.9445534966521 39.2315167471505 1.58435938437469 18.7761337293636
22.5312681685768 44.7035497970618 2.07530934875831 21.53049186639
22.4600167836629 48.0195775747969 1.59718940849416 23.5759043407588
22.8701183696552 49.22469280136 2.01638956647366 23.224934960991
19.9427125699648 50.7327097565366 0.745341998990625 20.4953946138694
19.6076611827819 53.7249856864046 2.02013610396534 19.1524225085004
16.1081209375619 37.1249296666781 6.85446779806524 21.7802158638271
14.1302238164989 35.7568866877543 7.9300331649288 23.8497087940602
13.8850645411453 36.5003228849095 7.25114978074523 23.3446229594972
13.4170015072539 37.2749738831031 7.31803545013986 23.213639612424
13.1028825376982 36.6605985995757 7.37801238249972 23.7364642174196
10.9343234882344 37.3607180836825 8.93063760067321 23.9760435659448
9.79251924667787 38.7922604276683 8.5924370479204 25.4079172918625
8.31328339783927 37.8945535637426 9.87632725164044 24.2269349526134
9.10595599950122 36.4109318797555 10.0512627724325 25.8118971397762
7.72751983550208 35.5951103733528 10.8975683711601 26.1370639389043
