18.5670624878711 38.0445514315861 6.57050219753705 14.4021666481112
16.9747617263801 37.8889161402229 5.41380343065416 13.5753545121242
17.521018312358 36.75957270171 1.98125582319503 15.1424130548675
18.6365681589103 37.8692926137659 3.6977791484986 14.3937111574177
16.1868438885454 39.0382435812566 3.34453130062489 14.0504237435851
14.9611486576186 37.2073878829318 4.85087823543304 13.3280910403432
14.34152398927 40.3447053336489 6.15048294493913 14.7379852665403
14.7732561190771 38.8761934239368 8.40384867929837 13.7817412712531
14.0007305356832 38.8790699185172 7.00304405533693 14.2713680906489
12.3270090983407 41.3406208746435 6.75372921135671 16.0529613584548
15.6991509387938 43.299219402733 2.02364650298841 22.668360735525
15.5218359467311 45.2183732038985 0.408660072830372 19.6704517502828
16.2384845086786 42.7274091108313 2.13612783886492 22.3820568884282
16.4340087355527 43.5438251633415 2.496727358317 22.5083635125799
14.589317314587 45.1547874084892 0.608384833903983 23.1512366897408
14.6653613694509 41.5297028932939 2.2151216135826 22.3704212318156
18.2572412848969 44.5089325317437 0.213333073667732 22.9773961432848
18.5852110426214 41.6941333218804 2.9207575453911 21.8042311562795
19.809245489269 37.9986580470374 3.14847416686825 24.3046710022364
20.3258618905315 33.6433256026154 2.72720721527003 23.929627254185
21.8292918477998 39.6184105140979 3.67042433287382 20.452441688619
21.749588817107 38.1535659158263 5.73984729718229 20.5940946322049
21.317445859062 40.113374347392 6.3574831426218 17.5139469020183
20.9582011252866 37.3911717087622 8.12979141982084 19.4429439250494
23.3993734643088 37.994827990169 6.06393519473074 24.3820109246413
19.1898367721812 34.5110492042548 3.7709670064506 26.6622327491755
17.4845030689836 34.1890526473886 5.50963287392074 28.2282724166403
18.0538218036897 35.8436370676211 8.03343677281235 26.933894567203
19.1722462313756 34.3877160273819 8.34347372355703 28.1150797484786
18.6290165162814 30.2685390221282 7.94660541781057 23.9645061996178
