16.8987008173967 44.1701274328901 7.97300473083115 21.4647002896292
20.6733661050925 45.7695278610139 5.96759519627622 18.966806274466
21.4993930318409 43.7298578141293 4.65494122979536 20.2268705112857
18.3804526430571 43.5167158708012 2.60481200245514 20.0064938785319
20.4077852060104 42.0472101551517 1.39292528917386 18.4775242441351
16.6408969889412 47.00222956785 3.23459056662297 20.0154266719724
17.0821245181391 46.475091211531 0.70257266331464 21.593996330073
16.2662823730165 48.5659401463677 0.643470243550837 23.9067450546677
14.9243181961605 46.9934035921802 2.57686383510008 26.1885632638837
13.8374755168714 48.6674357024354 3.15337790783206 26.6541392614896
15.8505647383214 36.7106848368277 5.02664060289662 22.5118413881546
20.3526492654861 39.1531388279838 3.05050866393603 20.0657426693624
18.5173150045381 39.1987325356572 4.01227544149614 19.9349958847424
19.0908099501908 37.9672744738168 5.07166362804591 19.6957931558134
19.1598216128795 35.4723265886537 6.31861246325306 22.0836141372563
16.4187929435892 38.2684674912023 6.41971041606038 23.7797327062579
13.9601769057362 36.8927014937515 7.40711088915586 23.251619362505
12.6411609241162 39.0730596964491 7.13036082912467 22.8612137681337
10.6964962912146 37.9023206929919 8.18514459776507 23.9809562864246
13.3994526920263 40.2349492747713 6.34742980087922 25.3707388778744
18.4367978310415 40.3572108410776 1.47989491637721 21.8254896161226
16.72205970606 40.1363498480536 3.07931115905679 22.6439968618644
16.5596046670124 44.2740437349615 4.04299708231277 20.7107010177417
16.257273288329 42.5865352231388 6.72066028377897 22.1384499511762
18.6422407858789 43.5815074884643 8.37989571843306 19.8651874243828
16.3718909331382 46.8447993653415 8.31460353720956 22.3273510785389
15.3022600582154 44.3938171050787 8.57597472647228 25.461318414497
15.2725703727739 45.0228566770362 7.53929536545672 27.4140347836789
12.8020100102113 44.1080680373977 7.16454735550121 28.4487683583976
13.7731378286204 45.2912643524739 7.12552110676677 28.3265850945298
