14.6733630627373 36.5187592321678 8.80708099560314 28.704639954394
14.5761327084133 36.3428169937475 10.615699514093 26.2390565472881
11.6391793528551 35.9279991678564 9.06889345664357 24.8856688515509
12.3570834018269 39.1379413785486 8.8910948187561 25.4673858202289
9.43562086503746 44.611289076887 7.76082438281563 26.4304888463805
11.1900313256288 45.5528932184986 8.83401862978761 26.5198966319553
12.1252837806919 44.2689250721608 8.9391439005715 25.7455679344825
12.4159115784637 44.6408566495311 7.31354366596614 26.4972039215922
11.1078380047179 44.3100372774686 4.17228663762787 28.791157015657
12.5550656005672 40.5225036663748 2.07175803444104 26.2640198215972
13.1175703772252 46.3500297554452 6.28528115004765 23.1055123951599
13.5458984750232 43.4629502101203 8.68280601958277 24.8593856717502
17.7596120445898 45.6380499564444 8.01488518193828 26.9575534812299
15.4046227189621 47.839874710155 6.35957079325336 24.9001033739311
14.8323026665395 44.9360168731895 6.84142374987898 24.8745395443526
15.8050080261102 41.7726524092795 6.5172838035058 24.5058199535248
16.4018337347454 33.5246891307251 7.84978588619454 24.0924315736753
16.1191746623164 35.3442748377638 9.43489635964108 25.4922560162353
16.9491020741781 35.8638358913368 9.31926170352865 24.8206575212511
16.5195553001653 33.2862122148309 6.49551657296736 28.5933277347799
20.0760832608665 35.7170677374629 8.24126751251428 18.6202572860216
20.0781675337133 35.3664779279893 6.40319668667377 20.6026450839286
21.51913172214 33.1882717353403 6.44039379179464 21.224803248087
17.6569293190044 33.3121917909123 6.930399142932 22.2159743473326
19.5515904894349 31.5176717965044 7.17115317637087 25.3507368114238
20.455954413751 33.5243411681879 4.65522718813958 23.5700783316438
19.8426642183977 30.7204934251892 4.6556958035821 28.7417318938692
20.3831046201078 34.8181673019002 7.64700710808615 27.5517810831239
19.9720128100154 29.404714149497 6.37848657544459 28.7814267507215
18.8640694949565 32.1165873457363 7.32409436174425 25.1575419843589
