17.9150335240862 40.0998011895077 1.69362573930994 26.8426177163308
17.3331246824688 37.4733180648269 0.169429638655856 28.0264591537342
15.2785900702453 39.3798413185956 2.70077040279284 24.6741432743073
13.7403027677661 37.8387520222546 3.02071923064068 28.7140039075092
13.7288865182331 44.2116942538501 3.80116766388528 29.1528972636602
14.8882452022066 39.5642485262448 2.06376436678693 25.05333401893
15.4641990629738 38.6464083562223 2.21787337283604 26.7700467517293
17.21643160151 31.7205358538395 4.10735740279779 27.6625006885893
16.9580529300278 32.5065207612388 4.11162693472695 27.8138648539475
16.8474781974932 38.749399921453 1.92153356247697 30.3778974523342
19.3501022023101 39.7676684030247 5.84462317259943 20.4448009595137
21.4814646582072 38.9871454614405 6.96691449772528 21.0199634615303
19.9778666396578 34.3703529446576 6.35520987220048 21.4159517135442
18.64929679343 36.5561204662737 9.41358480982422 21.1375875376136
15.9420874696442 41.2530324382898 8.40180077411174 24.6921883175121
14.4947241069966 36.2989204291445 9.57392783121146 23.70418696813
12.8599857101434 37.1541206802432 8.777749497983 25.2523058472948
13.3007105682263 38.7142509406623 8.70975075685685 28.7833715764111
14.9670956786939 38.7288019399349 8.81705359858727 23.9795270136794
16.5302757527897 41.472390737683 8.62983037322095 26.3806241921386
13.7074457517377 46.2768873443744 5.00276939570904 26.9320366871682
11.7024607247225 45.1259529201231 6.11843925761059 23.7410196229023
10.8388700875006 44.0080098490936 4.10484092286788 25.1003393572894
14.024311253663 38.2223155889434 7.73979727271944 24.7514129472104
12.0608431509248 42.8492619711679 6.58394602057524 24.3886372042027
13.0877651859558 37.2573739602004 5.81593036019988 24.2209969204989
13.4382211221877 41.8176323422004 3.36008633460663 25.1591779842763
12.5397995589796 39.5529419937876 5.50005451982655 25.6064008271112
14.5159359872836 34.2507610213716 7.59270224740542 26.2110610505629
14.3754397463548 35.9126168875729 8.76751676128991 24.2826266618509
