13.1017350722283 40.0834180123033 4.03508810323975 25.7904561665818
12.4232759730986 38.4977513870187 4.95995539470888 24.5962614315539
12.7502351546756 41.4750389775224 2.71438014760925 25.2476882553637
12.3776985764599 40.8266000934588 1.3548461505895 27.8617135870253
10.3135049309677 40.9305595658969 1.10928691830486 28.6668132689764
13.2257640756762 40.487896363369 0.545930025253409 27.2218188510259
13.684867047965 39.058507659188 2.30914205848239 25.8057594293187
15.1142492837081 38.4822014693303 1.34886662336066 26.2617997986655
15.9370582177693 38.3479408979129 0.181789169786498 26.397405188189
16.0730342679491 36.4470811354641 1.73265772685409 26.3970177142258
15.1206425855293 31.2547324025032 5.06795972881146 30.2436005755116
13.4859695917352 31.5149863162038 4.14068550271242 32.2295965820496
14.4921041962911 32.0382676231635 3.51457533973962 31.0484360095964
11.9228363142569 35.673314918216 4.05775600860376 30.9820474547253
15.8575716217269 31.5318856755381 4.31253347175677 31.7371315052746
16.322136162915 29.174503433524 5.22741795706112 34.4890376775317
18.0806936827904 31.9417546487991 5.79030472318041 29.8107899398334
16.2189830989993 32.9662829645555 4.19133580032135 29.9272093120727
15.5706632390103 36.7332859722543 4.67900951763946 30.8896608791088
14.1160593090064 39.6975131030588 0.795132267521694 30.8362927700661
11.4446286597271 41.5373427969487 0.0145993375132071 27.2435623967701
10.9725393160138 41.5054670333418 1.72749122225272 26.3951605777566
10.8021364054535 41.3113656620865 1.78135922163393 26.2221008112462
10.8790088753108 42.3469027039719 0.292336342036705 27.3995434392051
11.722919945196 38.6699535815169 2.79173353035003 27.426675606686
12.3843433748175 39.1475750170309 3.43097826163284 28.1574319798307
13.9572265414104 36.1273634854459 4.28913527870018 26.9967187709914
14.5815837440312 32.4195320579909 4.30367045084709 28.7843298094155
10.961776214768 35.5786747616172 6.24996315365421 27.2551787790968
12.6014667750568 36.1916449650125 4.29716858401131 27.6959773681252
