17.7742716560296 45.4624668866777 6.13261086413726 19.9607645991702
14.7113162262521 45.2447960557797 9.34139793169774 19.3142833394442
14.4455113504442 45.3664516284512 8.74913768343717 16.2287692606163
13.910644352472 50.5595738007137 6.08684683092028 18.3280068563011
14.8118575746553 49.02235400159 3.25311770669866 14.6421147139456
16.0401322842004 46.9807090581776 5.7090717117524 16.140356867466
15.1430973988386 46.7022378644356 4.30490646976965 17.5081570287085
20.2559061739953 46.5229565142744 2.49371169041829 22.2369735575131
20.5023051984968 47.1161462687977 3.33186500635916 20.6697065875715
15.8551690243544 44.8997690244668 7.80109330546098 19.8925710544302
10.9031646035224 40.0877653240997 8.00844517357518 27.3268851778207
10.4108622541222 41.5423951732766 6.61574775965754 27.4043389772919
10.1459770818445 41.670609221964 4.68085452409331 26.5838512250055
14.4139727750202 37.9578733054761 4.56734909566921 26.6227690319364
15.1332437791633 37.6133821231832 5.26210620145184 29.9539003011604
12.4709156094822 45.6676677574922 5.18598119665739 25.9774021108468
13.3409081245544 46.8673657649121 3.77452612768729 23.377167433763
14.9005658154068 43.894588871 4.12243723039928 21.8341039055606
15.2878033763422 44.4904540256389 2.08388707842159 23.143198223954
15.0947462806997 47.7198737087451 1.47694511571899 23.4141216326337
17.2154207127527 38.5014418119854 11.2547972626078 23.9422848444427
18.9575546716299 32.3568343323014 10.686016125607 24.5482406267891
19.7624307849403 29.492467922808 12.1019166968788 24.058852222375
20.8520094619091 33.3134184574684 10.6777211211181 25.2416512793902
16.1906528572511 33.9964556691212 12.0160447338156 22.3558811848092
16.9150770685594 37.8529584740378 12.6886774883631 23.3358407379169
15.6575103753205 34.2035977907568 12.6245284252825 27.2301276843104
16.4984663405414 34.1843667949639 14.8948722181175 28.0009947004769
16.0895071347601 32.4372449388817 12.7235501599297 28.7062731363749
14.3680858678541 35.6876468069009 11.9775099252174 25.3223178821554
