13.2505804700629 34.1426051741338 3.42755539915447 31.2769145559224
11.8826047740729 35.1230390898755 2.59310652296198 32.6361151654594
12.2609461061508 34.7433353516145 2.20233204262331 33.2434810736512
10.7925658987365 34.3952724736056 2.17959617515014 32.7192932899406
12.6100803986674 34.7531665612815 1.85078988146287 33.0789273969194
12.1193370488229 34.1582519270352 1.4732415426229 33.4347281815714
11.0103655890319 34.5365249900188 3.02821274016135 32.1226810240625
10.9434046823694 35.8837230698247 3.23171387853184 32.5670038634419
8.98625126147411 33.4605292448815 5.23968983041651 33.9330715188942
9.89931381439558 35.3372460290831 5.39475214593641 33.1700825007818
18.8985095266335 36.91031022079 7.40556180813032 28.9321143729524
19.3287271307863 38.6927373825635 8.5973393444527 26.9166684371452
19.3596750516526 34.2886495280142 9.17685061670803 29.209406921256
18.6571769975208 37.888251249871 9.5363847459756 26.7190853306909
21.4091786258381 31.1322447263698 9.46150925374537 29.6279342505966
22.7779328298178 30.0797976057108 12.3770568148786 30.3366539474462
21.4306473635491 29.7347691795912 10.4369989809668 32.4124934539084
25.2515959242713 25.987547303098 9.07552058986335 34.3791494418853
25.9919358898309 27.9114253404688 7.75796537669803 33.4787025119164
23.9387732647714 35.0206485004302 7.906799287167 36.9615530907132
16.373410392018 37.7048163389641 2.95456360785786 27.8151328468724
16.5110501148049 35.825989437664 2.98440941439506 27.3215744412726
15.6904591344539 34.2676358370531 2.53056062103359 29.4770213767176
17.6230895807927 33.881240240216 3.14811845540179 27.1373606390541
15.8721379741145 35.7233736537506 2.24401816818863 27.1486497289723
14.7525171178149 35.8719082381632 3.50184993236326 28.5891531138903
15.4572007439382 42.5319142449074 1.74637087038718 27.5296232483321
13.1241541865564 40.9376448337347 1.84721934841946 29.2549066279425
14.0820953852779 37.7040946024566 1.83481872431003 26.7956979941918
14.9183758895195 36.5851932410352 3.89399039628915 29.7576903613626
