14.848099420647 45.2617332168604 6.18363179987887 16.7837242410473
16.3510942485731 43.3477421430042 5.75632094638081 18.9992221659936
17.0371685222339 47.8085218643872 6.74547374155032 15.7279327829323
16.646470593157 46.5504714442895 4.66303108795205 18.7090665317095
14.517639310899 47.1660713788102 2.50488005485045 21.5474670874841
15.5978519904795 48.4320962008769 2.90363579336213 21.1366761299736
14.432746994084 49.1941901262598 2.01156598445959 20.0046824525065
10.398511789514 45.9599120895127 5.90317112160847 18.5579402456946
9.57148755039863 45.0976431598246 6.65051115886308 19.10003192266
8.74021097622655 47.647712152946 6.32710167928599 20.8702213327355
14.5010004917268 41.7783706882847 0.962333899224177 24.244147947894
14.8593695731821 42.3692319657918 0.498500495092447 22.5238841585563
13.6371954781922 43.6685868481977 0.463615125976503 24.134326057469
14.6366260315164 39.7442371801575 0.853958610445261 24.8227961072302
14.9857513141463 39.9343000883919 0.0462489856917446 25.3425478506437
14.3216533586958 40.4152471695735 0.0300494026956674 25.5518657111874
14.8143066301668 40.4627322160985 0.178045137635531 25.6397540478621
15.3798324469729 39.6644111153603 0.579992902697995 25.5165326867837
14.5836634931109 40.0704385253156 1.59679265369675 25.3393971196029
14.083827518574 39.0732218878923 2.65528251877955 24.4263061594803
16.8649643319622 37.3785662284998 4.44070517451484 25.195986790256
13.9739866354466 39.0008200136546 2.69910779658686 24.5532847900403
13.4854030156138 40.6702605383072 4.74328584806062 22.4596576390118
12.0592224070506 39.6370279170733 5.08454158343375 25.3376316425652
8.50711360142393 43.1393842833277 6.6384506856557 24.8207182043494
12.7592679824383 44.1538147129562 3.26395778451115 24.4020792960451
11.8505498088814 39.6676334063035 5.89172515785322 23.5368444299176
13.5872108863584 43.5709461504106 5.28579350723885 24.7205920986681
12.9902493407216 43.8045808365818 3.32948601711541 24.2519546937048
13.836446626411 43.8713912377384 4.88603486143984 24.855534766033
