11.7582771489895 37.7544757419514 4.30435962546504 26.8108237896723
14.5117434729389 36.5298003348291 5.10583415935357 29.4669899873352
10.7996022152282 36.1947904982373 5.11362023636905 30.4724673030815
8.48092992236237 35.2234524589733 7.12304128552062 32.3435402892447
9.35029464210586 40.0500882071212 7.73446501024558 32.0891303234197
9.37044783518104 38.1087395664287 5.59003158678686 31.5525580897809
8.62345639825253 39.6909951655951 6.35612311854613 31.9474645827143
6.59805273181301 40.0476653248958 6.64727400332047 32.4835510702981
5.11437428473038 39.6405705385726 5.94441927862013 34.1462250938422
7.0033903664735 33.7960221907008 5.52918891624969 34.3990678435527
25.3404568740953 29.6537562684672 8.1468362410957 20.3646651436005
22.6881318613742 37.5199981757024 7.53783465208802 20.5336304860551
18.40278512238 41.0732008134051 5.87941421996187 18.0735923586775
17.359437089024 42.5282657311267 7.76847466485891 14.8301800884668
16.5254927479259 42.0657118903301 8.44166820439881 16.4756841095526
15.040891456098 41.3663018196649 10.1868590569873 13.6564713404815
16.0747593666024 41.1814059601079 10.3221964933359 20.0113317487131
15.5245752185542 42.6181431575543 7.66452653302775 23.6971929096918
16.1101342216093 39.3707272525292 7.2954376135983 21.7869805992425
15.3420700159121 37.4961366400469 6.79569567592863 22.0024328027696
17.2431855255311 47.3456932633542 3.00481305631348 18.5622540548177
17.2352460013714 42.7754224842773 3.822191452249 19.5706575311454
14.8050811771315 41.0542621972398 5.75946706153735 20.3880955412717
12.8031167523947 43.4964583121599 8.33895273709021 18.9416948077623
11.5013998344075 44.5384846632371 6.86935731781262 19.3498978824709
13.9760065476876 44.8480158864175 7.13110446686472 18.8214266901259
14.4934003453541 42.0291109685585 5.9372001461006 20.9625721560214
14.5982717774813 40.8980319414223 3.91341768724576 21.3126601404865
16.7939415973371 43.9034354889701 5.04103641102754 20.6563807077221
15.4212867914459 42.2881321320596 5.3826764294199 18.0083221917487
