17.9702511350199 39.9840443723226 2.49372783210129 25.368295089834
15.5862208935007 38.874933507512 3.06598298856989 27.4110483839443
14.1270631853997 40.6077654296622 2.62068660627119 24.7447705841889
14.7374348458408 38.3315182709201 3.20382270589471 25.092046006024
16.4574376991524 39.1405280848796 3.45440295735376 24.7130992183463
16.7170791923996 37.0665738990538 2.70154409303899 23.8801179852816
17.5980390806283 35.7962464376361 2.10743907250733 26.7811235104235
17.4694832994203 35.130753265974 1.36043664357753 26.6152967194148
18.0610432049355 35.3009212183735 1.41684509301558 26.8610740216355
17.426239672154 36.6216172481139 0.592877729097381 25.6666584756131
14.3974201072614 32.0617881743497 5.84756998668775 30.642156303956
11.7520914951946 32.6821570074694 5.5123946019204 32.2106715858282
10.6593548430737 38.7904011243532 6.2729518380703 29.8811433081057
11.4030353462931 35.7839415304794 5.82751033848502 30.5184126666121
10.0825850980963 36.3421807912893 3.05240385744139 31.1308824803986
12.0588817443969 35.2349978543095 1.64531748250477 32.7767927527733
14.9057987431335 34.6154291818126 1.59076439612545 32.6845458122172
14.9102208964797 30.7176886975973 3.36621261248365 32.565616503378
12.0981161032143 34.3677834861189 1.52509114542045 32.7189211442416
11.9486019496145 37.5514807731121 2.57079130548154 31.366075692447
17.279508116599 35.958076510438 3.37149449625223 24.1832816329841
18.8043786389193 38.0377321400207 1.20017143479301 25.678402109323
18.0849813489011 36.0964419281569 1.5909274912042 25.0834784603398
16.8106226050994 36.4386008506169 3.11578073865486 25.6353203017146
16.947378840833 39.2278201103669 2.02251970838507 22.4097745803017
18.4352244823939 35.1142876072314 2.76402525860568 24.9444779737985
16.7230290990091 34.6613749227014 3.63483616035184 27.3141789066738
19.066473961412 36.3546357251231 4.51300980676854 25.6661850054946
18.3700269466034 35.5426760682364 2.8255032486278 27.3763393330586
21.0816379840401 36.2221051332069 2.96946239901368 31.2220728582901
