15.4125411421301 34.1374055322868 7.60957061078929 28.0305716870777
16.1431131675028 32.55210290371 5.06559845058777 27.9303465430118
17.0210615957861 31.9672528983702 5.57093819686475 27.1045313577546
16.2480397226994 30.6065032981062 4.79947239335708 28.7720335728868
19.0781597693224 32.0168376469908 4.27041135270912 29.9721344938485
18.4704326013893 29.1224220197571 4.40571591103282 31.7851477988048
19.8988973757906 30.8164331963981 3.64751173843462 30.2193722795678
20.9803224967098 30.2894961097973 3.3998614619666 27.8742085784172
21.2843465023211 25.6997486273999 2.8099009131727 31.1070856615399
19.5652099242903 27.9925641133167 3.31688369584072 29.1420103810226
20.090141344881 43.0291847501265 1.46261667204089 29.3747768534728
17.3325628107061 40.1587309751975 2.91431017848663 33.088279786744
16.3214591638763 40.5542413302081 2.21727147814818 30.6610256072514
16.5179795492087 42.5183900509344 4.64495806857664 29.5531333798923
15.0103261479755 39.4029542471597 3.48625932885986 28.7535635179289
12.9596605479146 41.2108114825877 3.56940687024686 26.8023638327055
12.3169029691617 44.4103145327734 2.05198824720595 28.1414539661804
11.1197751771087 43.6648485766107 1.84528310224414 30.94515270708
10.149018819573 41.6751901454607 2.47658979683183 31.9187277637185
10.9199841638456 39.3142641115317 1.46367946732789 30.2211888119228
20.4502845995271 31.5058359976495 3.23233813711896 30.0556138450755
19.285350002549 29.4155350807359 4.54089815158851 29.3941361811197
18.6063715296009 31.210518293215 3.35578060581803 29.8548357456538
19.2580812258789 30.935060220382 4.21504211601324 27.8212813602375
19.2661369560612 31.8501187280037 3.51134752915827 27.8645033796864
18.9137847106067 30.3143946053718 3.67163543394422 27.5815415752667
18.7187001758646 33.2852230691608 3.34398683873658 29.050478239319
17.4211849808067 29.6368544679393 4.47849628669863 28.5176211039687
15.191221192044 30.7919756891547 6.50183744813037 28.2622517994705
16.8120965906724 28.8138494845713 6.85974145578874 27.7174415564875
