22.8370426932205 46.9865183595681 6.95451774198756 23.7685254250353
24.7871369236936 47.4171138622911 7.00807724829957 21.7436180744952
25.8717551642885 46.231665741943 7.9795223028139 24.1608792726582
23.2597769277026 47.9573370882423 6.27804834029832 22.3591722423842
23.5764468379174 47.6251596755461 6.8763994877898 24.5273095104041
22.3976099254328 46.7711427541217 6.45023999975257 22.8165724831762
22.8842470492932 47.4817959252537 8.39652701683537 23.5150255890976
21.9643276395041 47.3122903572376 6.38223558740885 23.6843838556151
24.1345673795554 50.6155986290406 4.96528925776676 24.3250409601669
26.329817276052 51.4284413836877 5.52753524069869 21.4530877922143
18.9939445607618 38.3395704793129 6.01220667119756 20.7374507043014
18.7026779573664 36.0635997698027 7.59894624296262 18.7778903481985
15.6825575210407 39.6427121403012 6.99897037809401 20.5171910511213
15.0945818253115 43.5420618954431 6.48129088561669 24.9094381375122
17.7388245655477 47.5923705593068 7.10179608771264 24.4757839686514
17.6613123581067 50.7826295577306 5.05461819562402 26.19149677393
17.2706153994109 50.8166807250436 5.79317788057302 23.092281235689
19.8407229520818 49.0339226907435 7.44847725866635 24.6966086442859
17.7166928247205 46.4334807810888 5.15140261700776 24.4305414496775
16.3182004139415 46.2203015676283 5.01275255754058 27.6292807520221
33.8245268072245 46.0578931525029 0.450182046086823 21.3027725464625
30.6722725675685 47.6949336707271 0.657112424494699 20.9105387519075
29.3677209564938 47.8185687234305 1.76706171431579 24.171342038669
23.7552871662646 41.9444611581653 3.99745062538398 20.0464653960693
24.959730329503 43.2898187080764 3.3938977407289 19.5721838523572
25.6311482913301 46.6345255307287 5.26495128856016 23.440250461263
26.7050559376806 44.9567767672606 5.66625902252247 25.1293248192345
26.6276186653853 44.733075133282 5.26913554370378 23.97567139407
25.6876221153371 44.4787859285616 5.32349891504248 24.3792450961595
22.3264054044567 45.158073479757 6.08280297215072 20.530625190859
