25.8603041457375 32.2844534367496 6.33923656748413 28.8729593529725
26.9041759763515 33.1124421388485 4.9886519997268 28.5548632842847
28.1543151708922 31.8911389627126 6.17446013888149 24.9352650623196
28.9436403941965 33.1152139899885 6.71079027884445 26.2112305107885
27.6055787485969 30.2890558352326 8.24091633780665 25.8154711508551
23.2309952947591 29.4338837818067 6.60247808414316 26.4487588172206
18.9613159896155 30.5999145864333 8.44445520824046 27.8582417182052
23.2417925429811 31.8164246820971 7.12170643311218 28.8579974602335
20.2176475917269 33.0073143130294 7.66878233638817 29.1704629705646
24.3654862233718 37.3423120102971 7.7122848601848 26.2926393439421
21.0242668395147 38.5177790043701 7.39237005907848 25.4168589420388
20.6998055023357 36.5228919043031 7.34278442912541 25.4567060471284
25.3251040806279 36.6264647991222 5.02606131571151 30.015754724923
25.8516566221637 36.160991734194 3.38010340036631 27.3001853889557
24.1265593347174 34.9349443305492 3.72333777408853 25.0875852705967
20.9067696844262 35.4814658191263 4.90208128412992 24.9670515361564
21.9811507993413 38.4393955439537 3.61548606172009 25.6265418039025
18.7466863225249 36.9106499858409 3.96990716229929 24.8016935813563
16.1225832820905 39.1146394799672 3.41279860218792 24.8766839740188
15.1951108033804 38.9106370486895 5.55693813442058 23.7160160200061
22.5330496585092 40.0463099308223 1.7896158032493 23.1186899329647
20.4460230587146 41.9427164466125 2.58782037603669 19.7226752798184
22.6811554232708 38.3922707325783 2.37530447860071 18.1895404282137
20.4501477187595 38.8340918308463 3.72284125504838 17.2474784433022
21.0060660833102 38.3564485030587 5.57593096504742 16.3690566244647
21.6223780275991 36.889343005187 5.36015352994026 17.2496656022008
21.0029250779858 36.6327394112206 5.41734577264459 17.0961401798736
19.9989208087198 35.7805467375767 5.80371352206738 20.2871881309318
21.7065293492622 35.0845375584652 6.4727395255194 22.4900639783165
22.1054840294174 34.6659744565588 7.38124611522825 23.0754935564047
