21.527651445042 41.8332847082501 6.52945938452452 14.7015442873798
18.2143491573513 46.2370273247806 6.64014566808313 14.8065305266045
18.9903798798993 44.0749762451478 6.71442563996955 15.4235354277752
17.0438105428891 43.7804286831442 8.83623090767892 15.2211050649621
17.8982432319151 43.9878447490631 9.39462425848128 16.5979968772717
20.0707284279467 44.4506679775674 9.9709707692697 17.8512262368514
19.7853711603509 46.8183092444685 9.2955865362625 21.6594746701359
19.118810204074 42.685123550052 9.79746979856522 22.5027074938026
18.2197176194487 34.8547227292304 11.0280924710411 17.326227836622
16.0642358245997 40.7543733090145 12.911716031466 16.2300948329174
21.5795520936398 39.2156184888594 5.74072471747163 23.3739564671998
19.8531546975745 38.5833805934675 3.61279264764849 20.9432145535832
22.4713498886003 39.5783406659178 6.32168965271663 22.6535866960769
22.244719127034 38.7240679701939 4.18197971113946 23.5192130694052
26.0683636375043 38.6484546763971 0.965315625770018 23.4256680609544
23.9141359886426 41.0474477470345 2.98100186465308 25.7748072549586
22.37505746785 40.5040718456223 5.11543172341771 26.7157073334816
23.3746398330052 39.3749777967157 6.19582780481651 26.9149772717643
18.9169516858031 40.8048000972765 3.42855001155622 29.1921432217888
20.426359228079 40.5646048573824 4.47672944290899 28.9065022835813
18.6424147830787 37.2640403260624 2.49791364907287 23.5049470474466
20.7485365895065 37.9712103112667 1.66285281674936 25.894593147327
18.352748847502 38.9827148646788 3.93579675676301 23.365667748031
16.3552759596433 36.2144656345586 3.22853417305184 24.4616433389008
12.6369536117937 39.5122529423202 5.6256526529966 25.7213098674535
13.2719587484591 41.7588441158983 4.42383579334152 24.1649437302246
11.1566328883448 43.50827405887 3.64868295781222 24.7332372216031
9.34764396106445 44.8576402236961 2.25439651596268 25.7196088947436
6.79159719214007 44.4332159961826 4.74550539551115 27.6768129516339
6.58843649640843 45.4693673928678 2.19083457689544 31.3875185858404
