22.4557623604931 41.6620585740863 5.05672181522551 14.4877545150498
18.6786572619029 39.4183004055491 4.08729139863591 19.7101190990338
18.9834757980578 38.6455187517537 5.28797494744959 24.5539470330382
18.8795507496842 37.4933126020737 4.08378428950983 20.3180030897761
22.8287552662813 35.9907569807514 3.37240114932957 21.7207402171016
25.7999300295322 31.8643567670628 3.8281845176507 22.5114363558224
25.9568572749399 31.6832308971217 3.54577592698934 22.1748027164123
24.1307405817338 36.2542903993173 7.14318367596548 22.3194895662001
23.1871709010579 34.0582883182807 6.77923168581742 22.1915249084687
19.589193403443 35.609998702713 7.28045384925622 22.2885247110954
21.4267065939389 34.0152303113464 3.12113874175132 23.4945730829968
21.1453142980941 32.1159198193375 1.67726159258746 26.4271557536002
22.5646592168964 31.7405898099852 0.385328421369195 25.5544857870829
23.2895840308525 32.6410278771242 3.56094270106405 22.5102308591804
18.4498791167671 34.3317217258906 4.46814834605902 23.1536971734813
20.7331674512634 35.8105954840016 4.67275283970114 24.2424819086473
20.8513216067612 32.7622545543942 3.2789854289285 23.7479035331663
21.9504487410695 31.2921410543728 2.96820863919329 23.9365136797893
21.8185394032434 32.0634005098487 4.32848156104792 22.1311279205472
18.6002293749036 30.7067368403892 6.20048584021624 24.8947817531777
18.5484642660431 34.3077851597613 8.73637940134566 19.013335682358
20.4309310907683 32.9837454095719 8.0677584080944 20.2723894816817
21.6348104401397 35.6185912752125 5.80090741429604 17.3711219512852
22.3698033501576 33.0401393111396 6.63583265885837 19.3275492991315
21.9720318650078 34.812204871473 5.84387856384865 19.2703362832771
18.4117267110567 37.8992802865404 6.99297844793774 24.0744205531594
24.4068804706629 32.1418649150591 5.87786078856072 23.5568514852714
23.8980995265018 32.0228505862477 4.02458499262786 21.1125311101717
24.2036192740496 28.6353016438063 5.13846808911978 22.1844079548307
24.7565314664688 29.0300511106018 4.44210459159433 24.738741775553
