16.1880337686211 32.2636516858088 5.90710142701885 29.6918928807907
14.542329637979 35.5426994283337 5.30656528286378 32.2472612278842
13.0852215516493 30.7433770364736 5.24813155319302 32.4607776028831
15.5466032720283 30.091978157929 8.3054409218183 32.0298128628899
14.5570320611 32.1542320345182 9.2209909011141 29.2080753890593
14.6868458858803 30.8169204500158 8.2660058243197 29.8245467839558
10.5325145072416 34.5371353906233 6.64194993930837 30.778049472455
9.02496357291194 40.7321010336889 6.07993494665736 28.9816087751799
8.28878740343454 41.6603381239151 4.01472161074654 26.3212088567354
10.1171321797297 41.1322295818716 4.3459933797598 28.2880201406879
18.6653324676071 43.7328067830122 2.97862150138011 18.6275615002465
17.1373224568878 46.2847324081986 2.98342380858958 16.6441814926889
19.4428070665662 45.8424357609174 3.44402895611711 16.4786237091366
18.2305379308153 43.5857970239877 3.77469198522158 18.364084601076
18.5325689533118 45.5697178331794 2.89853269653395 20.1108125668481
19.8261203061182 46.4770478432657 1.9449710547924 21.4219029188618
19.7907513290037 46.5939900873819 2.66465014022761 21.8270994001991
22.9423206311975 45.9862271988943 3.30091562461094 21.1355253892011
20.8367256189291 44.7731811314999 3.23990819102773 19.6471091737962
21.5448250987161 41.0404031513437 5.57670039434971 24.2501988984636
21.6328124591579 34.8785424788314 2.921406353753 21.2597181945928
22.2137337828481 34.2678700067233 2.32143323378376 23.1533849704899
20.1474413378195 35.0750733561629 3.71856438600456 23.0555362477268
21.2766841014199 34.4483589840868 2.63961382723636 21.7101888255516
20.9786129546801 33.5499600762317 2.75533378692137 23.6850019096697
21.5940222283343 32.4493265224117 3.40284664772276 23.0849769819356
21.6486058765795 32.0464498206361 2.2019436383622 25.1114779836091
19.824466485028 35.0070802491478 2.64932756312191 25.5294073345327
20.070009316902 35.1722466611019 2.53296062350273 25.2023466226745
18.0625939067707 35.4816686915597 1.85421587869134 26.0630604029144
