14.5721610026732 49.3360272140177 5.79167053210915 30.779829076973
13.6472128616943 50.2288638345246 6.70616243491315 29.8234869641324
10.189290487796 50.0165028507218 7.63952524345734 24.81520387708
9.89448039571936 49.3921866576936 7.65634543179846 24.0334478545603
7.05895597080882 49.8352165968486 6.88470920837796 25.532850440931
5.73480026762183 52.1821778104036 5.75898985762416 22.5358673672792
8.59627744486853 49.15879351174 5.33877116429887 22.4688044342813
11.5087884513253 46.588644304718 3.33801417414619 25.0726151860919
11.8370778213778 44.3615019460535 2.03314765438958 24.8839991487232
15.3185673949831 44.1882527025742 2.59047016537337 26.6755371804949
17.6153312109147 33.2484257098292 3.60642627929337 26.0010122460247
16.7358657155497 34.9197956773457 3.96604633005336 25.2034314990909
15.7482850734456 36.6026321557262 5.46635274798609 22.6151044675083
15.4781464691267 35.5224150656688 4.84393731155433 24.5402364189671
17.6613699327216 32.4360714005272 3.78346128948033 27.0475716338427
19.9025887140397 33.6082105031202 2.06848402727282 27.4493736735479
19.2222802854467 35.5518724345567 1.54229010385461 27.0536531570254
18.0335699255902 34.133594537616 2.08242273679934 28.1368071489854
16.0456789705295 31.4797169188634 4.3245095987426 29.2467590972812
16.3110572724927 33.1324720785702 3.77837552661951 28.5636574815027
26.9938711256993 34.2330999402937 7.5848967605989 15.83808272344
23.8664124192011 35.5897868248311 5.8874705665073 16.743952392721
24.9510685785946 34.107991504078 7.5458557199015 17.6471882340026
23.5990167645079 32.9349396876667 4.22652659968274 20.7589965749991
24.2705994353902 34.4508503651069 3.96774514030087 19.1852598598686
27.5333596266148 35.3714536511161 3.31671519611384 22.4472598017392
27.6476697021437 40.1367326400996 1.08518539904617 22.5222806831089
30.7564168445107 40.7066408050069 1.13253503339365 20.6261970517903
29.979872433365 42.3950884755523 2.7127259359705 20.2049096008509
26.371918864423 41.3612700187423 5.66448008548568 24.0358816623434
