19.1115665887522 47.7566081604237 9.17477764867839 24.9045784699538
17.045070236087 42.5095235581758 6.26068774311464 23.6195884489262
15.5423241234424 37.9232618704885 7.18109978971664 23.1062172998482
11.7440518862607 39.3272020601863 8.05249889831413 24.8065460671479
12.1612666244658 42.3256088354916 7.61170525693689 26.5081630166361
14.6354616894426 47.4692151229188 8.31674253597574 27.8242496330032
13.3993698642628 46.7927608358964 8.49956023328859 25.8501809829587
14.7620707289355 49.9288381533057 8.81295192971747 25.1713154102772
14.1592333712654 50.6375443189696 9.91448939807912 22.4101974555388
11.9243157706263 41.7238128529221 14.1882542381735 25.8863631879076
21.6059058408043 40.1532030709445 4.67739543909695 17.5824599287762
22.7511655290982 35.7330889406971 4.08022680072602 20.4496241140468
20.5364845398253 38.1317963790827 2.38551938100275 20.2773751079394
18.6003123606652 41.2570569929414 2.22038009911333 22.6919491797043
20.3384543500006 42.4690391436066 3.00954668675107 25.4567855692758
21.9409833747059 48.1044883412156 4.60315358740766 21.1247450544788
18.3005766603692 51.2711962062353 2.3542584584516 19.8696214680849
17.5536466320904 50.5939123647756 3.28528550521511 20.9416741489722
14.4954546043576 46.1009956636845 4.34855710294138 22.1099751604079
13.3439323314716 47.1110740868059 4.38207827972289 23.26454775625
21.1340169497362 36.6899771749407 1.40612717171544 22.6109023172089
23.6699784268222 33.9607606947014 3.82069365656935 23.7915424689331
22.079831715726 33.5514034510182 3.39173531346023 28.0288691281953
25.8134173434756 35.8741209677013 4.67554966395965 27.1231057945319
26.4761744691587 34.0117775856109 3.87824245671054 25.6935306260043
22.6511718901402 31.7113783394818 5.58346358675754 26.3364286164702
22.543650860951 31.2279020337196 5.71532100546024 25.6191169238095
24.6679512410313 36.2565461380915 5.23469439418837 25.6587787634138
24.4199306088831 36.2481493975543 3.75047200675904 23.1114731608335
23.7015690085809 40.2247227475611 2.58669946217043 24.0104205434249
