0.967706641609136
1.05686489041737
0.93771940442576
1.01081437571748
1.06079850615935
1.0168073339388
1.0477231933494
0.931960115138525
0.873761499444154
0.88602192937782
0.824663297135869
0.69539564908717
0.58835990570681
0.642803168736489
0.586451942959892
0.667876891393306
0.566457952067347
0.617222721755596
0.335896522106694
0.456728321008475
0.705005855585055
0.49354763215171
0.449769062714146
0.272768774561079
0.397380236003043
0.307548116452487
0.295001232882457
0.313985433270338
0.251117067811194
0.213956718639585
