0.457016133441254
0.474762080580591
0.65900257338643
0.402848523500039
0.46107531112492
0.514556890883147
0.451887990225702
0.318073908769189
0.245200036995708
0.267433242850553
0.605806056883504
0.661068625047198
0.54205671483404
0.431243260109192
0.52065101309533
0.63592817147116
0.705123671906467
0.595255416229766
0.599954695644255
0.576461494451787
0.319711598711238
0.550694988951237
0.499900740808026
0.492639482211472
0.635403593167813
0.603300630118848
0.500779466381447
0.429378274319844
0.281075036157073
0.251458994163351
