0.514983515899694
0.352845338305524
0.256535582562974
0.422820574270627
0.483403384481525
0.515566391848962
0.301458608896474
0.42310461334605
0.366515851511623
0.379791820260699
0.800080275011339
0.833290633826606
0.883353673282169
0.761578095831998
0.661407859375481
0.66390863543727
0.808138920584474
0.75554947879516
0.774582950632839
0.79112514902859
0.519118800427948
0.564553030993973
0.465452754398991
0.595608028950353
0.55475303669851
0.535679377051254
0.561435919203048
0.411215830495765
0.574894486781393
0.614299908321535
