0.781975700897463
0.733803038676567
0.643304377706088
0.498374390607066
0.529882610920183
0.599818448867016
0.784422745188065
0.668113304647838
0.650224541974914
0.589763597361472
0.963875151943075
0.93425694551543
0.9761471713543
0.805421486881008
0.789836092183103
0.697199774097388
0.516566770506759
0.679214786302035
0.904057944036757
0.895922222437074
0.792554282385305
0.774762242135972
0.813749056437433
0.758899631153241
0.606573804828719
0.708014069462897
0.695304298412757
0.4521231126159
0.509065968462037
0.38569220845844
