0.437983738878226
0.545504082055247
0.552986620660355
0.643130696486166
0.671090332479632
0.58620735449774
0.389977416266332
0.44706064603349
0.599221425792778
0.35957604186667
0.305043423742242
0.386165013916976
0.633429610410891
0.652796453058906
0.659079824349098
0.732467240056209
0.488589691564627
0.375548692520894
0.431705647429861
0.355099879952557
0.426138992557428
0.4951504745019
0.441275848724074
0.410253056321419
0.422037434189926
0.386639154122779
0.444358114597955
0.433173519817749
0.276787513380507
0.33436892007255
