0.92575008635695
0.842042857215803
0.821093563077103
0.675187487148743
0.656202550551917
0.53408351617439
0.404387153010278
0.235754724149986
0.16225960196501
0.252920593670964
0.585731161930314
0.468036458720169
0.658900575232408
0.63357129365643
0.639301839782572
0.797806702633104
0.90817805364234
0.880739727229527
0.67991550870677
0.69982063345117
0.290184735106888
0.402363450006234
0.432780502569514
0.546369062057349
0.537375304634335
0.354208821496579
0.330865749177175
0.407516546517343
0.443180439684272
0.446659136673168
