0.542327178955288
0.404782159643156
0.418805202485902
0.566267501486374
0.572805394947437
0.549837889213024
0.586478992381973
0.530647960740981
0.541837473276911
0.43449929409465
0.352631395297987
0.37698163123515
0.370905783039716
0.502775685315218
0.391814292360799
0.415969735662223
0.369867921433182
0.351888578989313
0.467955741145418
0.482561066605852
0.457452193281423
0.70571417106017
0.829728708189721
0.682095723658678
0.769817247953144
0.884470652056736
0.912353464351276
0.826786217964585
0.783835860002185
0.632419911013315
