0.494790405636038
0.402814710927512
0.417185998796801
0.465324846417959
0.543635394093896
0.338810876333471
0.340081422212849
0.237506433339174
0.321074617277215
0.367013024767245
0.413188970297919
0.367232960718096
0.452773137925537
0.531972445756541
0.350391058227391
0.263461820617662
0.325167637154804
0.370357452932944
0.209925237851416
0.0798115409910679
0.49353475761057
0.313930912413614
0.306911439714009
0.326086625908488
0.43533931079785
0.407642423580388
0.497877365848968
0.582781199677834
0.579295697514886
0.63725894972215
