0.564672859357983
0.531888967166037
0.618652019156456
0.38695189321445
0.463477136353344
0.473690865673438
0.360785618536487
0.311896301685214
0.175739756620612
0.16682939787687
0.58810416620183
0.522451462754563
0.57341070800978
0.55869148962158
0.571283584571958
0.52770560247414
0.690970884250106
0.649680527472498
0.616989674033226
0.678824776630478
0.338603803771917
0.37381478648204
0.590055071586181
0.463840514212285
0.437286841473911
0.50532744184639
0.414059349592213
0.4323325516635
0.371630554970112
0.598015620697048
