0.383558766308269
0.543158749441644
0.479678573503187
0.624055514155915
0.53912529307141
0.61984567935302
0.677676833651057
0.466612542870073
0.49810870651397
0.743812340528323
1.07335762031471
1.03295140386654
0.985250329171325
0.894960030672158
0.836891681739147
0.898314981387014
0.794890356428008
0.820605568223094
0.816800955132043
0.802853640223315
0.432032586075513
0.64550311178915
0.748090037098302
0.698723813658728
0.475677136285378
0.45496303355336
0.467804504512025
0.474729758640899
0.660471660038604
0.469304861128478
