0.673218943773998
0.683860147175608
0.555361779210387
0.396817501298381
0.332644586441336
0.338482061158164
0.300792167279167
0.296387888993366
0.247015540804012
0.323508270959599
0.72920376334957
0.777408081923269
0.629789591698565
0.677685370321043
0.612632972073399
0.80657531756594
0.84871870179347
0.759732762097039
0.664980691137381
0.718202476321377
1.05345211364743
0.836631001151458
0.786034401768638
0.721368872776447
0.586903919914557
0.643712075456797
0.71284010101278
0.700104760361655
0.746375275665714
0.601349980832829
