0.911143691470877
0.831650733767108
0.648663055203885
0.427833701582656
0.359827321913124
0.469931135937602
0.502321210416064
0.369516453059421
0.457246934813286
0.57967386018003
0.377765313608845
0.291151441054692
0.388993411916364
0.356287412424628
0.38148100877652
0.403624886027594
0.340007469107994
0.279415178129156
0.287266399928679
0.407636541997393
0.360670941419746
0.315262108522152
0.171598702736416
0.250678728413492
0.265276631698668
0.279957583181505
0.346623948363532
0.38336162148783
0.388450037136619
0.448403821330916
