0.404421109445233
0.533046859288428
0.564285474801276
0.631629438670192
0.659504561051566
0.659336007995965
0.738331842748094
0.897309184138379
0.97603516379515
0.924424908507191
0.520879541861086
0.368638120882406
0.196271760633408
0.179095580626472
0.168382459610893
0.162727528728737
0.0906838001331375
0.191802023584023
0.337206132430583
0.308780791685494
0.55008368313877
0.381586730839741
0.485802388783601
0.268138431185913
0.204195775329477
0.147146639605394
0.251329748477197
0.143562019574797
0.20929449718014
0.363685181462547
