0.646922320951502
0.788207833128775
0.751021941876764
0.727680713110397
0.697012111856396
0.826206265608574
0.813914348911494
0.618861125204712
0.619472727486864
0.646989374076948
0.725883177564085
0.616452481354193
0.784568485141337
0.801157902492456
0.662500628208987
0.72532203745494
0.702980351941415
0.582643759697431
0.4373859249798
0.534711455488333
0.474116861539659
0.581078771360916
0.651721205700886
0.618837927868686
0.740767910126693
0.704272041277056
0.757171638397196
0.784852522885123
0.769174125883249
0.805294260184948
