1.01311531690509
1.01946345380742
1.02201674216662
1.1164066470788
1.10764287711038
0.9769613036766
0.972998483746435
1.03083292929189
1.00358453447663
0.829381503814402
0.40796655043066
0.580509075886016
0.607639039950823
0.606314042896616
0.730815632442596
0.724518857697608
0.78616576538107
0.95363946597709
0.976662733220055
0.79445353865006
0.300955149655541
0.32799237060642
0.399517881239785
0.44383838020369
0.264450158245038
0.291552580126661
0.367340249131748
0.326889332832989
0.332835360320506
0.514522297198174
