0.7267520403901
0.694784222630959
0.804826904595074
0.74285635104793
0.576515733584937
0.47730266372132
0.554038790095773
0.559320050212779
0.652256486811899
0.584434132245593
0.727650295921407
0.53239761002063
0.580910693273686
0.539101166396208
0.664251666913546
0.495892465139545
0.663702611976109
0.597262249213449
0.672283437267683
0.617783506193004
0.723494093546416
0.698036271806578
0.555870426710891
0.651219098814028
0.421916726729097
0.371742789153206
0.429304264052036
0.255335661428245
0.374541723340946
0.214611011449444
