0.624182548892172
0.699582868727344
0.872487998126836
0.729958014599348
0.629339980091269
0.530217246235649
0.735566931673626
0.700467683597769
0.76130050344046
0.683537178185096
0.764458225840198
0.614984902213755
0.786172356536108
0.646740133581179
0.83236452323233
0.639762539191518
0.70164413839427
0.568129884763903
0.758908708845547
0.692444901527188
0.33388123024014
0.476057486894924
0.593855090213392
0.5886334366374
0.426963495709485
0.368462176907769
0.434279617657282
0.410880231567049
0.433707346570069
0.631452108908766
