0.43182075935768
0.494724943809007
0.479373062396218
0.435163426346872
0.346852614631672
0.289401706814562
0.255479554965888
0.168431352305953
0.327688715508003
0.305441031366382
0.503397311829
0.352767526591167
0.345550642581626
0.489090844290301
0.352701793517887
0.489296488510415
0.57509863129814
0.53459396995601
0.641256149252847
0.54785493160595
0.342284822084316
0.450360839899935
0.654244922746279
0.464216857070409
0.319695759278097
0.290833734965006
0.241157394332865
0.25713405011316
0.109409350884158
0.129589249436351
