0.684476899457749
0.679896183036224
0.594890527989671
0.528462273305238
0.495346617376388
0.337136552672789
0.401616728705898
0.331381092434361
0.311632282174736
0.378264334406316
0.347199997466975
0.130070825920427
0.058332497626543
0.097892093518749
0.0448664886411279
0.15916179404594
0.112445826688781
0.122013879613951
0.297728343596735
0.412126852115669
0.298183418431266
0.427848346059158
0.415975220308586
0.320123851013317
0.283473792199924
0.502521176536515
0.752656801224633
0.782702145160123
0.804092384756168
0.942093199374987
