0.433259007661836
0.478496118375307
0.2982596791547
0.38458472282668
0.480036364375105
0.38966183128809
0.617111556576987
0.77207913130564
0.779937122616186
0.710388773859679
0.184570075850934
0.39529153960757
0.453248008387163
0.489803186897188
0.594851909670979
0.55210888502188
0.495498975226656
0.398262089397758
0.288798283878714
0.355108191864565
0.261905151632997
0.282038354540022
0.301652605311724
0.336028343137764
0.369818856524277
0.384864081306356
0.324725264873329
0.367825396222967
0.355503229521188
0.271351454969469
