0.580574275048787
0.453315125273878
0.548242423122499
0.535260947605345
0.790013442512352
0.828037525897596
0.808897170625803
0.802046090938327
0.896429712059388
0.741459114676753
0.387244188053052
0.389440451248999
0.393848451286073
0.396563737327026
0.452125200910749
0.606601756790003
0.8301179122434
0.84240024157099
0.686209650265497
0.782962100185992
0.58488959372059
0.650132199609806
0.721689859172484
0.668830214860072
0.623835116438722
0.489970900816997
0.423887448525211
0.359354566596603
0.256132806461874
0.193918756206158
