0.478332918128565
0.414740900267482
0.323633257058084
0.35296196880807
0.218783696001801
0.257203310847536
0.284220166763545
0.276584962821497
0.286589471642791
0.388062718949212
0.488134692660878
0.400723239598209
0.468312137020165
0.336654179501692
0.490643140678639
0.575821569008166
0.463783995067114
0.411055918344607
0.401391452950736
0.394745316863871
0.78591859822093
0.621459527471348
0.726037925965398
0.791346536361858
0.910144841987886
0.903196216653038
0.675131381534908
0.67053515813214
0.789292116136227
0.604692669276362
