0.0265120799187571
0.0373254674952477
0.0435418956913054
0.129957409203053
0.260240695206448
0.365144196743186
0.383692706314888
0.216896107405465
0.357168136009987
0.396638005631085
0.454460648636513
0.472871542445563
0.537716357645758
0.511438430696953
0.622902235193405
0.673987191709233
0.691165378623186
0.681395373566551
0.714802173421883
0.640799525230357
0.588633488167475
0.576354633832748
0.617568849262247
0.616645431738371
0.473814815316373
0.397970886562044
0.502259992143163
0.39123917504775
0.350422418896133
0.390146040065238
