0.522776902813421
0.528666833016978
0.513832144506233
0.686470019418703
0.648172889577182
0.502103961884932
0.556639644850002
0.624499928459482
0.662759600367354
0.455268626121761
0.587917302737608
0.665232299782931
0.737601866715252
0.559357502034529
0.468588539029135
0.29848761372514
0.126333636527898
0.0715053150598125
0.153194613794405
0.27828588692545
0.69427981249611
0.546903263810976
0.67370460036765
0.607895947420924
0.637986325832038
0.787468817491039
0.755280246106862
0.752080920930907
0.619348643101707
0.530491955378979
