0.407791116221365
0.52501571587522
0.607218000146117
0.497657979272794
0.431004218424227
0.337562593484786
0.479808277629804
0.399808056179922
0.247543923596408
0.389548773218435
0.37747322201704
0.467235573725527
0.335368908988704
0.374024331896026
0.250620944915846
0.173699311509749
0.25786818355185
0.35482327184503
0.349314694119752
0.289581062797592
0.369549147060138
0.405931639505547
0.552174484843385
0.657453167179596
0.588179655440149
0.582538411088285
0.352040288617831
0.48440074657276
0.582822945967314
0.684236957386133
