0.458189343247952
0.522187141288461
0.609062960563617
0.577119785373202
0.683696643135613
0.667086081032744
0.723798513238421
0.798593041173285
0.872977987223
0.921947193058366
0.666522123877026
0.557530641069703
0.588238534217767
0.798829581009291
0.848492234831743
0.826227364715256
0.851729569610275
0.856393910440176
0.897572547996908
0.824613074056318
0.416307267826156
0.47601613560702
0.545660088444234
0.558474640951262
0.481362033712448
0.54163607237959
0.481317205634952
0.636474974407867
0.744670753461362
0.617241289886699
