0.670693639126831
0.594927306772435
0.465843529875338
0.419362438625604
0.555102941176802
0.581932401757102
0.47844963940547
0.680266902602624
0.563140614011671
0.509257094129623
0.923117499880801
0.982923549309681
1.0665966828245
0.883960586868535
0.822486649168149
0.68216604343006
0.660687022463843
0.741634437249467
0.835619911664745
0.862452352765596
0.60953135767197
0.479033998094404
0.447506475137457
0.553087148923338
0.577979238392696
0.73742913158229
0.699215467195869
0.751957368539557
0.461017156407148
0.314923794535831
