0.660467551487569
0.594683775051568
0.400218671646456
0.482800134382893
0.482365923579533
0.282791471257303
0.3519577917731
0.383016854021195
0.552508856644351
0.610828497781847
0.206887151859701
0.303730374434963
0.394151099631563
0.523078616056591
0.405186967877671
0.492400893989764
0.423054575362988
0.289908427607082
0.208996532626264
0.353870782224717
1.04042976729584
0.897095544338348
0.69697393037391
0.725190350860479
0.575142714536156
0.614877106543969
0.461123362291943
0.397626535470004
0.63450621521693
0.70301283496118
