0.513172247609939
0.509516528737615
0.411018633632805
0.458528847711537
0.626310817057643
0.428058089407537
0.535396698767696
0.405113825805862
0.471414554816116
0.389624336267267
0.865251697276492
0.836726449898218
0.796140403396224
0.854541965297197
0.891974654796307
0.875042956730247
0.842219039184608
0.972323701895409
0.740345265568801
0.812863635589935
0.696474871976179
0.631897699931514
0.668525479413447
0.44008965469512
0.419036418484401
0.39321130880794
0.372882810409054
0.429543138376311
0.474609156456516
0.394346292083646
