0.450280142417204
0.349172753728953
0.400036056372006
0.305015150955547
0.28162844438251
0.252336045681566
0.190659465167717
0.203643381635325
0.322165639738219
0.303223669941203
0.127441504783928
0.263613412249833
0.222350442409515
0.152985701570287
0.392550991056487
0.297907081898302
0.454644702933729
0.479723180271685
0.575382204967862
0.469823324502757
0.615361636138945
0.651159291907638
0.402533389774575
0.601984996169298
0.594597103500231
0.6281755227665
0.50369188389038
0.478366605930452
0.66471162903351
0.544196333915417
