0.549586072524927
0.483931467596359
0.363169703500263
0.268473003532655
0.36349242442093
0.544290547685615
0.450742361562244
0.385435929808683
0.343267587067477
0.264694889726929
0.60362464691669
0.46550816953339
0.567133688080761
0.694897996658171
0.615803582434667
0.769632029653652
0.883272265809713
1.01582454413095
0.81780969137786
0.918087262275691
0.611057987682406
0.668317755324651
0.594615663600971
0.544638946535712
0.668925243033743
0.595812682830444
0.349893346638134
0.353879335964745
0.401485857856175
0.37130747439777
