0.777905176340993
0.967667085345294
0.99932749703845
0.93832011264136
0.749899136408623
0.850545183749329
0.760058237140457
0.770233544830341
0.810751582013551
0.759178546194095
0.84680573594214
0.835976166077121
0.699078418346285
0.652918787099584
0.692200625347137
0.569183868853538
0.550851859277277
0.466148193165823
0.482133599728509
0.657606642911374
0.633528408663657
0.643487586057123
0.841929108625587
0.992879205731984
0.90876772215062
0.978755438629847
0.872855968124003
0.817628218399824
0.669986669792326
0.625395622876005
