0.719391004770452
0.724468368600511
0.776902508858049
0.631029334693605
0.580268341332132
0.534306297014856
0.554905417637357
0.514075715263763
0.474760455713996
0.573424385487102
0.661829214403406
0.575327388942242
0.495537947211415
0.402205358352512
0.351291915536204
0.207941634823117
0.0620886043277715
0.219795617135242
0.330985411070287
0.607544547738508
0.255467852058343
0.131358638119406
0.117677533673123
0.133577001653245
0.196701397093216
0.250715405119786
0.24067791653631
0.255618551222464
0.27177174970941
0.22491382142201
