0.366232046645787
0.372120641053375
0.630158322744724
0.63559006602821
0.573792137590619
0.431412888377356
0.535881249991628
0.469489975891459
0.343891013007062
0.240024480013968
0.523858026368544
0.767481619585305
0.628261316148564
0.744752354640514
0.729245485304078
0.549647580305269
0.60417198388294
0.43586411614359
0.43416389067114
0.448521935738778
0.620678025622737
0.629858374454897
0.543146254447174
0.515612759952319
0.408773946714473
0.494807519855794
0.330508486785811
0.658108666398448
0.609693183795434
0.882968510174078
