0.496885233632101
0.444923717524759
0.417756744889445
0.48781935664776
0.637918829535574
0.463200867399082
0.360080352415771
0.421736298026026
0.524651339585306
0.449523040727125
0.685579194313712
0.853862116112239
0.873543071000702
0.88417394854953
0.906231098306653
0.732467818317292
0.646734883460504
0.49957586094859
0.55039283904369
0.562391469684718
0.729458399495382
0.625141864322398
0.406977676093851
0.411272433080051
0.253178488049928
0.258086013008181
0.391608128795673
0.399846337974344
0.452848236548055
0.517994655534897
