1.08575656489352
1.04990780054485
1.02731543912415
0.963609519254687
0.739738474021005
0.653548218941587
0.399169539220902
0.477347517645257
0.412349481016503
0.468763915376843
0.254011388221772
0.254493592004159
0.357236782903651
0.434107707696834
0.508930329396257
0.412928376649374
0.353606302844161
0.320090840006048
0.507882995399646
0.395173323349096
0.625853509738242
0.602689801904505
0.809101866235157
0.768905856602957
0.9211813266884
0.837456499275086
0.660732643448082
0.661680086005745
0.664515562776742
0.738977636864674
