0.35061479830282
0.427398616681865
0.402143970738223
0.566255411413556
0.606543679582945
0.764760450135043
0.713440764273408
0.691197399882217
0.720007373830466
0.449510975825344
0.331572156262537
0.191483390706544
0.26441843807972
0.312291785890395
0.352704756812265
0.415385216021051
0.610056572792192
0.740235050686707
0.795362678741177
0.855554073176419
0.529317721457483
0.550857599650772
0.519460068237659
0.659775241641433
0.600538532100723
0.462309366269142
0.387375220274658
0.420945123806701
0.327345624137775
0.326788712004305
