0.485834981741138
0.351941583685331
0.503117717530333
0.472710656521596
0.32826971027696
0.329107171368538
0.209742655583411
0.196978521418511
0.393891406750436
0.307351587845142
0.610690873813142
0.544371212179099
0.470953649746512
0.508080606330127
0.557307738117128
0.459682864141837
0.411475968691706
0.590470623416081
0.416851865644753
0.548473358066007
1.14465391260065
1.05351057556593
1.13406771709251
1.14273200546788
0.860242299348233
0.703444133032231
0.502710000731963
0.465568521878662
0.411073432237822
0.569619288648459
