0.268525720154867
0.442606924875695
0.520784914522487
0.648524764302242
0.536222438077498
0.473180932720248
0.570055696672946
0.550768139145523
0.647316645250842
0.688860133967549
0.678035500722059
0.590570468718239
0.324123459897988
0.306624903326907
0.45145259446656
0.570627519797586
0.588942897908442
0.602993553534203
0.521136354824581
0.535807191144728
0.592846800973975
0.549183343539179
0.574057956227153
0.591480906867474
0.747564784531534
0.603595864379867
0.608606325488626
0.741195485303359
0.703581197143895
0.498936850906712
