0.793573112231233
0.68766151238654
0.749613815084585
0.942596282208824
1.00935338661496
0.819104294250274
0.792014139755183
0.783783435918876
0.619681720020735
0.647448355895021
0.39795760778883
0.482299631845071
0.277110299385949
0.296782718883037
0.30262306705597
0.0922207851428539
0.158098926860839
0.145503285707952
0.175152364389373
0.361397851833476
0.519001376302913
0.73201284725219
0.643689757399261
0.634691033000127
0.566464929794893
0.593012373195961
0.572623991640285
0.634426034940407
0.483768136845902
0.441372857568786
