0.473906233782462
0.308326850205614
0.474898800140201
0.524167472196697
0.548925113517745
0.471297942127987
0.563889563063114
0.435171882855994
0.383823367768255
0.496879526415197
0.366596372083274
0.486650403246728
0.399004944863242
0.594884567039532
0.704461226642576
0.763787348271173
0.664945270894852
0.49310700616875
0.40446592486227
0.57571933577532
0.420565575496843
0.298861099534003
0.402490220112993
0.28935403538522
0.398032158034204
0.365486889673929
0.393893155051927
0.458479130516361
0.482852716043217
0.654324852486698
