0.417256598671112
0.35060750728767
0.361419349753443
0.212821450953517
0.179472003768343
0.289384494665026
0.240988421569525
0.391771058960765
0.267138822925224
0.333201379981375
0.287184291495658
0.191957577574227
0.232952943143527
0.321141637700702
0.333760539000025
0.299876790818604
0.283655557175013
0.209244605478676
0.233848920603129
0.232287796771931
0.382763112102046
0.441341926062822
0.427038899621337
0.451396839132875
0.403143815157303
0.541840176956096
0.714335119371602
0.702201903854409
0.762363945051009
0.652711651391262
