0.347989714985139
0.349692473748124
0.205455428741249
0.0638657712445878
0.194650699530774
0.21972526592043
0.152514890402823
0.174635498670638
0.284131803901643
0.163702893257141
0.25365061561375
0.436722351766965
0.45562073985844
0.557961380312062
0.604526099487565
0.71765329602117
0.619936419436134
0.719520658878035
0.71095810594911
0.802669123297114
0.461177849429331
0.50612098219306
0.559994575460113
0.287493262099705
0.294745321324698
0.277259047035731
0.289157528445976
0.355477021138104
0.420765811965721
0.585616882859649
