0.266591304866597
0.374285354235309
0.273066115615058
0.324258387371066
0.470362999086021
0.212389070057063
0.147712237975313
0.0623041495967048
0.208498245599433
0.00650461716577411
0.815039623297184
0.647210138664946
0.555611109176084
0.623595418456375
0.63956155841463
0.662633183451749
0.597609420858703
0.693198195429553
0.790291535764967
0.807896834291495
0.652243514406903
0.445746130078507
0.471910844837723
0.545740922867728
0.419942963217793
0.517995797750948
0.668559052889643
0.613912355808018
0.701164709079487
0.708209783305822
