0.512096400910861
0.524339080348484
0.430524253041379
0.441961935181243
0.466668821331186
0.535093563348127
0.614759600693432
0.503377553932441
0.646976960739058
0.693214702662018
0.77083824682387
0.827584530556683
0.834128074724336
0.949183733206351
0.884196295779307
0.910449557568987
0.953194343468516
0.96254278536175
1.04068905954161
0.912246707091523
0.609647705100087
0.607515576688183
0.555342979190481
0.703292157008854
0.576373636556399
0.518083869476651
0.579120970840414
0.506478311956708
0.508662809940834
0.374278863516484
