0.384142842991853
0.46671830868406
0.649544823365861
0.653114037327996
0.59610745093838
0.783602525033585
0.612662368193796
0.568520673662952
0.344602636313594
0.364970922861776
0.54759838791321
0.588206045046838
0.568811990084516
0.618645320809421
0.559711139718976
0.430518960370657
0.228792384476375
0.247025155439016
0.269164764112767
0.346065672576738
0.909627041523513
1.06717311106862
0.99570264213287
0.886123035173273
0.744442146807319
0.710982878809205
0.62845397675905
0.712114776434306
0.799350380924425
0.776523265036648
