0.64385329449274
0.478611702860374
0.423110323322047
0.675641974403564
0.568439444310073
0.709581197627861
0.768094306903163
0.789187252312646
0.85270058333476
0.931326995158606
0.797610222485584
0.756209903339072
0.748677410183421
0.828426552608556
0.722865309763166
0.832559764768394
0.858473823556143
0.939078635639908
0.894495540867957
0.883322597376382
0.758118155856864
0.818937092625784
0.763980950440528
0.823796975591468
0.817843065948473
0.794919624577524
0.82414856555617
0.776889649710866
0.813227645379739
0.934203152896153
