0.757193335113276
0.853118885182936
0.912385652368117
0.863052595234637
0.776948890802611
0.647906325521634
0.639879888665618
0.530686077565641
0.562814750146807
0.408725380242557
0.350796758033435
0.134249869244273
0.0023219938389957
0.307954200962558
0.54591992450878
0.548656950425357
0.517352919559926
0.634905212139711
0.67906804359518
0.790269455041705
0.342819416635853
0.438886978124452
0.49920427079424
0.640709160427746
0.531123434725401
0.577063844838363
0.511859635329989
0.503115745979545
0.495423444659633
0.552973585642126
