0.177453806915041
0.326575778079224
0.30962750169356
0.29852926794347
0.165967189108338
0.198934262951221
0.193063314079623
0.19781867708763
0.157736391806975
0.285702573367492
0.284900032435947
0.258087378193293
0.476217027672235
0.50649266672567
0.653868019546051
0.536377523199324
0.623534308385704
0.440445296431561
0.291468927927916
0.142890373046139
0.993836966548534
1.09465333759023
1.08358192063797
0.96436144538467
1.04012664590274
0.939695035677974
1.02908058651966
1.12491042098274
1.03179789842884
1.1395612120089
