0.649226685061088
0.589781621337837
0.639552615030638
0.673388736707279
0.703301930765742
0.72178528524099
0.80967400330379
0.873813605481853
0.904282733226767
0.88274364973103
0.572549223568515
0.512872009625883
0.485967941250877
0.588024404453338
0.456242831418515
0.531404809275867
0.663172430586294
0.552881422586963
0.630427171563954
0.769630212591625
0.60956597400833
0.661005199356042
0.478744372753464
0.563973132642024
0.665416844124012
0.612390975728669
0.614101172033735
0.666799825771696
0.706019033041767
0.635644682130539
