0.301401175512001
0.229403282707961
0.0732669805236473
0.321083275188164
0.302298497055272
0.287227853313634
0.412546932477937
0.209135532299489
0.410804954277784
0.402871196078569
0.772074486158851
0.782025140693474
0.852964699577603
0.784055134870175
0.670548626717243
0.594141258841443
0.544582513935927
0.587614754291314
0.394178519008744
0.246938994649861
0.272350552684595
0.236226794828628
0.289793612488513
0.324692899041776
0.301202803018652
0.178428558695558
0.15063913619924
0.255528732955765
0.343975492742161
0.40230453255425
