0.436237867713152
0.326267113096383
0.354408660183963
0.280578128739562
0.391013005447876
0.369338159242015
0.394211440977942
0.419720622456935
0.505225478277843
0.486169339213346
0.887191945234973
0.81407779093339
0.831530236699346
0.797401044345189
0.71554176259293
0.798730199145812
0.717721941102955
0.68505227376214
0.616818053847838
0.53001175896703
0.422358023037462
0.443316590261904
0.436204210610388
0.275519087712539
0.19558273329146
0.151695790595634
0.289585224946288
0.362318813742397
0.31252907181565
0.223343597328629
