0.458625974084211
0.440918717809913
0.304204474898947
0.259114623420328
0.203172601082802
0.242779556404307
0.19634079916726
0.151407163006693
0.180435924092308
0.186647375745463
0.604599349819203
0.417996967922976
0.606676092803558
0.575816082222467
0.551386526566078
0.789977091936474
0.803456337623378
0.981419198926618
0.935675204910106
0.79138661030843
0.861474480101288
0.8051107498698
0.880361392578652
0.829954451416921
0.82558691214936
0.869879166755622
0.775020152909478
0.84224604920376
0.927791504914722
0.88366254437498
