0.382318723213397
0.540666051872544
0.474373104202099
0.584803553263195
0.768049836403228
0.587650342576675
0.507844635157384
0.541422555048488
0.558227648970209
0.489248369087003
0.804529699561543
0.774034379440717
0.703619607835434
0.682645947864406
0.64516302942774
0.489740850632178
0.403462252155977
0.72337480685218
0.644184931689042
0.789370726055799
0.483050678503834
0.560211737926044
0.530249999190606
0.552703560941778
0.503921629713652
0.674677789902119
0.567330818988187
0.650793818330196
0.892859740966735
0.834715551595939
