0.314233290450648
0.284519807870652
0.305012556041743
0.0793444208335131
0.177679935982451
0.37773640600477
0.392148907598822
0.50765459139344
0.57512345190604
0.624085956695272
0.603992665170065
0.415988501563973
0.371610995645008
0.324884525018118
0.534082852287523
0.451144350722737
0.39428872157105
0.449741728587381
0.420008346561647
0.450522001723132
0.308801096141502
0.281355694471091
0.377173688949192
0.359114438283363
0.296827300885673
0.328394358992557
0.388533283365871
0.532513280181195
0.409189089355971
0.375817491175588
