0.19625387961548
0.137879201000142
0.324802674887288
0.391545725123543
0.408473914886382
0.480031279219803
0.510838203995046
0.305205803002388
0.374104213318467
0.572754087767014
0.457701636872948
0.369427720805393
0.233543611572818
0.327251705921949
0.524479458642886
0.471392421912164
0.495301142973166
0.476361316894453
0.522494414807569
0.633614628429589
0.680417631636803
0.544124965719377
0.705747771333401
0.80497955319049
0.765840718499814
0.80060967898505
0.779297351473592
0.7070472534007
0.7366113383981
0.847347729858623
