0.762177133412116
0.700731000449852
0.633190341625706
0.57252071351406
0.52172881251368
0.65792966697532
0.597439636412815
0.525829653518081
0.468130044994682
0.547747413843677
0.51128243999918
0.619458332210108
0.505754170119091
0.517149284879713
0.492290021969973
0.66392889919415
0.558300662717819
0.313736930049061
0.297450159077125
0.284030381886322
0.693617513992335
0.732070932439246
0.704511870153468
0.68256570397712
0.76577838560402
0.685292729491588
0.759183103300851
0.700714046403986
0.433937600057792
0.376368103025701
