0.478889456824812
0.500251546935591
0.508452365375536
0.508249976151515
0.492581834495891
0.560052129291821
0.483894292862047
0.23237905217417
0.303309608007812
0.328993937642344
0.714357124468299
0.727566178668278
0.678557047028082
0.662930151041584
0.650803373249638
0.761556201668846
0.686726195233333
0.75241859597938
0.618630914165097
0.498865293401304
0.588613150689576
0.468218893559475
0.552416407923971
0.561337816018436
0.617013757025648
0.747663302395318
0.703507370037783
0.834995487939392
0.866831773521204
0.816139715762585
