0.810865815255867
0.646836281932967
0.60143309961267
0.58113298899688
0.555871321031742
0.606954145422579
0.469556875564532
0.470936542600767
0.584220338371025
0.533560174182431
0.353185009974985
0.476877274755387
0.433785987012087
0.47858227376826
0.579101640423758
0.506153510157017
0.608847959451376
0.699936990738519
0.682521886164926
0.84905463994541
0.46170098011955
0.66141549137994
0.565311735226051
0.620657264171378
0.712294058045582
0.555125906421081
0.607274783319072
0.623076879848004
0.564420399353597
0.493600354767162
