0.319785415388097
0.447529043962633
0.549060069683393
0.53657306126078
0.611622513558169
0.695789785969456
0.638570597635035
0.710913514259656
0.755436921545689
0.72930845867643
0.297044305220896
0.248567859546
0.244927010821828
0.0568060528021306
0.0701695013325662
0.282338954461738
0.320161424018443
0.590246178489178
0.695765478350222
0.64541946244426
0.670827785847158
0.749864789531947
0.822187450216533
0.92319404069838
0.902440557886594
0.722122579884463
0.524080878427931
0.490767228441992
0.429632807873868
0.387643856440418
