0.376093108147294
0.39442908543712
0.466580171311185
0.525371818976388
0.586664859658018
0.515967529999003
0.472663178840563
0.573487812546924
0.557730383971617
0.465735348383627
0.98538409641574
0.799350930634912
0.767273737747248
0.7154819499478
0.731273479103308
0.542827544310328
0.617659172504407
0.542046946468961
0.425756981452193
0.381483845925222
0.544768176241505
0.592190362945857
0.574904786529678
0.648068055524218
0.719328313613969
0.827130221285997
0.85153954343563
0.842725240696874
0.916992034974229
1.01391788779451
