0.396265029045619
0.190695379930414
0.376712877279945
0.453292090142943
0.470430608396284
0.630402031377755
0.679903538455121
0.591210715775243
0.431944851646997
0.478578658518247
0.654724771463634
0.772055352034422
0.651446817044544
0.632791325657073
0.547453734672072
0.315668655440587
0.563355192842337
0.577090183386955
0.504934372075277
0.421567132391411
0.88377488767839
0.894527632218737
0.784994280419264
0.772920493909109
0.77062685101793
0.606604328877636
0.677643002620093
0.420672008492179
0.523163321850948
0.405287296375386
