0.722756781093265
0.693187449926942
0.75684216596043
0.645831400955527
0.493815560460522
0.406362743823289
0.473773859728559
0.344226340957418
0.492997026823893
0.548476942263975
0.473658446611202
0.437769054404757
0.472222517267965
0.713132503279649
0.603384732804425
0.562237167847507
0.659813680057578
0.420541002345435
0.566108658840112
0.479837282630779
0.619501960224967
0.677470749864327
0.764444994196268
0.660022420963245
0.755719490224468
0.722011113740477
0.478876511767479
0.643532999992343
0.540507708877298
0.467768263086649
