0.5140821579159
0.651410041029076
0.592807651466968
0.509382325566652
0.652356510578933
0.624027737385871
0.516467055583321
0.47735541015672
0.465789855266922
0.371651615942829
0.494064524043349
0.651461841854775
0.623287865509788
0.504979979982177
0.529578007142568
0.560409115181203
0.684819775606404
0.69675228360192
0.723913286483967
0.69343772308397
0.466139350189412
0.509866617676387
0.518642274346719
0.358560187053452
0.330286463965247
0.375488607548694
0.287567084504911
0.231708436281403
0.371034408648481
0.516326046836545
