0.380624400472573
0.367045909978754
0.228711112004078
0.336182316785983
0.460302097301381
0.45518992920165
0.73987032882628
0.746480188851931
0.927798963578173
0.72679215833334
0.372713720175702
0.414083666290421
0.47394983082198
0.456436015135873
0.574466113360145
0.505251950410787
0.565480205149982
0.361337803223762
0.324783936109055
0.499113311445001
0.110008683448053
0.211659520631656
0.152396343322471
0.20855735084042
0.165348613505201
0.173208566928985
0.201923366390871
0.212243082487083
0.348228450930736
0.342951736865657
