0.785149927645223
0.721064649963053
0.809654455746757
0.811174674819457
0.775730001063319
0.678602614973905
0.661237779187915
0.661977867850047
0.619797619639841
0.447763998082784
0.84261454478141
0.770959657423684
0.77116531210823
0.711174034400489
0.705843490340127
0.72808421251954
0.831946244627549
0.684515565285771
0.618245938677652
0.691822221573754
0.313708050915122
0.445985378365115
0.665425378124312
0.78991561494124
0.734627707431713
0.619721173056539
0.406424049967106
0.517648229309495
0.512245173965718
0.598332058642526
