1.00821856167435
1.11323552572027
1.04618458569618
1.1397465412401
1.08559212037134
1.02589755997805
0.807865372195818
0.717395557871066
0.668566880131118
0.645353315391719
0.663233204444673
0.765220404907863
1.01822758477907
0.94120348722468
1.05133705244194
0.91401311389896
0.877933242337581
0.729842945586693
0.765639006884571
0.836351248228725
0.608188922641189
0.58355397231257
0.613957167494432
0.695143068240345
0.6119844325663
0.6952290970677
0.65810774670294
0.552441720928387
0.745083251254023
0.699940125954658
