1.05625450356049
0.959026822721826
0.930821539741619
0.879315582600556
0.851407782147698
0.957573313849175
1.13933606327236
0.961018764757978
0.995197786569633
1.11257801434323
0.995428787560294
1.09425292189199
1.10902824596751
1.08466995304398
1.06818908130927
0.964135677563782
1.01574536121274
1.05454905861524
1.03065012258786
1.10369980245936
1.14216684369689
0.970768310280678
1.05079432321123
1.09716776460797
1.0605060448545
1.0576993785886
1.08851346762169
1.13804706870521
1.03496717808742
1.02955786935107
