0.404435089898679
0.42750960743745
0.545813174003187
0.521910577563021
0.607366407818544
0.49928657409494
0.532872500799048
0.577385548471857
0.477340245169971
0.563731232860509
0.418996676282361
0.359400418811813
0.409366396387443
0.632805716750547
0.54887045877181
0.571551073613912
0.536371236206458
0.628522380693667
0.323771115924083
0.129185963301771
0.85479003875842
0.803507501484593
0.856992606345331
0.849007093665888
0.649942490963032
0.730965146600967
0.782867745592526
0.74000341743537
0.606040727638678
0.466726566164793
