0.18347500031814
0.204801714373752
0.402829294931144
0.346504598064348
0.263742644805461
0.195072445107984
0.171461266325787
0.237065046839416
0.211672154461842
0.265672890024137
0.458167732305929
0.497235349457816
0.421098307738185
0.267460869517282
0.294007752498576
0.307262973150202
0.321211204061249
0.329682536411463
0.377400902088164
0.212270534166499
0.578903108063836
0.612202785882849
0.791119869865228
0.684946653313685
0.615259674855646
0.614628144102528
0.636055013472572
0.558052565418541
0.482596193468555
0.576966467155501
