0.206618515368172
0.158000172175088
0.199279237085574
0.47714100849218
0.530527726200962
0.676784785104537
0.800918055884799
0.744119911564296
0.729173614287531
0.78254937284418
0.426731694113554
0.401454959387051
0.312088074971864
0.353081662644575
0.53429966132989
0.424482358963171
0.502701750322187
0.448664115107561
0.508886218042055
0.453355117998028
0.739133551925475
0.563750999582985
0.579349394863525
0.626565654272268
0.777032888889367
0.719683871808802
0.606507506146436
0.564953891718169
0.496986238862728
0.530365688418378
