0.456830242877028
0.575452164928562
0.484132528568091
0.6303332743537
0.628619484959575
0.655804462621393
0.740920126887443
0.699296646690398
0.52204008017148
0.399731759200274
0.613244903699926
0.656614850701264
0.678914618574072
0.86499967918544
0.77918944190069
0.743925739926849
0.724130457136411
0.72404574589767
0.620681323585663
0.606377572388951
0.274174822864707
0.203373138557773
0.0642951014932565
0.0834350728429854
0.0339332490693778
0.204695884222089
0.272391076423152
0.291380318043515
0.23443225293769
0.165311235384621
