0.511489379724482
0.413379092646757
0.565501068714412
0.479286845210345
0.294625131828116
0.0131945596076548
0.0636601305101067
0.12468622662127
0.108782688440443
0.304993442475316
0.665558528627981
0.726598429109082
0.767945885785968
0.84123244656913
0.824732708220483
0.823279979758276
0.740863671366437
0.58237288401307
0.639838484188853
0.675579016914903
0.227619791555744
0.11131396155205
0.371924615431171
0.327422739531439
0.274768558563623
0.304303795564878
0.248742646072018
0.357310809003026
0.257802665181295
0.304433728839166
