0.582098813864198
0.538672329622117
0.570680915561301
0.501580716340599
0.3424286975961
0.45765407580778
0.446560827054903
0.564577618165762
0.615988656902137
0.503000253928276
0.412500377275644
0.335074291887356
0.367556772564201
0.430332647897283
0.56425713450794
0.720344101462111
0.51031625872624
0.580478695371718
0.407187661492795
0.332845227883115
0.473789969561915
0.350986969014923
0.396093696877653
0.45941730952851
0.634236198300789
0.625579169998674
0.715160308918713
0.666380320130472
0.515329398647507
0.468335871505176
