0.29526742938906
0.324289738293737
0.120551912346855
0.237415031949058
0.210205865909924
0.225548604922069
0.28797870054811
0.425216166907621
0.409422480035273
0.46040761154115
0.179763493829883
0.232637833527765
0.24915404995299
0.236097539372556
0.239756353039033
0.24021725652527
0.361283939217887
0.257220212582238
0.324170362416394
0.382286361630745
0.783804389913764
0.683584480385585
0.816918368702106
0.707619904444359
0.734125074368708
0.411887406694509
0.289578252745823
0.393160804960908
0.410267346672745
0.398127876495974
