0.687042777035597
0.661954522254157
0.660302029066
0.523605427872601
0.66167838515735
0.638606272107202
0.645873255636755
0.566533752233838
0.596047689049621
0.433152735029464
0.658758784734938
0.692927344094325
0.766381766318638
0.723056364569176
0.7402821614382
0.747519738593057
0.811379295022145
0.681465266662191
0.606404670903932
0.497397493634846
0.977246903871778
0.746428481081162
0.699843362357129
0.700373286345635
0.94222565615702
0.982020818853968
1.01908547905482
0.96016403820497
0.814522293928462
0.771648915225091
