0.634940715698712
0.545879231724675
0.535782642248804
0.481844732822637
0.501900891592513
0.386561113368506
0.351290050387169
0.365971642816709
0.264926825361596
0.217847713865609
0.75733523651703
0.565112607076082
0.52756039303473
0.543003467737947
0.553738974442024
0.362764954182569
0.505730930424545
0.665034280938346
0.667275915608991
0.512466948875019
0.397185772254702
0.258271064299729
0.260411409631011
0.330533214195948
0.250123339381989
0.120258463369484
0.119320064038038
0.240917528821023
0.0992481460607222
0.104744545603171
