0.369529345243438
0.148716159987464
0.288818193517448
0.241494836902069
0.417636068288685
0.486492153574226
0.443913603239206
0.583560032016111
0.51009004065128
0.36101255230898
0.548590653313726
0.622188492276176
0.633177080953896
0.474262672819599
0.477973885478854
0.545377154712036
0.443356985057175
0.592111635318428
0.717904786363696
0.708967331674402
0.602966839792015
0.552182415751549
0.589484244370641
0.5655053738689
0.608423793194624
0.466263436218532
0.3538836534225
0.310313800766465
0.202821149534878
0.343659278608259
