0.69006747172208
0.464298027958659
0.497079259462879
0.523514510764033
0.585046675293939
0.41937796823238
0.48698072224413
0.513023393186973
0.645940943998517
0.687491968046175
0.64564519990175
0.58706627171426
0.601380005571386
0.470268223992875
0.506336787388986
0.564936631032591
0.575819584307587
0.69500674665845
0.596229954800366
0.67157349301575
0.512995701975449
0.254120854840874
0.331492572597488
0.445724098284989
0.549398731051957
0.539372785978963
0.310815502873635
0.204796176993301
0.167922755361547
0.141790159000084
