0.0306208214722574
0.179256678931415
0.118998578842729
0.0801435231292194
0.0500007554018444
0.129552050307393
0.219303038483486
0.220473376023175
0.277938713938521
0.281165718161093
0.431726432929499
0.498015901856595
0.428202217342803
0.480052435435826
0.504925968070054
0.419457459884384
0.308383802898848
0.440077136472487
0.578442141801739
0.776743727565432
0.507383286940758
0.36377650069714
0.260292979969536
0.244562348152403
0.268995090189282
0.222334158874009
0.267966404777844
0.129618449869458
0.141127332439646
0.315898555889726
