0.538429543448183
0.743061597298401
0.854668641221705
0.746102401605803
0.738906390258106
0.777212128686714
0.781391839696589
0.743479903282612
0.687795259904131
0.759369202012211
0.592866375235184
0.460288907478839
0.376222818422406
0.365736968334108
0.382129839745625
0.358384947428431
0.431216918813016
0.522019051430698
0.399776131749104
0.402149260528097
0.348572161937733
0.38177121682753
0.473912273028019
0.230182186986405
0.381519887696105
0.292440018762919
0.155528834149424
0.211822694134149
0.284429252207461
0.299247445784691
