0.479991079494258
0.449335493054142
0.531765173748036
0.463397049624373
0.464939738530566
0.476281292596732
0.391895612544076
0.40695045970118
0.381557332283988
0.387686431159482
0.934272204133267
0.98317497431166
0.93617470687296
0.909437413877283
0.88724649403285
1.05322728416923
1.05760486577674
0.894704373009935
0.850530856304303
0.793782867832542
0.766444527651521
0.809974532774988
0.932321569291282
0.825598057839426
0.846621996690857
0.875828761139232
0.866242365070897
0.7973805640799
0.671947398360166
0.809369050848576
