0.630957088793814
0.545832839735969
0.617734249963332
0.485704140507523
0.51864372842576
0.698166096597943
0.721681679241392
0.625991425305638
0.459348692201111
0.402040366543407
0.343099955836801
0.432751754247142
0.389200707095723
0.332341604486214
0.354635379402304
0.37238537360389
0.253048736075276
0.106201512258837
0.21731354811635
0.299782537095586
0.364483604418098
0.446828393289803
0.45114054663664
0.509991842299684
0.676460724255054
0.71999701710975
0.711082780049254
0.815822070286647
0.886695861824826
0.866902531226204
