0.228115710694843
0.239500454766908
0.188422547560418
0.468373555178055
0.602975572180235
0.558135810960317
0.577519976627314
0.535550128575647
0.541169413971016
0.755370539659867
0.427956640813914
0.325453777361919
0.289910445206125
0.276859174698849
0.296707223072644
0.503592263810332
0.535284515140574
0.699634003123264
0.725146708214651
0.8153013358321
0.543757950299935
0.437449530573802
0.697411475671695
0.722007080748356
0.85655010959474
0.913040922278218
0.813955937487684
0.79565062089447
0.849239070663191
0.756530925441496
