0.720032082510135
0.67353885147064
0.545070550602815
0.467887090992466
0.451701122530088
0.385191605806634
0.310369435053602
0.293720999134988
0.237586385159106
0.34531461974448
0.976209760633647
0.918532526622876
0.892685503772863
0.919226508801275
0.777999022677012
0.629438049233921
0.53521997251495
0.53376370326563
0.531857600230195
0.59335608649078
0.508631807719885
0.572571012485369
0.651914316337152
0.50702891919349
0.621268381379141
0.78480770263408
0.77174775639136
0.735886279765793
0.581986286344284
0.631343839682915
