1.04492729425578
0.898989185440901
0.878591154358897
0.85235413697696
0.710674620681528
0.68776674292152
0.523787709727037
0.455744474968958
0.429662786825645
0.265546527952972
0.709626718787296
0.51139822967076
0.518199346509812
0.396655361416799
0.62494959809543
0.400008922691507
0.495437147065116
0.548719979885084
0.505022081143273
0.440488556136427
0.534741458286663
0.571496543510949
0.515028779571077
0.58535753697077
0.603927506589463
0.558569058905488
0.50288341458807
0.580370784261396
0.552939106467312
0.477314546398357
