0.226381254536643
0.246801175657271
0.340531069939568
0.286905045909674
0.2197771953045
0.411383874444158
0.583056393524393
0.638943636070698
0.614703222715988
0.551532417747884
0.919172559436942
0.881225590772285
0.890763431942388
0.702280025059655
0.550400042502507
0.564316160712689
0.573563874574675
0.562760914486417
0.551184945364067
0.557143772995615
0.525489583787177
0.51104468222153
0.602639835871799
0.645406312713442
0.621840579886032
0.546922222510023
0.410275931362105
0.440022924900098
0.472753775291188
0.726595496185167
