0.808127543591078
1.01759368752141
1.0509314399562
1.1461750697989
1.14491926096584
1.131044874111
1.10199200997746
1.11362262338385
0.931282470903506
0.860415749454087
0.945200875926368
0.971361248974549
0.99637421452147
1.0154437361625
0.969752706316623
0.923142723980683
0.876301283498556
0.749073027519769
0.7193179528437
0.682878861643692
0.750043595881426
0.72487068864289
0.74011835833757
0.701155754143419
0.759070802791757
0.732147691431237
0.659544696411831
0.650370442527128
0.604725100318683
0.615422247475726
