0.613388996319927
0.630271114017896
0.431589600378729
0.342630228893913
0.351310078563572
0.522209447106749
0.48309748121205
0.450954991800923
0.449409335654442
0.590651212202598
0.42196899265611
0.149921449689208
0.177053004293186
0.134619742675938
0.132748655925759
0.196013790308225
0.122148058502662
0.152536075748503
0.230509260529652
0.162231529257279
0.393807631972161
0.414925361144829
0.316627203696337
0.379089233956091
0.349810264796742
0.451255150862761
0.530617006008305
0.402459509043746
0.371873297327254
0.546160302980859
