0.861180451988397
0.719193398590354
0.749610965988753
0.732274278026392
0.699275640450736
0.738981276383941
0.795258460363228
0.806331216992665
0.822012861475203
0.874639487808425
0.387182982831924
0.36032959423746
0.398730981776221
0.70073670601259
0.563500389789893
0.551328821208058
0.470695050393893
0.505645208393885
0.508669584810464
0.580099954549121
0.449450595150182
0.446670098308885
0.437942549570981
0.355544467813852
0.339516951221558
0.346413022357556
0.573149484054703
0.485026310974318
0.639296310193423
0.816703467614535
