0.583133465250288
0.424954979506587
0.423896131816586
0.399037683632149
0.40973983846411
0.262347055848612
0.486534213803633
0.579996908985002
0.549046142090036
0.372289566246717
0.614866547169198
0.628616740763222
0.738254645908286
0.724127749748563
0.807179317645763
0.767176499612664
0.85739689998433
0.837069710537602
0.920058596001748
0.989845228807811
0.663730704137254
0.651952066184151
0.586976360674146
0.643489534692037
0.565182670024354
0.548454429400283
0.56660501552293
0.505040233913007
0.546991790556478
0.491631028805989
