0.5460977947961
0.489039744545465
0.496033421779743
0.556017803835442
0.456984071588835
0.707170103133416
0.603131195685586
0.752091260369361
0.580570700741927
0.705059655220801
0.293222819408402
0.355279471723017
0.344923110886185
0.376543935616701
0.29789782003054
0.204842900992572
0.301937744538906
0.313588918983611
0.372542637498724
0.491466421644077
0.930248388858198
0.933104103315308
0.97347480289234
0.9748365374521
0.797069509205738
0.886325113912443
0.640296110389152
0.708579672766749
0.622707767399514
0.583531441154444
