0.587751415847506
0.6375789713214
0.647775843842591
0.681468707100193
0.742655972913544
0.80094335983571
0.737275817394893
0.700193821462508
0.825293647787239
0.824897518205161
0.526076730074444
0.425485599909923
0.306550833101399
0.392679273135043
0.282422398480601
0.446678033594987
0.374706401190998
0.188716713506074
0.268560545034052
0.326637861858399
0.480675316401192
0.52315720816552
0.388780530573583
0.524909796876616
0.493857720106623
0.71264401225724
0.70158876756557
0.756063734212673
0.861474627241275
0.713969551989591
