0.186472470546141
0.209858072203795
0.135116067835341
0.237478752279499
0.273859050715187
0.424415322890351
0.454342571078206
0.398156464882532
0.461409411337564
0.51971422656473
0.439740643971515
0.418825931609524
0.496133234952492
0.47971975672516
0.578450580821288
0.793491935409009
0.890524573838716
0.744590745196124
0.673028640849894
0.575324373674026
0.724802345412323
0.850236283617117
0.947757736686913
0.933644357370509
0.92172532276783
0.90830636545617
0.991798278964794
0.90918785244759
0.94834105279724
0.9330692883439
