0.526833715801566
0.393155190580963
0.435308563708766
0.497286012628554
0.671623606606825
0.725623412510389
0.718613714478919
0.451639215309182
0.20324596402795
0.298801133163282
0.622658108132155
0.752134067289726
0.592394599834652
0.58879185077195
0.519972197156594
0.633325577438072
0.575613187397094
0.578215522602395
0.695599389406116
0.750846956813903
0.430703330540312
0.445855086517734
0.435765539004682
0.588959421252115
0.57478903577405
0.475221605912996
0.61671294904056
0.428223752637608
0.43450002017173
0.433286807860462
