0.516747356460603
0.323724771312611
0.296165864191191
0.249859418401355
0.363160455264401
0.459543699724851
0.46646844414088
0.430766254710285
0.6381109071898
0.741212556278585
0.122234524320811
0.182235706551
0.207678109034896
0.121291609894664
0.098347502015531
0.0353139738552272
0.0839779377449304
0.0481454588938504
0.221419045329094
0.288061906863004
0.659506813566468
0.686681546206669
0.61297992237945
0.693420247809113
0.682129578321324
0.717243121546776
0.714209908927874
0.557973985915155
0.710819415171714
0.761930750851602
