0.261211532890036
0.253764786357249
0.483656342998336
0.532778088813837
0.420258667944188
0.272999110603894
0.450531179988946
0.41607830915319
0.333145981651714
0.489873879958859
0.205890747167695
0.117137807848457
0.201701305302385
0.442575767923672
0.460360527018234
0.406735255176351
0.291353882735744
0.339337963755583
0.417854356724178
0.456237899833663
0.49751748343177
0.59314159594578
0.556155358879913
0.545347004869108
0.583561272272515
0.804556552977907
0.872680498364056
0.783872851806367
0.882423422143469
0.782534718823293
