0.493679393672685
0.451369013808037
0.413602893734423
0.383288226630611
0.478152362657783
0.785995493810696
0.776650894289191
0.684773274444849
0.628733326872624
0.638721684697828
0.91422825622719
0.823070868378246
0.785163564834485
0.654311059362927
0.578315758047366
0.67171099809345
0.719878828426564
0.462899003125468
0.534050115843976
0.511701413191596
0.357040093758133
0.432626256219101
0.397567428148341
0.296026964598722
0.409914757284722
0.43687372619418
0.407380915034018
0.265020092363856
0.157811768326363
0.100416982473261
