0.373300271176685
0.355147587049253
0.328909227445222
0.437992513652392
0.495444837359212
0.468438483036555
0.443144734117634
0.606936795038603
0.47361409967529
0.672265171359725
0.389642592199343
0.448595745499843
0.450300741159954
0.466313441062012
0.457422074919232
0.460373254131192
0.33673409895978
0.316326520191572
0.492816205993361
0.502721312812457
0.86161159250037
0.624008334950443
0.635304565318759
0.71643110496075
0.595602757354166
0.562659601365115
0.367563007363017
0.370695924329581
0.355051968608992
0.392530306278738
