0.54244091549438
0.508902993765814
0.386232256763769
0.314337745835227
0.401460496769441
0.482014342551274
0.381773780114172
0.28314657045078
0.57122678497356
0.70886201738861
0.94973871094501
0.941557043943093
0.871147277144693
0.760996827271761
0.768167389857577
0.65769350572768
0.756570843069809
0.86096103450733
0.734689016858887
0.842203278347026
0.399344281987383
0.46408977843365
0.510824585375472
0.421225907462745
0.416005124054014
0.280494809611797
0.30535457843886
0.380546300018658
0.489877507275422
0.680157840343644
