0.96832584507995
1.06993775967394
1.06819853290128
0.950941651595366
0.95076995706333
0.751986349375528
0.645137319622171
0.614172294832406
0.710547106082918
0.641203024120437
0.790481975056521
0.851678380776487
1.0136258502829
1.02096589413444
0.971275307619667
0.859461851007959
0.769762250422906
0.562708748146366
0.487050158079188
0.526351284576054
0.659799670463118
0.517643692239809
0.466007056494865
0.465022154817854
0.4044039092162
0.302609144816672
0.470254310203913
0.314713870298315
0.38694394457779
0.36120077365703
