0.584311803489397
0.755521286012078
0.764951778914253
0.750702048291857
0.78291402615804
0.748877525918295
0.593162903964629
0.587850779930239
0.397920630296801
0.199116196890041
0.577644409678718
0.649223156712791
0.653966814486151
0.606303853049716
0.749556173870182
0.651954341167892
0.752912617602934
0.78098310864306
0.783954469941174
0.790005961561193
0.23133482634535
0.244431827218616
0.180255530496472
0.21316163947407
0.238379728492087
0.241251955764106
0.277303626031064
0.348376746630676
0.325978957038753
0.374093153622382
