0.513188934273747
0.520193273940784
0.600169770134342
0.526854685874385
0.411801782523943
0.438425857487166
0.73593417579032
0.710080855160052
0.683908714034626
0.735915557161937
0.172529544249317
0.161110095548805
0.0944152601150688
0.186123752928701
0.333311526905176
0.320170902050462
0.336869885190474
0.374561668071048
0.593801077618347
0.759857715224
0.500371084711606
0.617451435304338
0.739018318872059
0.633205852680931
0.695922126737515
0.577966458921483
0.577995053698052
0.442186984113161
0.434491854971949
0.66018623804741
