0.809965307793453
0.661203224739864
0.732311361810997
0.9106239986763
0.973401754361684
1.01992848814755
0.79296681309409
0.972851702676262
1.00303575642384
1.09490840231828
0.782917334245737
0.842642636936377
0.904392430898021
1.06693813932815
1.05074906851172
0.927283759307927
0.982082899596289
1.08172096614062
1.01704451220179
0.99715225963922
0.356870074797522
0.42728980178396
0.389230100898172
0.547409399313952
0.362016399804603
0.48659211098599
0.427136863669481
0.371893558086928
0.358151982905443
0.365184070541118
