0.717366174486409
0.819251909264307
0.711643618968259
0.688958838599678
0.67206358319981
0.699980915541704
0.715801149259759
0.687917657454935
0.651555431147543
0.564280306061236
0.68439593281696
0.724669611166291
0.786144633536286
0.914054049704493
0.91123966598304
0.809954723765869
0.805446866413768
0.684470977194797
0.740581965705569
0.676625674896132
0.679875335859339
0.761206776381468
0.765265547496265
0.707317802182397
0.791215566744095
0.868541046476921
0.7738354892591
0.554118738242423
0.523402345285749
0.598176191712728
