0.545842827950891
0.510400020467014
0.52509703496271
0.54867734878891
0.52044866785516
0.52097110980771
0.516338001887352
0.525001879006925
0.51940686681894
0.49727056006979
0.579736017586925
0.550362455493556
0.531551292441879
0.565390709754308
0.593963836403926
0.584934872753379
0.558892352102237
0.545646624071741
0.551893588355681
0.552607815717735
0.584669888411397
0.567784506656486
0.567248089865138
0.559104008064567
0.559998735834384
0.54300781663015
0.539103816145895
0.547549526532652
0.548047125705637
0.561101117539204
